Hair-0
-2.023558706415e-02	4.207979597095e-01	9.069286620901e-01
-1.326008389168e-02	5.546968973678e-01	8.319468265615e-01
-4.837578495001e-02	4.608995899978e-01	8.861328068469e-01
-1.089131601879e-03	4.811854391941e-01	8.766181534169e-01
7.375557872232e-03	4.846665580382e-01	8.746678962129e-01
1.288886647022e-02	4.908518391656e-01	8.711477194534e-01
5.535845464174e-02	4.936051491308e-01	8.679224609671e-01
8.290782033816e-02	4.918725993614e-01	8.667108164343e-01

Hair-1
2.045289769082e-02	4.317641867594e-01	-9.017546040958e-01
-1.868331350661e-02	6.798336488494e-01	-7.331283268900e-01
1.594182163025e-02	5.556464824351e-01	-8.312658088004e-01
-1.279014950546e-02	5.421065796686e-01	-8.402123947881e-01
-8.411943322813e-03	5.393437701448e-01	-8.420436668104e-01
-3.646389899295e-02	5.496719612284e-01	-8.345843990332e-01
1.136381548569e-02	6.813838124387e-01	-7.318380721472e-01
-1.988604532977e-02	4.263077183821e-01	-9.043595935517e-01

Hair-2
-1.613546925714e-02	4.092314102640e-01	9.122879476817e-01
-2.477424763692e-02	5.597568304573e-01	8.282865008018e-01
-3.140718918466e-02	4.723180684226e-01	8.808684525564e-01
2.402563172443e-03	4.819672783571e-01	8.761859222124e-01
1.265714681783e-02	4.833940521353e-01	8.753113657406e-01
1.594380100945e-02	4.886741972910e-01	8.723206544106e-01
5.551937439346e-02	4.890218556110e-01	8.705028568602e-01
8.280341987239e-02	4.881704658992e-01	8.688113661096e-01

Hair-3
1.829984243069e-02	4.209211036882e-01	-9.069126420097e-01
-9.239784101830e-03	6.758987108626e-01	-7.369366044946e-01
2.467978115546e-02	5.533740964016e-01	-8.325671251220e-01
3.785874259585e-03	5.399159420272e-01	-8.417104268696e-01
-4.471998604979e-04	5.398947971924e-01	-8.417323850113e-01
-3.434577162412e-02	5.507087062069e-01	-8.339905808098e-01
1.234494732678e-02	6.768926529686e-01	-7.359782188574e-01
-1.106278693082e-02	4.260128220846e-01	-9.046494846982e-01

Hair-4
-1.646703048207e-02	4.091589679815e-01	9.123145158482e-01
-2.519753194773e-02	5.607875829442e-01	8.275762026541e-01
-2.700873304653e-02	4.775405894125e-01	8.781944624073e-01
2.077978648435e-03	4.817663683300e-01	8.762972374434e-01
1.606825557536e-02	4.823379323278e-01	8.758378446953e-01
1.413933398514e-02	4.899290950076e-01	8.716476129144e-01
5.442087203372e-02	4.879709756820e-01	8.711616931311e-01
8.164511705058e-02	4.873775669013e-01	8.693659655997e-01

Hair-5
2.027918695324e-02	4.110976014550e-01	-9.113657425285e-01
-9.757727549268e-03	6.643139617069e-01	-7.473899564714e-01
3.027179326701e-02	5.495906511948e-01	-8.348854619957e-01
6.891897815637e-03	5.390193862839e-01	-8.422651619025e-01
-5.945994267529e-03	5.392167568177e-01	-8.421460290942e-01
-4.141023643213e-02	5.466981896771e-01	-8.363051367309e-01
1.523818053216e-02	6.628537529718e-01	-7.485938151129e-01
-1.593186967694e-02	4.139571688284e-01	-9.101569303720e-01

Hair-6
-1.627844107964e-02	4.050924791096e-01	9.141307869910e-01
-2.474551222120e-02	5.567283163729e-01	8.303259850044e-01
-2.771775410210e-02	4.765109207663e-01	8.787315110419e-01
9.299970353175e-04	4.813811473359e-01	8.765108819034e-01
1.808387663006e-02	4.818801607298e-01	8.760505031681e-01
1.695794090353e-02	4.886661116995e-01	8.723060583974e-01
5.613950913005e-02	4.818578749372e-01	8.744491659757e-01
8.190769024436e-02	4.802930980092e-01	8.732752545925e-01

Hair-7
2.122854224616e-02	4.102497226376e-01	-9.117261179049e-01
-1.089292810832e-02	6.588923105356e-01	-7.521584056794e-01
3.264315723616e-02	5.478843622892e-01	-8.359169515237e-01
1.087221064039e-02	5.384850993104e-01	-8.425648894041e-01
-7.582966122678e-03	5.389736789075e-01	-8.422884731906e-01
-4.228647548652e-02	5.451489287482e-01	-8.372720582198e-01
1.407005654969e-02	6.609600497899e-01	-7.502891749789e-01
-1.689189275302e-02	4.085990360241e-01	-9.125576648735e-01

Hair-8
-1.501734677199e-02	4.077296438861e-01	9.129791984445e-01
-2.273791691369e-02	5.586719465018e-01	8.290769827503e-01
-2.827875255254e-02	4.743502884308e-01	8.798818761741e-01
1.314732308178e-03	4.815633134397e-01	8.764103186453e-01
1.224628566464e-02	4.830801010388e-01	8.754905164922e-01
1.209728922884e-02	4.927511986747e-01	8.700861519401e-01
5.901867054075e-02	4.871992629372e-01	8.712942526615e-01
8.367009555960e-02	4.811416937279e-01	8.726408113684e-01

Hair-9
2.226341770055e-02	4.220072408890e-01	-9.063190546764e-01
-1.582325019001e-02	6.676942357392e-01	-7.442674467650e-01
2.512942802847e-02	5.528387003280e-01	-8.329092887383e-01
1.952029343223e-03	5.399011713684e-01	-8.417261518668e-01
-7.443144515403e-03	5.390433841206e-01	-8.422451125626e-01
-3.486733422740e-02	5.514550579628e-01	-8.334756073522e-01
1.383561221129e-02	6.749114843656e-01	-7.377689774626e-01
-1.620405542125e-02	4.188676906209e-01	-9.079026855021e-01

Hair-10
-1.565658610115e-02	4.101328657699e-01	9.118913881198e-01
-2.450678694966e-02	5.618693441957e-01	8.268629012397e-01
-2.655717384455e-02	4.762798724014e-01	8.788925984799e-01
3.424440494098e-03	4.821119354196e-01	8.761029362656e-01
1.353123082173e-02	4.831303357275e-01	8.754438785509e-01
1.249257536020e-02	4.911830951701e-01	8.709667631890e-01
5.651363142173e-02	4.921014550066e-01	8.687015410622e-01
8.474028356740e-02	4.884747196033e-01	8.684535293552e-01

Hair-11
1.599907248323e-02	4.098037549898e-01	-9.120333941671e-01
-9.615723667064e-03	6.628106774349e-01	-7.487252792157e-01
3.109685817429e-02	5.501445203797e-01	-8.344902588454e-01
5.910988773628e-03	5.389266352051e-01	-8.423319666724e-01
-9.571810117819e-03	5.385590556325e-01	-8.425333963988e-01
-3.949970113046e-02	5.480325071653e-01	-8.355238744050e-01
1.201367675778e-02	6.673556380347e-01	-7.446422791878e-01
-1.324458820635e-02	4.105427436525e-01	-9.117451598542e-01

Hair-12
-1.621562863109e-02	4.098792319442e-01	9.119956516393e-01
-2.524120536260e-02	5.613229121820e-01	8.272118651297e-01
-2.851275344720e-02	4.760598096508e-01	8.789505563603e-01
2.569260631380e-03	4.819141829295e-01	8.762146536044e-01
1.374295719540e-02	4.828171944781e-01	8.756133209607e-01
1.417942811358e-02	4.891173675983e-01	8.721027144391e-01
5.365644802988e-02	4.931833027945e-01	8.682690916009e-01
8.499801055633e-02	4.919057038837e-01	8.664895363986e-01

Hair-13
1.524290861133e-02	4.181356224845e-01	-9.082567120294e-01
-9.764062187241e-03	6.729358110177e-01	-7.396364359194e-01
2.415462063371e-02	5.529908753051e-01	-8.328371066009e-01
8.566337976168e-04	5.401415520866e-01	-8.415737459593e-01
-8.629824490206e-03	5.385402376735e-01	-8.425555996703e-01
-3.380055638460e-02	5.522738210160e-01	-8.329772800074e-01
1.587305837710e-02	6.750488955696e-01	-7.376022197689e-01
-1.829684467240e-02	4.212525829974e-01	-9.067587809297e-01

Hair-14
-1.628870935234e-02	4.089162847086e-01	9.124265176154e-01
-2.539384896327e-02	5.604196003468e-01	8.278194392390e-01
-2.776951090371e-02	4.765845410318e-01	8.786899507299e-01
9.130756366500e-03	4.835948174353e-01	8.752443555019e-01
1.674226665764e-02	4.819786876448e-01	8.760229683994e-01
2.471312763816e-02	4.845380406096e-01	8.744210361860e-01
4.930808801988e-02	4.780128923060e-01	8.769677230350e-01
7.991919446436e-02	5.017341567742e-01	8.613220990328e-01

Hair-15
8.308233338877e-03	3.636519178098e-01	-9.314978561070e-01
-2.412199799107e-04	6.237252612054e-01	-7.816436146654e-01
5.685183785423e-02	5.354459125723e-01	-8.426538691789e-01
3.027652373864e-03	5.406520522554e-01	-8.412408642673e-01

Hair-16
-1.185880884420e-01	9.929358201715e-01	3.914370956689e-03
-4.878142609690e-01	8.712931243203e-01	-5.371720680996e-02
-8.377809665014e-01	4.210425353677e-01	-3.476294515415e-01
-7.837816835171e-01	-1.008289200455e-01	-6.127967048423e-01

Hair-17
-6.935659606932e-02	9.975909871604e-01	-1.372923186413e-03
-4.684834025814e-01	8.821943548969e-01	-4.750180726803e-02
-8.225377892066e-01	4.843164437965e-01	-2.981093215506e-01
-8.087526364677e-01	-3.117005715448e-02	-5.873223991502e-01
-6.683020992796e-01	-3.453698681147e-01	-6.588565536571e-01
-5.721985326548e-01	-5.149996697736e-01	-6.382508749393e-01
-6.000235194174e-01	-3.590906432050e-01	-7.148606060685e-01
-4.378002117355e-01	-7.290575330010e-03	-8.990427254117e-01
-1.048112815785e-01	1.664266980599e-01	-9.804676177349e-01
1.026915405934e-01	1.593831454982e-01	-9.818612225878e-01
4.423915088215e-01	-1.228574670335e-02	-8.967378732665e-01
5.741120940239e-01	-3.186174960843e-01	-7.542401439093e-01
5.239504272558e-01	-5.696183747915e-01	-6.332541803086e-01
6.327495294550e-01	-3.794696785505e-01	-6.750042933458e-01
8.025062775807e-01	3.455242552608e-03	-5.966336696353e-01
8.079417240498e-01	4.866637253977e-01	-3.322477824176e-01
4.624526766471e-01	8.829756306040e-01	-8.057020306212e-02
6.496772477608e-02	9.973973504526e-01	-3.126851527735e-02
-2.888574484484e-02	9.991388474681e-01	-2.978552038915e-02
-4.084366838017e-01	9.105142386099e-01	-6.436844423903e-02
-8.043054790432e-01	5.023968419513e-01	-3.173170489878e-01
-7.949093347295e-01	-9.137835908553e-03	-6.066594180549e-01
-6.556542012111e-01	-3.246345218405e-01	-6.817110793171e-01
-5.550490947836e-01	-5.013710294463e-01	-6.637375936406e-01
-5.745871901790e-01	-3.621166991008e-01	-7.339761965586e-01
-4.177686798259e-01	-2.878738878209e-02	-9.080972505209e-01
-9.880968680512e-02	1.373606834793e-01	-9.855803815152e-01
9.677133652977e-02	1.298158465785e-01	-9.868045168134e-01
4.238367431606e-01	-3.506784740274e-02	-9.050594793855e-01
5.483187488983e-01	-3.250917682785e-01	-7.704945761030e-01
4.988851199159e-01	-5.712224723568e-01	-6.517810400749e-01
6.126884332254e-01	-3.721915436973e-01	-6.971989232579e-01
7.838228712502e-01	9.672086600030e-03	-6.209091376731e-01
7.922508702274e-01	4.931342395278e-01	-3.593844465600e-01
4.513214873741e-01	8.856533901029e-01	-1.092107487099e-01
6.060722240804e-02	9.962502771835e-01	-6.174260930537e-02
-3.170847188075e-02	9.976703895975e-01	-6.040170967220e-02
-4.037842203839e-01	9.099820356202e-01	-9.429208989891e-02
-7.895241410069e-01	5.068977121162e-01	-3.459860404969e-01
-7.746652332080e-01	-5.479271692379e-03	-6.323478109716e-01
-6.328891149716e-01	-3.228718419548e-01	-7.037081368175e-01
-5.286095946891e-01	-5.065067997767e-01	-6.811921595134e-01
-5.499076277941e-01	-3.784067877882e-01	-7.445870693543e-01
-4.025081952932e-01	-5.447218915743e-02	-9.137942510928e-01
-9.911843543807e-02	1.059449831181e-01	-9.894196259972e-01
8.928446515730e-02	1.014982330634e-01	-9.908210701063e-01
4.042920829987e-01	-5.785578021183e-02	-9.127982363702e-01
5.221625049345e-01	-3.321573098723e-01	-7.855048312639e-01
4.739305773804e-01	-5.712765631717e-01	-6.700991689255e-01
5.928604722389e-01	-3.632847307766e-01	-7.187076351628e-01
7.648705283722e-01	1.806619730282e-02	-6.439306541411e-01
7.751561393617e-01	5.019117898316e-01	-3.836893467871e-01
4.381358721744e-01	8.883635152797e-01	-1.372851857772e-01
5.117396632909e-02	9.944553725526e-01	-9.186804216583e-02
-4.118609361212e-02	9.949730347198e-01	-9.128179376744e-02
-4.075047059454e-01	9.044064977120e-01	-1.264468328144e-01
-7.762031038991e-01	5.022917298119e-01	-3.810666079047e-01
-7.506618583914e-01	-1.217417413689e-02	-6.605744196080e-01
-6.037549185634e-01	-3.302298127266e-01	-7.255537671993e-01
-4.980427859279e-01	-5.182428300995e-01	-6.952537324141e-01
-5.245262900214e-01	-3.960589263000e-01	-7.536640484821e-01
-3.870986315494e-01	-8.059157635367e-02	-9.185094704321e-01
-9.903186645213e-02	7.473350992848e-02	-9.922739500364e-01
8.404471778149e-02	7.191614811386e-02	-9.938634478909e-01
3.865439385150e-01	-8.204596947895e-02	-9.186143056199e-01
4.957199413218e-01	-3.449855845297e-01	-7.970236422106e-01
4.433670046739e-01	-5.787445148661e-01	-6.844563431505e-01
5.674914125105e-01	-3.622151058880e-01	-7.394279638973e-01
7.431346043541e-01	1.911511291194e-02	-6.688688752438e-01
7.587969183256e-01	5.043287140847e-01	-4.121647545451e-01
4.321258423889e-01	8.861866579553e-01	-1.671540116232e-01
5.457845471699e-02	9.909874553591e-01	-1.223317440471e-01
-3.850032948110e-02	9.918377722276e-01	-1.215547539687e-01
-4.024139396942e-01	9.018890848135e-01	-1.570321617821e-01
-7.587368656059e-01	5.096378293137e-01	-4.056940370562e-01
-7.303924335560e-01	-4.309920345948e-03	-6.830141415745e-01
-5.830036731096e-01	-3.211697274650e-01	-7.462953324930e-01
-4.737150921273e-01	-5.153903748424e-01	-7.141195789297e-01
-4.980626430291e-01	-4.042696584776e-01	-7.671373063887e-01
-3.662270479135e-01	-1.022723508329e-01	-9.248881638510e-01
-9.459951231299e-02	4.457542872029e-02	-9.945169497925e-01
7.800024307441e-02	4.184624480610e-02	-9.960747230384e-01
3.658015965597e-01	-1.034827398023e-01	-9.249218964417e-01
4.690047326741e-01	-3.474614175218e-01	-8.119760612623e-01
4.252287549861e-01	-5.655398802295e-01	-7.066435804583e-01
5.555047394128e-01	-3.376090260313e-01	-7.598911961802e-01
7.277949096878e-01	4.555054527908e-02	-6.842804375819e-01
7.367140894005e-01	5.261873867338e-01	-4.247107068596e-01
4.168530345308e-01	8.879247434990e-01	-1.944818692954e-01
4.857735963408e-02	9.871034397504e-01	-1.525353708615e-01
-3.972154718834e-02	9.876073442893e-01	-1.518352139484e-01
-3.940126979251e-01	8.999752287994e-01	-1.865437788327e-01
-7.378164595629e-01	5.269739439729e-01	-4.218119656573e-01
-7.137824090282e-01	1.644986957905e-02	-7.001743171188e-01
-5.676330480851e-01	-3.012185808493e-01	-7.661984659817e-01
-4.533294004252e-01	-5.042925895052e-01	-7.349703659878e-01
-4.715424221686e-01	-4.125902106086e-01	-7.793696569698e-01
-3.449727595097e-01	-1.232860526699e-01	-9.304807060941e-01
-9.007164798852e-02	1.400479050514e-02	-9.958368159852e-01
7.132983369479e-02	1.209367060565e-02	-9.973794653773e-01
3.440119399113e-01	-1.250151835001e-01	-9.306057108641e-01
4.419044700942e-01	-3.528702705189e-01	-8.247442097370e-01
4.039842148749e-01	-5.551590386959e-01	-7.270455253188e-01
5.402706607516e-01	-3.163401089992e-01	-7.797669835081e-01
7.100198439502e-01	6.638005337884e-02	-7.010460111222e-01
7.152452773145e-01	5.430534101565e-01	-4.399058842488e-01
4.037790940993e-01	8.873838956544e-01	-2.225135162223e-01
4.390350507915e-02	9.822205275988e-01	-1.825248405156e-01
-4.371756277856e-02	9.822446071669e-01	-1.824398706320e-01
-3.881138813315e-01	8.958098765411e-01	-2.165462542028e-01
-7.178928694612e-01	5.372254528465e-01	-4.427399245502e-01
-6.938668948464e-01	2.954185713766e-02	-7.194970541378e-01
-5.469805490015e-01	-2.898933524067e-01	-7.853496821444e-01
-4.280230022877e-01	-5.008523048092e-01	-7.522920166265e-01
-4.446215479083e-01	-4.257396835102e-01	-7.880719516772e-01
-3.283212598631e-01	-1.480516041261e-01	-9.328911366487e-01
-9.099816108787e-02	-1.838827012094e-02	-9.956812774179e-01
6.179445445456e-02	-1.646842663072e-02	-9.979530231043e-01
3.201791414677e-01	-1.452817905235e-01	-9.361509059501e-01
4.139667339685e-01	-3.565528377227e-01	-8.375569336345e-01
3.805365836316e-01	-5.478354484463e-01	-7.450290128200e-01
5.216120463619e-01	-2.998628898183e-01	-7.987509752107e-01
6.903360002702e-01	8.217157032911e-02	-7.188073731957e-01
6.940186573560e-01	5.554741534964e-01	-4.580246369348e-01
3.927506496504e-01	8.846224075893e-01	-2.513764571118e-01
3.789131880381e-02	9.764657894243e-01	-2.123177101499e-01
-4.884356061918e-02	9.758905985804e-01	-2.127248132878e-01
-3.854257846375e-01	8.890118025323e-01	-2.471942141207e-01
-6.973151143110e-01	5.471661827912e-01	-4.629911443679e-01
-6.734997762163e-01	4.349453579342e-02	-7.379066856945e-01
-5.260411517601e-01	-2.771426005993e-01	-8.040352514585e-01
-4.025462713197e-01	-4.968732720268e-01	-7.688130143227e-01
-4.172238779711e-01	-4.398042083902e-01	-7.952964817809e-01
-3.149138339788e-01	-1.761156790960e-01	-9.326374133313e-01
-9.733925463652e-02	-5.207195704483e-02	-9.938881128157e-01
4.982129846238e-02	-4.479610454048e-02	-9.977530492249e-01
2.942014314051e-01	-1.640727759116e-01	-9.415549065051e-01
3.865478112704e-01	-3.657646144222e-01	-8.466386693500e-01
3.551773594148e-01	-5.428503860761e-01	-7.610272673802e-01
5.021401514004e-01	-2.850251235638e-01	-8.164655211881e-01
6.695683797021e-01	9.664274211996e-02	-7.364362601737e-01
6.728921317953e-01	5.661082361651e-01	-4.761697637545e-01
4.328000073118e-01	8.522283787105e-01	-2.939233644870e-01
8.666324225340e-02	9.653964450745e-01	-2.459658233974e-01

Hair-18
-1.672609410834e-02	9.997767800677e-01	1.290843961957e-02
-4.453388332089e-01	8.943756602862e-01	-4.201787624106e-02
-8.241887462056e-01	4.771966304358e-01	-3.049529251027e-01
-8.068887688238e-01	-3.730633638804e-02	-5.895241742383e-01
-6.651190419161e-01	-3.507665106935e-01	-6.592264520303e-01
-5.676290165527e-01	-5.231133610935e-01	-6.357277019392e-01
-6.011623137431e-01	-3.638544280924e-01	-7.114870537773e-01
-4.305141489808e-01	-1.023773090871e-03	-9.025832479146e-01
-8.653803303814e-02	1.692027613393e-01	-9.817747167212e-01
1.272984795164e-01	1.564032536847e-01	-9.794555218843e-01
4.632032757744e-01	-3.229513993510e-02	-8.856634514580e-01
5.755842309592e-01	-3.455125373523e-01	-7.411638682528e-01
5.100936565523e-01	-5.960904450473e-01	-6.200650311607e-01
6.163683879631e-01	-4.068968124623e-01	-6.741846885890e-01
7.947007801910e-01	-2.414017540437e-02	-6.065211636004e-01
8.144059241600e-01	4.621287742256e-01	-3.509700652846e-01
4.685604140064e-01	8.795413010591e-01	-8.281448036064e-02
6.522829558551e-02	9.973642346232e-01	-3.177818354524e-02
-1.777314613273e-02	9.994231452882e-01	-2.893945298158e-02
-3.996224233151e-01	9.147143587346e-01	-5.999633912590e-02
-8.040736786688e-01	4.998363300701e-01	-3.219148372071e-01
-7.944466698240e-01	-1.274668617284e-02	-6.072001406432e-01
-6.534753416920e-01	-3.282936783144e-01	-6.820507595328e-01
-5.516250475801e-01	-5.068467979992e-01	-6.624319815953e-01
-5.751533111783e-01	-3.686046079685e-01	-7.302939898596e-01
-4.192484209799e-01	-3.024254210435e-02	-9.073677039398e-01
-9.748803073099e-02	1.370616638615e-01	-9.857536123006e-01
1.062687442473e-01	1.305756259939e-01	-9.857266151892e-01
4.320845127309e-01	-4.421758907073e-02	-9.007484547169e-01
5.495860675738e-01	-3.365419411719e-01	-7.646533045512e-01
4.946264850657e-01	-5.800227381232e-01	-6.472389539665e-01
6.073796619571e-01	-3.806040093342e-01	-6.973023263403e-01
7.815211422112e-01	1.371503585930e-03	-6.238772501501e-01
7.942268798771e-01	4.857365649683e-01	-3.650529451101e-01
4.516106010654e-01	8.854809638963e-01	-1.094135621511e-01
5.071635066421e-02	9.968324765930e-01	-6.126063487155e-02
-3.059654984748e-02	9.977335075175e-01	-5.993078603059e-02
-4.060771045287e-01	9.090109734766e-01	-9.381063520027e-02
-7.901109893569e-01	5.029246544498e-01	-3.504160619092e-01
-7.736280927988e-01	-9.898771611177e-03	-6.335626159686e-01
-6.301275022332e-01	-3.270433349364e-01	-7.042598866917e-01
-5.255094099235e-01	-5.119435778570e-01	-6.795245640687e-01
-5.505272756459e-01	-3.847665363551e-01	-7.408606017810e-01
-4.045864933186e-01	-5.724768338484e-02	-9.127061258539e-01
-1.001554573271e-01	1.059685362287e-01	-9.893126673085e-01
9.542990546859e-02	1.011975450025e-01	-9.902788445825e-01
4.092770215349e-01	-6.319194420985e-02	-9.102192581079e-01
5.231226838047e-01	-3.405883604756e-01	-7.812440248716e-01
4.708772913816e-01	-5.777812034612e-01	-6.666659263740e-01
5.887181692248e-01	-3.695379262284e-01	-7.189246402116e-01
7.630482042602e-01	1.171245565497e-02	-6.462354496295e-01
7.767776708505e-01	4.960255121198e-01	-3.880401285878e-01
4.389220824896e-01	8.879452305957e-01	-1.374797183781e-01
4.119071034927e-02	9.949877867611e-01	-9.111876632849e-02
-4.249152924415e-02	9.949287184242e-01	-9.116641485421e-02
-4.105008831544e-01	9.030446513130e-01	-1.264886661499e-01
-7.777600524143e-01	4.959996341786e-01	-3.861005876235e-01
-7.484118395646e-01	-1.869230775034e-02	-6.629708259271e-01
-5.999075900449e-01	-3.363304408696e-01	-7.259426409510e-01
-4.945682195298e-01	-5.251308749367e-01	-6.925603514635e-01
-5.252393502206e-01	-4.036256303837e-01	-7.491394899998e-01
-3.882152029831e-01	-8.289778789955e-02	-9.178327260096e-01
-9.915494304184e-02	7.513331097863e-02	-9.922314663685e-01
8.913986351158e-02	7.143127025853e-02	-9.934544067859e-01
3.906518482608e-01	-8.673207260559e-02	-9.164434958207e-01
4.965849888939e-01	-3.537312875255e-01	-7.926395934035e-01
4.399324753297e-01	-5.864757190085e-01	-6.800776780367e-01
5.623864954685e-01	-3.702200794575e-01	-7.393635928832e-01
7.404073116384e-01	1.075434193701e-02	-6.720724343417e-01
7.613421905155e-01	4.960756666286e-01	-4.174529936653e-01
4.346621946006e-01	8.847345992923e-01	-1.682660554004e-01
5.013168259114e-02	9.912322981006e-01	-1.222511578788e-01
-3.660694318802e-02	9.919803778299e-01	-1.209746325095e-01
-4.056145988721e-01	9.004549124623e-01	-1.570278567782e-01
-7.617454480247e-01	4.984624129285e-01	-4.138587866787e-01
-7.262084955465e-01	-1.603798647766e-02	-6.872874245800e-01
-5.760295496344e-01	-3.326194880577e-01	-7.466955431180e-01
-4.678763136320e-01	-5.267194056513e-01	-7.096889620478e-01
-4.988825403703e-01	-4.155299763103e-01	-7.605596950281e-01
-3.728211757629e-01	-1.086673694198e-01	-9.215181895796e-01
-1.023145214135e-01	4.272919875983e-02	-9.938339671601e-01
7.611727579597e-02	4.363212579943e-02	-9.961437636825e-01
3.645596541851e-01	-1.047629991548e-01	-9.252680544299e-01
4.696054238899e-01	-3.527905592121e-01	-8.093266134163e-01
4.237356245292e-01	-5.693638010888e-01	-7.044664523698e-01
5.533849317818e-01	-3.400503227633e-01	-7.603491929801e-01
7.269428394218e-01	4.284381872649e-02	-6.853601355567e-01
7.375234092668e-01	5.232621109948e-01	-4.269144925868e-01
4.192734641501e-01	8.866506260316e-01	-1.950908240216e-01
4.411408374934e-02	9.873691377881e-01	-1.521713946790e-01
-3.434006236505e-02	9.879686231243e-01	-1.507937659142e-01
-3.968638379257e-01	8.986815386613e-01	-1.867366761412e-01
-7.399749980585e-01	5.184728344338e-01	-4.285124527975e-01
-7.106548982384e-01	7.155681199958e-03	-7.035043794010e-01
-5.620528558889e-01	-3.103726609712e-01	-7.666585931879e-01
-4.486226184994e-01	-5.136481013166e-01	-7.313708868861e-01
-4.723616373875e-01	-4.217784156910e-01	-7.739363356128e-01
-3.502866901527e-01	-1.286372103203e-01	-9.277670520249e-01
-9.516189010532e-02	1.321374011481e-02	-9.953741064262e-01
7.340085019565e-02	1.329671411789e-02	-9.972138750460e-01
3.460370108098e-01	-1.288029116823e-01	-9.293375044041e-01
4.425838559134e-01	-3.594738560923e-01	-8.215218057185e-01
4.010893409767e-01	-5.610326826140e-01	-7.241337373675e-01
5.369696138991e-01	-3.209296097300e-01	-7.801716601797e-01
7.087970472521e-01	6.131478646619e-02	-7.027426575692e-01
7.160847999674e-01	5.389246481270e-01	-4.436020546580e-01
4.062205958024e-01	8.861427743031e-01	-2.230152709935e-01
3.512130281982e-02	9.827451846368e-01	-1.815995489021e-01
-4.041438319919e-02	9.825006815674e-01	-1.818215838403e-01
-3.911785492737e-01	8.944128126409e-01	-2.168065109073e-01
-7.204597363544e-01	5.273579519192e-01	-4.503680259962e-01
-6.902436985269e-01	1.874316457991e-02	-7.233341761768e-01
-5.406759901859e-01	-3.000476034151e-01	-7.859013356149e-01
-4.230759521072e-01	-5.113831406892e-01	-7.479933302961e-01
-4.455220003086e-01	-4.364353258057e-01	-7.816868641789e-01
-3.348227316079e-01	-1.554629871837e-01	-9.293680638017e-01
-9.870695195749e-02	-1.868912737349e-02	-9.949410304904e-01
5.935324225303e-02	-1.517027852380e-02	-9.981217637561e-01
3.194901278411e-01	-1.463841849635e-01	-9.362145740185e-01
4.142863510321e-01	-3.599053422147e-01	-8.359634944146e-01
3.789603066170e-01	-5.500681681500e-01	-7.441868692720e-01
5.208127872797e-01	-2.998946792479e-01	-7.992604218681e-01
6.904141725120e-01	8.147166199404e-02	-7.188119633719e-01
6.930570511283e-01	5.564978638823e-01	-4.582379855225e-01
3.830738048323e-01	8.900187258067e-01	-2.472268750859e-01
1.838446542315e-02	9.773958618681e-01	-2.106165725536e-01
-5.834683161314e-02	9.751795784518e-01	-2.135894122173e-01
-3.962416220659e-01	8.833637468795e-01	-2.503219280078e-01
-7.044872484771e-01	5.201208965341e-01	-4.828788354460e-01
-6.631739076999e-01	1.322645672442e-02	-7.483484676196e-01
-5.090857873128e-01	-3.064137911390e-01	-8.043272031679e-01
-3.885956143241e-01	-5.253519198852e-01	-7.569668478876e-01
-4.173501231467e-01	-4.664867974653e-01	-7.798775176270e-01
-3.298915194590e-01	-1.926292892951e-01	-9.241566654495e-01
-1.155052150851e-01	-5.488031087457e-02	-9.917896434055e-01
3.583735353597e-02	-4.241787675705e-02	-9.984570135078e-01
2.908216055560e-01	-1.619496962261e-01	-9.429714150673e-01
3.881158825876e-01	-3.721480221569e-01	-8.431322027345e-01
3.506188272105e-01	-5.508540912416e-01	-7.573811511835e-01
4.988694525587e-01	-2.904446960391e-01	-8.165605598157e-01
6.681368364575e-01	9.003915366574e-02	-7.385703206708e-01
6.735603127395e-01	5.613987011351e-01	-4.807785388992e-01
4.137712763512e-01	8.631083680645e-01	-2.895466729971e-01
4.872026116299e-02	9.697005362595e-01	-2.393892356190e-01

Hair-19
-9.174823225959e-02	9.957793322584e-01	-2.404854300258e-03
-4.874331455085e-01	8.715505959424e-01	-5.299516366709e-02
-8.253984975815e-01	4.750582187627e-01	-3.050196862108e-01
-8.050085458875e-01	-4.292547537197e-02	-5.917082428124e-01
-6.619161038128e-01	-3.563541845431e-01	-6.594533847603e-01
-5.674917335460e-01	-5.239779589085e-01	-6.351379621271e-01
-6.004101703372e-01	-3.637153372012e-01	-7.121929379321e-01
-4.390546720418e-01	-9.775029110545e-03	-8.984071703655e-01
-1.100193339252e-01	1.653125954973e-01	-9.800854513422e-01
9.556655400022e-02	1.619178536404e-01	-9.821657917220e-01
4.341235694266e-01	-6.901234409047e-03	-9.008268975957e-01
5.727123212697e-01	-3.070466135996e-01	-7.600808997356e-01
5.292610994097e-01	-5.603263712307e-01	-6.371161953325e-01
6.378676460351e-01	-3.699733535864e-01	-6.754587950257e-01
8.048582634542e-01	1.251078903433e-02	-5.933351969227e-01
8.063493060584e-01	4.930726427494e-01	-3.266192976407e-01
4.608477835821e-01	8.838455357693e-01	-8.022711055512e-02
5.641853629118e-02	9.979331568426e-01	-3.076301735878e-02
-3.650415250752e-02	9.988753098798e-01	-3.025825775281e-02
-4.204494615336e-01	9.048137911355e-01	-6.733686707148e-02
-8.045931313357e-01	5.014340169506e-01	-3.181097603849e-01
-7.948841082653e-01	-9.620942835130e-03	-6.066850021933e-01
-6.555836910405e-01	-3.245748465662e-01	-6.818072990357e-01
-5.561016786905e-01	-4.994209234797e-01	-6.643264740685e-01
-5.741475415912e-01	-3.578783591275e-01	-7.363950573931e-01
-4.157827443984e-01	-2.822077428279e-02	-9.090260157770e-01
-1.004849638356e-01	1.370429421924e-01	-9.854552268055e-01
8.848758352503e-02	1.330131913514e-01	-9.871562381348e-01
4.139083852351e-01	-2.896774185028e-02	-9.098575265195e-01
5.470436722334e-01	-3.125808149595e-01	-7.765542188339e-01
5.058280654155e-01	-5.590668475221e-01	-6.569491823875e-01
6.193991218874e-01	-3.595842430308e-01	-6.978853057409e-01
7.872501361097e-01	2.265706035513e-02	-6.162173973618e-01
7.899730233357e-01	5.024774737914e-01	-3.513673444332e-01
4.525442929375e-01	8.849678439013e-01	-1.097067827910e-01
5.436883633476e-02	9.966419290852e-01	-6.122821918882e-02
-3.649753959750e-02	9.974982803695e-01	-6.054015413994e-02
-4.160903237348e-01	9.040348130387e-01	-9.792803126992e-02
-7.894934345296e-01	5.073422356582e-01	-3.454040717073e-01
-7.752767780651e-01	-3.505888603427e-03	-6.316119268491e-01
-6.341857845316e-01	-3.204537389669e-01	-7.036460700382e-01
-5.307845899195e-01	-5.020963460658e-01	-6.827642187251e-01
-5.493106212947e-01	-3.719147048777e-01	-7.482895787251e-01
-3.988879648178e-01	-5.179008079200e-02	-9.155360064220e-01
-9.768594765091e-02	1.060087397731e-01	-9.895552550127e-01
8.431087801356e-02	1.033890727175e-01	-9.910612370036e-01
3.973627367937e-01	-5.370470157215e-02	-9.160887841453e-01
5.211576991361e-01	-3.204584229968e-01	-7.910126748426e-01
4.808348214168e-01	-5.600896176330e-01	-6.746091421948e-01
5.990859918746e-01	-3.515443490568e-01	-7.193834478120e-01
7.681607850070e-01	3.038430053830e-02	-6.395356148474e-01
7.731154576357e-01	5.104641940828e-01	-3.764555693892e-01
4.419187624473e-01	8.862894041710e-01	-1.385600932854e-01
4.944920415224e-02	9.945589601061e-01	-9.169106325780e-02
-4.247655738867e-02	9.949171653836e-01	-9.129937621596e-02
-4.148579668473e-01	9.007010446623e-01	-1.289592784082e-01
-7.752719181168e-01	5.059264328782e-01	-3.781426946202e-01
-7.523292884860e-01	-6.771500213765e-03	-6.587524485503e-01
-6.067590618899e-01	-3.251051978268e-01	-7.253620138665e-01
-5.013929679694e-01	-5.120843340341e-01	-6.974057115537e-01
-5.242975360594e-01	-3.883030842559e-01	-7.578474836268e-01
-3.823461222854e-01	-7.705019956559e-02	-9.208011237614e-01
-9.552141264104e-02	7.570762764663e-02	-9.925442130420e-01
8.340133871756e-02	7.188386839849e-02	-9.939199797590e-01
3.840332789288e-01	-8.025592662732e-02	-9.198246718350e-01
4.951680153031e-01	-3.364010562230e-01	-8.010261955722e-01
4.469145444576e-01	-5.735125683725e-01	-6.865498699083e-01
5.705695486914e-01	-3.566899724205e-01	-7.397449923324e-01
7.450567323046e-01	2.568142412852e-02	-6.665065116728e-01
7.577910175434e-01	5.081169437794e-01	-4.093530813062e-01
4.404270238330e-01	8.815623676687e-01	-1.699171227036e-01
5.617408110376e-02	9.908990952530e-01	-1.223252044303e-01
-3.795993119539e-02	9.918584006174e-01	-1.215563932846e-01
-4.054988212874e-01	9.003204349939e-01	-1.580943397689e-01
-7.575091739813e-01	5.143951463160e-01	-4.019670195186e-01
-7.324526841822e-01	1.680901368715e-03	-6.808158635085e-01
-5.859022342028e-01	-3.155038981448e-01	-7.464421358763e-01
-4.771517460466e-01	-5.099909226546e-01	-7.157062735889e-01
-4.983204678689e-01	-3.964423062700e-01	-7.710448813800e-01
-3.662632512493e-01	-1.027631285018e-01	-9.248194257285e-01
-9.742778325296e-02	4.382967195600e-02	-9.942770171872e-01
7.090434189483e-02	4.365162488599e-02	-9.965275259346e-01
3.580859598843e-01	-9.812002634852e-02	-9.285186620435e-01
4.681783664611e-01	-3.372338181667e-01	-8.167511059451e-01
4.297718640652e-01	-5.575856319190e-01	-7.102072992693e-01
5.598591619624e-01	-3.299251921267e-01	-7.600704482921e-01
7.300014299723e-01	5.435338584365e-02	-6.812808684278e-01
7.355203675964e-01	5.312066498899e-01	-4.205107417933e-01
4.255983030208e-01	8.830972193179e-01	-1.974978118834e-01
4.805726961258e-02	9.871397143609e-01	-1.524653507156e-01
-3.965462134329e-02	9.875910660502e-01	-1.519585379764e-01
-3.969097698603e-01	8.985101763811e-01	-1.874622562784e-01
-7.358878591596e-01	5.346829528682e-01	-4.154313404808e-01
-7.171233583881e-01	2.672153416034e-02	-6.964338076704e-01
-5.725425285113e-01	-2.913044080912e-01	-7.663790151567e-01
-4.585554473737e-01	-4.943724487598e-01	-7.384597372851e-01
-4.712009875510e-01	-4.026255533992e-01	-7.847689424798e-01
-3.415494714526e-01	-1.212352237134e-01	-9.320117912782e-01
-8.835932211275e-02	1.475189188433e-02	-9.959794234228e-01
6.750442192416e-02	1.308996309395e-02	-9.976331018400e-01
3.380781662898e-01	-1.212732980277e-01	-9.332716328399e-01
4.409417972883e-01	-3.441447103288e-01	-8.289359141435e-01
4.074021883256e-01	-5.488877246455e-01	-7.298943229543e-01
5.432646229015e-01	-3.105267759530e-01	-7.800235066457e-01
7.116726554726e-01	7.303704590151e-02	-6.987042445689e-01
7.146498039098e-01	5.457246151145e-01	-4.375617696163e-01
4.153429660446e-01	8.810710287777e-01	-2.262831474191e-01
4.634035606985e-02	9.821056207634e-01	-1.825407380951e-01
-3.997638024789e-02	9.824416647076e-01	-1.822368362016e-01
-3.897255801085e-01	8.949592769514e-01	-2.171678263639e-01
-7.156055528705e-01	5.466105957210e-01	-4.348856738805e-01
-6.976857283345e-01	4.195862437597e-02	-7.151741734143e-01
-5.531276379741e-01	-2.781402916657e-01	-7.852947180908e-01
-4.339948747240e-01	-4.888538613742e-01	-7.567498602132e-01
-4.440137941132e-01	-4.134490053676e-01	-7.949287204509e-01
-3.227240213812e-01	-1.438674839928e-01	-9.354952448159e-01
-8.604968444260e-02	-1.687160727512e-02	-9.961479813137e-01
6.070735972854e-02	-1.595791730180e-02	-9.980280363548e-01
3.159100869714e-01	-1.433240848130e-01	-9.379013933577e-01
4.131295530764e-01	-3.492449159925e-01	-8.410421874248e-01
3.832385332118e-01	-5.431779808748e-01	-7.470514759737e-01
5.237989796863e-01	-2.954046840096e-01	-7.989810395402e-01
6.915990394724e-01	8.752286346397e-02	-7.169592156963e-01
6.936478771847e-01	5.576991409194e-01	-4.558774952713e-01
4.038844699419e-01	8.786357227126e-01	-2.547088567620e-01
4.197885204951e-02	9.762710328084e-01	-2.124444550462e-01
-4.413481140164e-02	9.761776535161e-01	-2.124365957137e-01
-3.860960561810e-01	8.886223169146e-01	-2.475484059390e-01
-6.957426779842e-01	5.537991862316e-01	-4.574369763810e-01
-6.758817506304e-01	5.177145413641e-02	-7.351894828555e-01
-5.305073387073e-01	-2.695056356187e-01	-8.036968806381e-01
-4.071207245620e-01	-4.880108007472e-01	-7.720739433410e-01
-4.169080613822e-01	-4.277013518006e-01	-8.020344269559e-01
-3.081963547615e-01	-1.709113664740e-01	-9.358441706405e-01
-8.976146934373e-02	-4.941485500479e-02	-9.947366740631e-01
5.537747518829e-02	-4.641787769342e-02	-9.973859412846e-01
2.966992597481e-01	-1.665840396720e-01	-9.403293609111e-01
3.870146711083e-01	-3.727856059823e-01	-8.433567076388e-01
3.494936643904e-01	-5.531601325298e-01	-7.562195754743e-01
4.949538088648e-01	-2.970706149852e-01	-8.165597202915e-01
6.661545782682e-01	8.327123839191e-02	-7.411504426963e-01
6.754038535902e-01	5.557871100642e-01	-4.846961139127e-01
4.431883856157e-01	8.454355254670e-01	-2.980315874765e-01
1.053281488296e-01	9.633648896614e-01	-2.466456373662e-01

Hair-20
-8.109553771175e-02	9.967052526783e-01	-1.467326359934e-03
-4.608619827771e-01	8.862620891071e-01	-4.632215714234e-02
-8.278582256802e-01	4.637781075115e-01	-3.155322886279e-01
-8.022031249630e-01	-5.150553784836e-02	-5.948254583242e-01
-6.561822223305e-01	-3.664585805885e-01	-6.596461171041e-01
-5.617126652149e-01	-5.357936113105e-01	-6.303999427475e-01
-6.021112336054e-01	-3.756835122580e-01	-7.045026337663e-01
-4.415305629581e-01	-1.166727443220e-02	-8.971703498674e-01
-1.033064054693e-01	1.669777977308e-01	-9.805336310673e-01
1.078536158346e-01	1.614362526885e-01	-9.809719332730e-01
4.479818791777e-01	-1.922971860355e-02	-8.938358092238e-01
5.744234230802e-01	-3.250184578299e-01	-7.512660867407e-01
5.184270973084e-01	-5.802924952821e-01	-6.280875454072e-01
6.264318656938e-01	-3.897144798243e-01	-6.750598061348e-01
7.995984479736e-01	-7.760568757918e-03	-6.004848837155e-01
8.102979286534e-01	4.773474148164e-01	-3.399363357869e-01
4.590194947721e-01	8.848434268115e-01	-7.970704766628e-02
6.602940941699e-02	9.973331600746e-01	-3.109155685460e-02
-3.253881529996e-02	9.990115106307e-01	-3.028575781173e-02
-4.068641218825e-01	9.113718679376e-01	-6.215226992462e-02
-8.055479904419e-01	4.957334439832e-01	-3.245624556409e-01
-7.928579691408e-01	-1.803501482098e-02	-6.091395398513e-01
-6.510335705248e-01	-3.333644168170e-01	-6.819262831494e-01
-5.506976669833e-01	-5.099248223258e-01	-6.608394322036e-01
-5.751188688463e-01	-3.682766553302e-01	-7.304865445960e-01
-4.177233155751e-01	-2.951267069729e-02	-9.080948374995e-01
-1.006422758386e-01	1.365671704877e-01	-9.855052208177e-01
9.571849110969e-02	1.336045627930e-01	-9.864014351473e-01
4.218456658004e-01	-3.661048653058e-02	-9.059282016371e-01
5.485241934020e-01	-3.250748648980e-01	-7.703554643567e-01
4.988017574302e-01	-5.720038253267e-01	-6.511592974043e-01
6.122101999210e-01	-3.724140704343e-01	-6.975001299320e-01
7.837919828890e-01	9.119283175239e-03	-6.209564930277e-01
7.920958312520e-01	4.934497192065e-01	-3.592931515187e-01
4.466668610675e-01	8.881630519336e-01	-1.079588273565e-01
5.831587835321e-02	9.964095739730e-01	-6.137767694209e-02
-3.818222856440e-02	9.974149659965e-01	-6.087284310880e-02
-4.086390793260e-01	9.077962170798e-01	-9.444644568841e-02
-7.909180070627e-01	5.004316603622e-01	-3.521602751746e-01
-7.726214015957e-01	-1.375789456563e-02	-6.347179610926e-01
-6.285759700919e-01	-3.300242167080e-01	-7.042558244056e-01
-5.253539699084e-01	-5.127461948082e-01	-6.790394289077e-01
-5.501567039731e-01	-3.810404510763e-01	-7.430583932081e-01
-4.017999872850e-01	-5.514966181581e-02	-9.140652520577e-01
-1.003314564380e-01	1.059823414725e-01	-9.892933549484e-01
8.769483203903e-02	1.038785390976e-01	-9.907163395991e-01
4.011150216365e-01	-5.770018059155e-02	-9.142086351470e-01
5.223364830209e-01	-3.314350454731e-01	-7.856942211431e-01
4.751873739566e-01	-5.699647164417e-01	-6.703261755621e-01
5.934565216048e-01	-3.613252605963e-01	-7.192033182763e-01
7.653949685866e-01	1.963699955625e-02	-6.432611680420e-01
7.746768170869e-01	5.036250554624e-01	-3.824102935051e-01
4.360136813061e-01	8.895120723725e-01	-1.366028653338e-01
5.111475649702e-02	9.944694470734e-01	-9.174857222698e-02
-4.525343136075e-02	9.947671430401e-01	-9.159944365493e-02
-4.099983922291e-01	9.032985521258e-01	-1.263053605237e-01
-7.773897037238e-01	4.973013950744e-01	-3.851708335288e-01
-7.488038130131e-01	-1.799302570961e-02	-6.625474327494e-01
-6.007059272959e-01	-3.348369900151e-01	-7.259728500635e-01
-4.961416491867e-01	-5.219156760570e-01	-6.938641733281e-01
-5.248148083703e-01	-3.964529238505e-01	-7.532559300036e-01
-3.846449643950e-01	-7.994787326947e-02	-9.195958834865e-01
-9.656358041229e-02	7.573033015870e-02	-9.924416315492e-01
8.545204718148e-02	7.301964061544e-02	-9.936629608257e-01
3.858475349647e-01	-8.362700312586e-02	-9.187644987209e-01
4.961720723882e-01	-3.462111541276e-01	-7.962104692477e-01
4.424249786261e-01	-5.818333883889e-01	-6.824441709353e-01
5.653680352419e-01	-3.654140674369e-01	-7.394805907161e-01
7.417123299907e-01	1.537585481161e-02	-6.705418723902e-01
7.599260679281e-01	5.010555090583e-01	-4.140721532844e-01
4.330620325390e-01	8.856217927056e-01	-1.677239286988e-01
5.335399825757e-02	9.910766839187e-01	-1.221489151105e-01
-4.327151821197e-02	9.915897793703e-01	-1.219724770596e-01
-4.066822110702e-01	8.998659624657e-01	-1.576414564598e-01
-7.609850450709e-01	5.013055221964e-01	-4.118185699962e-01
-7.269698848062e-01	-1.375046851769e-02	-6.865316534585e-01
-5.776408128055e-01	-3.299559144749e-01	-7.466325641736e-01
-4.691541438665e-01	-5.241502559630e-01	-7.107467189279e-01
-4.987333309545e-01	-4.112199559642e-01	-7.629962073378e-01
-3.659503229457e-01	-1.033862280346e-01	-9.248738557169e-01
-9.463002813223e-02	4.494091709770e-02	-9.944975976573e-01
7.671264250190e-02	4.381202860010e-02	-9.960901950277e-01
3.628613368490e-01	-1.037542786493e-01	-9.260489727234e-01
4.689781174142e-01	-3.466974842723e-01	-8.123179056169e-01
4.242496859539e-01	-5.681115354048e-01	-7.051677015490e-01
5.533137169460e-01	-3.403231643918e-01	-7.602789451364e-01
7.266303291428e-01	4.131417232709e-02	-6.857853191303e-01
7.374794324502e-01	5.232982100166e-01	-4.269462145358e-01
4.163351554382e-01	8.882737312879e-01	-1.939969501051e-01
4.633860363732e-02	9.872247868157e-01	-1.524465614881e-01
-4.594261065760e-02	9.872482578849e-01	-1.524144147683e-01
-3.955721706810e-01	8.993357772822e-01	-1.863271785943e-01
-7.387891004052e-01	5.227854751989e-01	-4.253069621385e-01
-7.122015039692e-01	1.157252789536e-02	-7.018796865148e-01
-5.648976661424e-01	-3.055429889180e-01	-7.665077355839e-01
-4.513362335687e-01	-5.081277281197e-01	-7.335542353391e-01
-4.718410103877e-01	-4.139675671574e-01	-7.784580362859e-01
-3.414853346727e-01	-1.220299907759e-01	-9.319315680643e-01
-8.756492982800e-02	1.528689379430e-02	-9.960415121582e-01
7.080079088885e-02	1.412411835908e-02	-9.973904738316e-01
3.407927848350e-01	-1.250357994448e-01	-9.317866315104e-01
4.416725786750e-01	-3.508108899921e-01	-8.257463610029e-01
4.032117650043e-01	-5.568168175412e-01	-7.262061031590e-01
5.389959256369e-01	-3.178083236277e-01	-7.800520890170e-01
7.095103722784e-01	6.329605121961e-02	-7.018465940142e-01
7.151601267807e-01	5.420687163999e-01	-4.412567277261e-01
4.023844355572e-01	8.882313261637e-01	-2.216571163822e-01
4.183572744508e-02	9.822989932546e-01	-1.825882245932e-01
-4.928184032566e-02	9.819289853312e-01	-1.827204640444e-01
-3.899170208479e-01	8.950493302386e-01	-2.164518729247e-01
-7.194181616657e-01	5.311789798777e-01	-4.475336858847e-01
-6.914715571004e-01	2.233834614340e-02	-7.220582275778e-01
-5.433075690061e-01	-2.956512479452e-01	-7.857526487701e-01
-4.255717537663e-01	-5.060381346962e-01	-7.502093631977e-01
-4.449399326390e-01	-4.271899088747e-01	-7.871068784471e-01
-3.251035099500e-01	-1.480370089193e-01	-9.340196742084e-01
-8.901609669895e-02	-1.588699343525e-02	-9.959034782388e-01
5.998976112312e-02	-1.528179227739e-02	-9.980820083466e-01
3.178316027330e-01	-1.452312583806e-01	-9.369583522726e-01
4.138890867098e-01	-3.566484179499e-01	-8.375546130709e-01
3.788315266960e-01	-5.508418075886e-01	-7.436800235274e-01
5.198694699257e-01	-3.023982613312e-01	-7.989311771254e-01
6.895218003503e-01	7.754007660795e-02	-7.201022311876e-01
6.937415560287e-01	5.542929918474e-01	-4.598716479929e-01
3.870285855991e-01	8.879193372980e-01	-2.486123978834e-01
3.323545482945e-02	9.766014552610e-01	-2.124735327621e-01
-5.731772495982e-02	9.753700115449e-01	-2.129976971341e-01
-3.889133279884e-01	8.873135913727e-01	-2.478326327955e-01
-7.010552824337e-01	5.327866020827e-01	-4.739830457021e-01
-6.680249863560e-01	2.706728135807e-02	-7.436464078337e-01
-5.170941589834e-01	-2.922327248588e-01	-8.044959075513e-01
-3.956010509912e-01	-5.108693973209e-01	-7.632249126801e-01
-4.174934271689e-01	-4.478338432822e-01	-7.906605384625e-01
-3.155130126560e-01	-1.797830578242e-01	-9.317347213473e-01
-9.737824259440e-02	-4.902220940417e-02	-9.940393859674e-01
4.923901632391e-02	-4.442989895372e-02	-9.977983279954e-01
2.990844537163e-01	-1.688140078730e-01	-9.391753405467e-01
3.883802665189e-01	-3.805291529809e-01	-8.392605866537e-01
3.456886407845e-01	-5.603786868408e-01	-7.526453952341e-01
4.914249423120e-01	-3.028982771033e-01	-8.165501575541e-01
6.644728124484e-01	7.675833665854e-02	-7.433599661472e-01
6.765701830229e-01	5.491546362582e-01	-4.905934904995e-01
4.178406050033e-01	8.607283440643e-01	-2.907850521172e-01
9.725290449534e-02	9.645669309032e-01	-2.452600831265e-01

Hair-21
-1.148134556491e-01	9.933821854036e-01	-3.115144400878e-03
-4.918504606588e-01	8.688796784061e-01	-5.595738380757e-02
-8.306889645580e-01	4.535255279890e-01	-3.229093365388e-01
-7.966892226281e-01	-6.669380635504e-02	-6.006981094877e-01
-6.483413532984e-01	-3.795988250287e-01	-6.599683489683e-01
-5.568033120379e-01	-5.445715000098e-01	-6.272255998289e-01
-6.016988867651e-01	-3.805568091721e-01	-7.022356902483e-01
-4.486832342504e-01	-1.812181796615e-02	-8.935071096618e-01
-1.211231649142e-01	1.616867383104e-01	-9.793807112536e-01
8.885909138418e-02	1.646165846162e-01	-9.823469050940e-01
4.294748569868e-01	-4.143139995368e-03	-9.030693116296e-01
5.719358046091e-01	-3.003669339567e-01	-7.633276756358e-01
5.276928577859e-01	-5.631361945605e-01	-6.359385773937e-01
6.350287822735e-01	-3.744092625371e-01	-6.756893885586e-01
8.033688490171e-01	6.123539996361e-03	-5.954502453495e-01
8.076181367105e-01	4.881893401097e-01	-3.307931581208e-01
4.569935795218e-01	8.859535199439e-01	-7.901410491062e-02
5.307396687328e-02	9.981204504008e-01	-3.063854650741e-02
-4.404724791776e-02	9.985621495249e-01	-3.055279835091e-02
-4.236431967961e-01	9.032773124282e-01	-6.794511506314e-02
-8.070363377303e-01	4.924809186654e-01	-3.258142021663e-01
-7.914381430376e-01	-2.159640864912e-02	-6.108676295882e-01
-6.493788821186e-01	-3.353109394457e-01	-6.825493691642e-01
-5.512666117393e-01	-5.095000921594e-01	-6.606926508378e-01
-5.748455464230e-01	-3.639030906755e-01	-7.328895812839e-01
-4.230975610626e-01	-3.364056533258e-02	-9.054594227170e-01
-1.085630099160e-01	1.344072623173e-01	-9.849612990947e-01
8.463850215187e-02	1.348383723608e-01	-9.872461381502e-01
4.129178791971e-01	-2.846630255149e-02	-9.103232912863e-01
5.466302862283e-01	-3.094253124078e-01	-7.781075158481e-01
5.058425097824e-01	-5.587196794922e-01	-6.572333490056e-01
6.192406240518e-01	-3.587739933696e-01	-6.984427472639e-01
7.873014239268e-01	2.189506998211e-02	-6.161794168855e-01
7.896790983037e-01	5.033516966760e-01	-3.507762693736e-01
4.444251826287e-01	8.893727614371e-01	-1.072490012042e-01
4.846070316868e-02	9.969520048621e-01	-6.114131377230e-02
-4.728198043149e-02	9.970110340925e-01	-6.110165484106e-02
-4.240227803114e-01	9.001367289721e-01	-9.979253946287e-02
-7.926632316938e-01	4.956092743485e-01	-3.550442906181e-01
-7.708629639368e-01	-1.817439207398e-02	-6.367416919782e-01
-6.266995608969e-01	-3.334309930277e-01	-7.043233868474e-01
-5.250096939222e-01	-5.139318132758e-01	-6.784091041479e-01
-5.499824047103e-01	-3.793159804564e-01	-7.440690434895e-01
-4.014813387134e-01	-5.407532619682e-02	-9.142694317113e-01
-9.942766392023e-02	1.057066916924e-01	-9.894140867093e-01
8.347758081445e-02	1.037993950924e-01	-9.910888855596e-01
3.975559363646e-01	-5.391559338723e-02	-9.159925688841e-01
5.211686945759e-01	-3.210374367301e-01	-7.907706089706e-01
4.811639966204e-01	-5.592273648306e-01	-6.750895961137e-01
5.997395379054e-01	-3.496868190752e-01	-7.197441317844e-01
7.686384448881e-01	3.167227612730e-02	-6.388989027733e-01
7.723777110708e-01	5.129167613717e-01	-3.746319091388e-01
4.339816870596e-01	8.905683461690e-01	-1.361907342614e-01
4.490719296310e-02	9.947767205236e-01	-9.166580782648e-02
-5.077851084570e-02	9.944904323188e-01	-9.170781244018e-02
-4.203931054369e-01	8.979501590844e-01	-1.302119376303e-01
-7.781339611344e-01	4.949469016541e-01	-3.866976895099e-01
-7.480553590614e-01	-2.006762553827e-02	-6.633328502228e-01
-5.995217325608e-01	-3.371158249931e-01	-7.258971089118e-01
-4.955809903191e-01	-5.229629900975e-01	-6.934761661533e-01
-5.246313705368e-01	-3.953131684809e-01	-7.539823763685e-01
-3.844583525778e-01	-7.962775954556e-02	-9.197016880722e-01
-9.823276294450e-02	7.539562372556e-02	-9.923032924501e-01
7.998774959225e-02	7.274880566696e-02	-9.941376017379e-01
3.817057787999e-01	-7.823470146568e-02	-9.209668994689e-01
4.950037805573e-01	-3.345410447843e-01	-8.019061956292e-01
4.480211497355e-01	-5.719564446925e-01	-6.871265347549e-01
5.711781251548e-01	-3.556592846707e-01	-7.397716016259e-01
7.448906650601e-01	2.540514897452e-02	-6.667026889941e-01
7.576116279502e-01	5.091974623050e-01	-4.083412366842e-01
4.305776425615e-01	8.869499066338e-01	-1.671010378438e-01
4.934649519126e-02	9.912929346267e-01	-1.220788317911e-01
-4.843484439243e-02	9.913338720038e-01	-1.221115066920e-01
-4.109959183565e-01	8.976485402638e-01	-1.590894504879e-01
-7.603800758237e-01	5.032679019612e-01	-4.105405694277e-01
-7.279171599068e-01	-1.152957544138e-02	-6.855681419111e-01
-5.792863796245e-01	-3.270110131399e-01	-7.466532579897e-01
-4.707021830966e-01	-5.212981106904e-01	-7.118200156070e-01
-4.982985448635e-01	-4.075828420294e-01	-7.652285848491e-01
-3.699424435208e-01	-1.061224968546e-01	-9.229737830205e-01
-1.014571625124e-01	4.271256316724e-02	-9.939225730018e-01
6.846455881189e-02	4.481672411772e-02	-9.966464094282e-01
3.572137151872e-01	-9.794523208956e-02	-9.288730231808e-01
4.682318724878e-01	-3.387984304225e-01	-8.160726298129e-01
4.263958705580e-01	-5.638040027711e-01	-7.073270870186e-01
5.553022639025e-01	-3.374897565626e-01	-7.600921390990e-01
7.272247494317e-01	4.344738175741e-02	-6.850229841636e-01
7.371092944482e-01	5.246307402115e-01	-4.259489106257e-01
4.214484481523e-01	8.853771878247e-01	-1.961847109988e-01
4.986240572910e-02	9.870383794740e-01	-1.525417252434e-01
-4.334985544712e-02	9.873536615090e-01	-1.524911051093e-01
-3.921776024726e-01	9.009808322511e-01	-1.855539491226e-01
-7.360865293467e-01	5.326654204752e-01	-4.176651423620e-01
-7.162467098912e-01	2.292403632007e-02	-6.974705292189e-01
-5.710036190296e-01	-2.938380233282e-01	-7.665599018352e-01
-4.567918256993e-01	-4.975693807569e-01	-7.374048679711e-01
-4.713863852037e-01	-4.061260525234e-01	-7.828515218777e-01
-3.449082203682e-01	-1.241705553115e-01	-9.303870123320e-01
-9.201264105808e-02	1.403755084253e-02	-9.956588878988e-01
6.748485616289e-02	1.363604054569e-02	-9.976271109923e-01
3.401089166817e-01	-1.228785464695e-01	-9.323233278274e-01
4.411189108337e-01	-3.468179052093e-01	-8.277266741692e-01
4.028680309962e-01	-5.573049786903e-01	-7.260223896880e-01
5.379017018265e-01	-3.199945560136e-01	-7.799136127122e-01
7.084944446808e-01	5.984088683814e-02	-7.031747223265e-01
7.162669754394e-01	5.384961271005e-01	-4.438282787212e-01
4.129012717130e-01	8.824387811983e-01	-2.254203567893e-01
4.990665917952e-02	9.819034872137e-01	-1.826878955137e-01
-4.154711743129e-02	9.823119315947e-01	-1.825845176345e-01
-3.853867090880e-01	8.972089106392e-01	-2.156229466637e-01
-7.165072082760e-01	5.422050418083e-01	-4.388976112103e-01
-6.956651178593e-01	3.453072084972e-02	-7.175358340260e-01
-5.501923850246e-01	-2.830927296582e-01	-7.855869435496e-01
-4.314115472625e-01	-4.937088907599e-01	-7.550732468266e-01
-4.440883891557e-01	-4.155924451397e-01	-7.937684940585e-01
-3.211804918153e-01	-1.429014412500e-01	-9.361742731810e-01
-8.329431222250e-02	-1.570755374870e-02	-9.964011894346e-01
6.692787225069e-02	-1.760283072934e-02	-9.976025261928e-01
3.228077738200e-01	-1.485832125418e-01	-9.347289286805e-01
4.140393814965e-01	-3.603275194645e-01	-8.359039832939e-01
3.761880029785e-01	-5.562349693725e-01	-7.410028645439e-01
5.161355309969e-01	-3.089900311947e-01	-7.988299407664e-01
6.876618277111e-01	7.163109667587e-02	-7.224888903630e-01
6.959640932129e-01	5.475102358514e-01	-4.646143805311e-01
4.057153294286e-01	8.777111264293e-01	-2.549867643799e-01
5.081089667184e-02	9.757931126445e-01	-2.127111988002e-01
-3.850763069836e-02	9.764433921926e-01	-2.123098307227e-01
-3.806345647115e-01	8.914036954971e-01	-2.460015849563e-01
-6.968798636387e-01	5.485475964380e-01	-4.620108116668e-01
-6.738315081115e-01	4.443961680944e-02	-7.375474351756e-01
-5.268508926841e-01	-2.756519755778e-01	-8.040174906294e-01
-4.050221320771e-01	-4.919048295387e-01	-7.707053335771e-01
-4.168555573608e-01	-4.260184127701e-01	-8.029568832000e-01
-2.996154864731e-01	-1.653592184122e-01	-9.396206091565e-01
-7.897760986250e-02	-4.563015202586e-02	-9.958315250917e-01
6.385215307275e-02	-4.944977018926e-02	-9.967334762996e-01
3.051872419793e-01	-1.727969879371e-01	-9.364838216931e-01
3.877081542575e-01	-3.867898774185e-01	-8.367054307514e-01
3.389792584888e-01	-5.715463571151e-01	-7.472802847545e-01
4.826142061891e-01	-3.175316023643e-01	-8.162458021236e-01
6.597654405472e-01	6.082637733776e-02	-7.490058179210e-01
6.788778778695e-01	5.375575545694e-01	-5.001566779167e-01
4.475072329553e-01	8.420909734080e-01	-3.010316743426e-01
1.219499730229e-01	9.611345160323e-01	-2.476865885977e-01

Hair-22
-1.069205334466e-01	9.942583976710e-01	-4.270619176257e-03
-4.847145364757e-01	8.730562569095e-01	-5.314687573469e-02
-8.323599313761e-01	4.452254383723e-01	-3.300776479341e-01
-7.937636077957e-01	-7.420515184847e-02	-6.036828060980e-01
-6.436426147188e-01	-3.876759567515e-01	-6.598723642302e-01
-5.527167665730e-01	-5.547336542679e-01	-6.219121712683e-01
-6.023521013615e-01	-3.871570093281e-01	-6.980554391404e-01
-4.496262394838e-01	-1.903782026237e-02	-8.930138891234e-01
-1.124446497101e-01	1.650990847577e-01	-9.798461578042e-01
1.020763359653e-01	1.625980067412e-01	-9.813981403282e-01
4.443288746801e-01	-1.596677021524e-02	-8.957214485399e-01
5.740255373295e-01	-3.215011281908e-01	-7.530814743875e-01
5.190141482771e-01	-5.793488655096e-01	-6.284737114000e-01
6.267277749996e-01	-3.889802101332e-01	-6.752086286244e-01
7.995086517316e-01	-8.096297310796e-03	-6.006000048087e-01
8.102748291236e-01	4.775131759901e-01	-3.397585437404e-01
4.544043949314e-01	8.873683824377e-01	-7.806407443168e-02
5.343534812744e-02	9.980986754881e-01	-3.071966079473e-02
-4.161879135167e-02	9.986729063274e-01	-3.033648585534e-02
-4.195304699645e-01	9.053167933323e-01	-6.629998855158e-02
-8.104148347044e-01	4.801400586730e-01	-3.356982569935e-01
-7.865482008424e-01	-3.586380981291e-02	-6.164865893897e-01
-6.418274167153e-01	-3.502968094058e-01	-6.821654582817e-01
-5.434655953255e-01	-5.253149218021e-01	-6.547437511191e-01
-5.761848095208e-01	-3.785328867309e-01	-7.243782982259e-01
-4.244316960145e-01	-3.569656827481e-02	-9.047560391794e-01
-1.058820723747e-01	1.358422247790e-01	-9.850562809894e-01
9.285410594076e-02	1.339875569342e-01	-9.866232561605e-01
4.217980057294e-01	-3.626944318109e-02	-9.059641106876e-01
5.487105169695e-01	-3.272014954817e-01	-7.693217466845e-01
4.972063579545e-01	-5.749310395719e-01	-6.498000749049e-01
6.107952442070e-01	-3.749792620395e-01	-6.973662758511e-01
7.827751580887e-01	5.705831457497e-03	-6.222784709169e-01
7.927662776047e-01	4.910244624449e-01	-3.611323945224e-01
4.425577740766e-01	8.903992103519e-01	-1.064512226756e-01
4.985753583683e-02	9.968794884200e-01	-6.120058568226e-02
-4.494647637524e-02	9.971296362785e-01	-6.092866908604e-02
-4.172922118452e-01	9.035475665721e-01	-9.730881190843e-02
-7.951227382394e-01	4.862402346152e-01	-3.624227716025e-01
-7.668776044715e-01	-3.007338922740e-02	-6.410883956370e-01
-6.204378253013e-01	-3.450010165630e-01	-7.042948271185e-01
-5.188668692642e-01	-5.263697404098e-01	-6.735815231736e-01
-5.509127231540e-01	-3.907185727839e-01	-7.374511294647e-01
-4.069150324995e-01	-5.956106799345e-02	-9.115221530524e-01
-1.040313848606e-01	1.053515625058e-01	-9.889785231447e-01
8.639672630563e-02	1.041857467603e-01	-9.907981307288e-01
4.021004278229e-01	-5.851140246486e-02	-9.137240621360e-01
5.226730100204e-01	-3.346810954032e-01	-7.840927808467e-01
4.732284195172e-01	-5.731990811799e-01	-6.689526711926e-01
5.918943900430e-01	-3.644191516426e-01	-7.189295604938e-01
7.642619293557e-01	1.595590133651e-02	-6.447085485319e-01
7.753992812767e-01	5.010005764200e-01	-3.843883154083e-01
4.322973402659e-01	8.915173613684e-01	-1.353358931611e-01
4.407267816060e-02	9.948164078514e-01	-9.164013154360e-02
-5.049316958065e-02	9.945120192244e-01	-9.163123618052e-02
-4.185889516546e-01	8.989334007150e-01	-1.292363363447e-01
-7.809591431970e-01	4.845276490857e-01	-3.941265963221e-01
-7.434622286292e-01	-3.278915517023e-02	-6.679736416244e-01
-5.930425138703e-01	-3.482644485590e-01	-7.259562318847e-01
-4.895147003211e-01	-5.346149918527e-01	-6.888847281337e-01
-5.250574032078e-01	-4.072814191175e-01	-7.472861359468e-01
-3.896382389357e-01	-8.417925747453e-02	-9.171128040597e-01
-1.008709850775e-01	7.475493687547e-02	-9.920870646179e-01
8.340982376988e-02	7.352239871073e-02	-9.937994054066e-01
3.860622915598e-01	-8.375899741064e-02	-9.186622542525e-01
4.964155266078e-01	-3.499014572100e-01	-7.944435758347e-01
4.408809842055e-01	-5.842386917558e-01	-6.813876347730e-01
5.640501286429e-01	-3.681327121213e-01	-7.391385246651e-01
7.403894110010e-01	1.113537407782e-02	-6.720859495048e-01
7.607554827356e-01	4.978491636454e-01	-4.164100211875e-01
4.327670475195e-01	8.857822272676e-01	-1.676380876712e-01
5.103684079897e-02	9.911895618771e-01	-1.222231291824e-01
-4.402624972279e-02	9.915786026166e-01	-1.217931203647e-01
-4.097518747267e-01	8.983064851527e-01	-1.585839206557e-01
-7.624491980892e-01	4.957997201745e-01	-4.157569696446e-01
-7.246487376773e-01	-2.019634396149e-02	-6.888224115643e-01
-5.745414343621e-01	-3.355922279319e-01	-7.465118865449e-01
-4.662407392834e-01	-5.292087493301e-01	-7.089130219322e-01
-4.987672193726e-01	-4.154071702792e-01	-7.607024015736e-01
-3.673360917870e-01	-1.045966644498e-01	-9.241881482991e-01
-9.476957614452e-02	4.487460280792e-02	-9.944873038205e-01
7.882756121701e-02	4.319124387243e-02	-9.959521735733e-01
3.660104611187e-01	-1.058270167875e-01	-9.245739477562e-01
4.693537585771e-01	-3.527782498711e-01	-8.094779525888e-01
4.205750618511e-01	-5.745212945343e-01	-7.021694236262e-01
5.494895911262e-01	-3.476598420156e-01	-7.597327316192e-01
7.241977186946e-01	3.288968371871e-02	-6.888076167860e-01
7.392572990059e-01	5.164651786533e-01	-4.321601151253e-01
4.199691834889e-01	8.862349983133e-01	-1.954825124770e-01
4.741480770841e-02	9.871591513361e-01	-1.525406370232e-01
-4.191156246628e-02	9.874771089221e-01	-1.520933275540e-01
-3.944321785070e-01	8.999184444493e-01	-1.859302285754e-01
-7.394192890517e-01	5.205847313666e-01	-4.269082482762e-01
-7.111185962954e-01	8.495315855672e-03	-7.030207476394e-01
-5.634911394913e-01	-3.082867143330e-01	-7.664444125184e-01
-4.498675093269e-01	-5.110241545044e-01	-7.324435388240e-01
-4.719624457699e-01	-4.168172192958e-01	-7.768621856426e-01
-3.439761820621e-01	-1.240682597735e-01	-9.307456436056e-01
-8.961346543795e-02	1.488540833413e-02	-9.958653781666e-01
7.159408504733e-02	1.361302385226e-02	-9.973409510132e-01
3.438389470146e-01	-1.269166290742e-01	-9.304122461470e-01
4.422220583398e-01	-3.571470437023e-01	-8.227306000705e-01
3.990314749614e-01	-5.646536295473e-01	-7.224542619635e-01
5.342805880331e-01	-3.270761954894e-01	-7.794648264003e-01
7.064150872355e-01	5.267934199875e-02	-7.058346913071e-01
7.175572054860e-01	5.331794116515e-01	-4.481421335314e-01
4.073726034991e-01	8.855013016638e-01	-2.234614209882e-01
4.452432671934e-02	9.821786472643e-01	-1.825998061013e-01
-4.401556882987e-02	9.822258197502e-01	-1.824693637757e-01
-3.870225087231e-01	8.965096768764e-01	-2.156014309057e-01
-7.193009820022e-01	5.316574083534e-01	-4.471537738113e-01
-6.914758797820e-01	2.229247635590e-02	-7.220555056072e-01
-5.432853312669e-01	-2.959650590808e-01	-7.856498791660e-01
-4.253099738924e-01	-5.065239727701e-01	-7.500299268141e-01
-4.449017109676e-01	-4.280037100031e-01	-7.866862727935e-01
-3.258030355967e-01	-1.482906726190e-01	-9.337356469634e-01
-8.898390604025e-02	-1.593165841660e-02	-9.959056414771e-01
6.322375796437e-02	-1.607496359522e-02	-9.978699073398e-01
3.229036936799e-01	-1.488167405411e-01	-9.346586448231e-01
4.148955431945e-01	-3.664804352862e-01	-8.327987624809e-01
3.734227637788e-01	-5.609452072175e-01	-7.388476933655e-01
5.139590277511e-01	-3.139116803759e-01	-7.983142080138e-01
6.858813887893e-01	6.528267380202e-02	-7.247792029396e-01
6.967436092494e-01	5.436033966928e-01	-4.680210359312e-01
3.962382324510e-01	8.829315186498e-01	-2.518475660373e-01
3.975578341705e-02	9.763588419654e-01	-2.124685609704e-01
-4.740701129196e-02	9.759831631643e-01	-2.126251172845e-01
-3.843304697419e-01	8.897022839836e-01	-2.464141552396e-01
-7.000384720034e-01	5.364686953225e-01	-4.713252344763e-01
-6.692517091587e-01	3.029543080684e-02	-7.424178989359e-01
-5.187062761287e-01	-2.894150725152e-01	-8.044766714491e-01
-3.971460199892e-01	-5.074378630080e-01	-7.647103072357e-01
-4.174811945454e-01	-4.438229527641e-01	-7.929253677369e-01
-3.104462071197e-01	-1.750826919769e-01	-9.343282097075e-01
-8.958324466497e-02	-4.722616033778e-02	-9.948590513510e-01
5.921169660938e-02	-4.661378384516e-02	-9.971565223877e-01
3.064682350408e-01	-1.745866618404e-01	-9.357332517435e-01
3.885942649922e-01	-3.915663221965e-01	-8.340685298803e-01
3.381836450179e-01	-5.746069942934e-01	-7.452909662350e-01
4.819784060723e-01	-3.186034038686e-01	-8.162038269473e-01
6.593658591957e-01	6.018273122390e-02	-7.494095693208e-01
6.796552584119e-01	5.350757597807e-01	-5.017595649394e-01
4.366751920463e-01	8.489718961466e-01	-2.975928362790e-01
1.147819158885e-01	9.620578959509e-01	-2.475272038051e-01

Hair-23
-1.561137076315e-01	9.876879820673e-01	-1.004790372609e-02
-5.186300505761e-01	8.525774809367e-01	-6.430015271442e-02
-8.377345364462e-01	4.131300476810e-01	-3.571056008359e-01
-7.782405684340e-01	-1.139224456257e-01	-6.175461877676e-01
-6.246912309972e-01	-4.215616450272e-01	-6.573025523738e-01
-5.404286317005e-01	-5.816026140783e-01	-6.080092872116e-01
-6.028953731849e-01	-4.046108962021e-01	-6.876097669948e-01
-4.557863023114e-01	-2.893826449309e-02	-8.896186955507e-01
-1.290746308698e-01	1.620118683159e-01	-9.783107349869e-01
7.725206863993e-02	1.665866006312e-01	-9.829959421997e-01
4.231073474157e-01	8.420184304745e-04	-9.060791706953e-01
5.740329467645e-01	-3.168989942863e-01	-7.550239754135e-01
5.175023963542e-01	-5.826934150625e-01	-6.266256089648e-01
6.224518971758e-01	-3.954860272208e-01	-6.753846592686e-01
7.970281658007e-01	-1.664491172446e-02	-6.037127212790e-01
8.122233708487e-01	4.703763946889e-01	-3.450206416529e-01
4.573525012495e-01	8.857723111071e-01	-7.896899693439e-02
4.474962091975e-02	9.985628303370e-01	-2.949144446852e-02
-4.942623971435e-02	9.983030254225e-01	-3.079149655375e-02
-4.341227725027e-01	8.980159224731e-01	-7.144803271776e-02
-8.141287605037e-01	4.669599132926e-01	-3.451706834285e-01
-7.804438908570e-01	-5.247400911717e-02	-6.230199126763e-01
-6.343438216676e-01	-3.646993428146e-01	-6.816174185441e-01
-5.387338524021e-01	-5.346537750021e-01	-6.510846159694e-01
-5.793678411361e-01	-3.849577839418e-01	-7.184291261078e-01
-4.135005800671e-01	-2.855772385824e-02	-9.100558920705e-01
-1.128938393490e-01	1.353880023497e-01	-9.843399158100e-01
6.740991978814e-02	1.337035735733e-01	-9.887260779042e-01
3.945874565761e-01	-1.166336082806e-02	-9.187843626918e-01
5.492385647347e-01	-3.161345549584e-01	-7.735605614103e-01
4.975953654646e-01	-5.741268523525e-01	-6.502132032464e-01
6.103363656560e-01	-3.764891198590e-01	-6.969544198766e-01
7.821393632570e-01	3.389077849910e-03	-6.230943191806e-01
7.930289256649e-01	4.898552884609e-01	-3.621421260025e-01
4.450052634615e-01	8.890421638952e-01	-1.075841359496e-01
4.383327813673e-02	9.971716697451e-01	-6.105165669861e-02
-4.863369246428e-02	9.969647213429e-01	-6.079562776208e-02
-4.304028801508e-01	8.969364003770e-01	-1.012840285369e-01
-7.969731867016e-01	4.791505048957e-01	-3.677615169330e-01
-7.642812484148e-01	-3.789362838200e-02	-6.437687832208e-01
-6.155444498993e-01	-3.534294317388e-01	-7.044094455492e-01
-5.149559726685e-01	-5.329917995131e-01	-6.713717955536e-01
-5.526323083218e-01	-3.972810819569e-01	-7.326426644129e-01
-4.040628768664e-01	-6.014925505492e-02	-9.127514769393e-01
-1.104943191575e-01	1.044597659888e-01	-9.883719758894e-01
7.401673350208e-02	1.062209999211e-01	-9.915838957635e-01
3.895438115791e-01	-4.965422380958e-02	-9.196684603259e-01
5.251678562660e-01	-3.345943858414e-01	-7.824610659377e-01
4.759048748399e-01	-5.680010738633e-01	-6.714829336578e-01
5.953087193382e-01	-3.586992362601e-01	-7.189870559240e-01
7.663075844192e-01	2.333670512735e-02	-6.420499079164e-01
7.737660023548e-01	5.068923521981e-01	-3.799293577533e-01
4.294490501279e-01	8.929184334774e-01	-1.351672464042e-01
3.437109062095e-02	9.952064930946e-01	-9.155689068458e-02
-5.810539175724e-02	9.940904327810e-01	-9.169501023510e-02
-4.322537218086e-01	8.918885523472e-01	-1.330095115946e-01
-7.824455300877e-01	4.781934223538e-01	-3.988860028421e-01
-7.415459526841e-01	-3.923577225942e-02	-6.697538012083e-01
-5.884287199362e-01	-3.564362805147e-01	-7.257443210161e-01
-4.825188280642e-01	-5.422123535673e-01	-6.878817806881e-01
-5.284890861144e-01	-4.186710903855e-01	-7.385213632207e-01
-3.963588564263e-01	-9.644664266079e-02	-9.130157184035e-01
-1.204122629689e-01	7.097684546403e-02	-9.901834043927e-01
5.959844129518e-02	7.836229660430e-02	-9.951418875045e-01
3.681610431360e-01	-6.922869248444e-02	-9.271811227877e-01
4.979260896997e-01	-3.374332383780e-01	-7.988794770390e-01
4.483866486247e-01	-5.706258563332e-01	-6.879938556550e-01
5.728317552433e-01	-3.536819406726e-01	-7.394409138173e-01
7.456556381694e-01	2.752915961513e-02	-6.657625812833e-01
7.575019323674e-01	5.104002387287e-01	-4.070410529237e-01
4.334345361799e-01	8.852825351523e-01	-1.685506920804e-01
4.714265932308e-02	9.913913172782e-01	-1.221508317501e-01
-4.493829458686e-02	9.916043668542e-01	-1.212490384094e-01
-4.119411984919e-01	8.971690469007e-01	-1.593491458037e-01
-7.604625355938e-01	5.037871935112e-01	-4.097501624311e-01
-7.285269503589e-01	-1.032578130435e-02	-6.849393117943e-01
-5.788822603838e-01	-3.275354809586e-01	-7.467367925354e-01
-4.693259938286e-01	-5.215742416950e-01	-7.125260850783e-01
-5.019369708868e-01	-4.119529614465e-01	-7.604959137382e-01
-3.621508343169e-01	-1.062159262413e-01	-9.260480280290e-01
-1.009232575155e-01	4.483421805270e-02	-9.938834886364e-01
6.276172665200e-02	4.499946793937e-02	-9.970135473266e-01
3.520124158292e-01	-9.366103113882e-02	-9.312974124028e-01
4.699173995175e-01	-3.465239215963e-01	-8.118490065229e-01
4.236648982622e-01	-5.681916400189e-01	-7.054546861373e-01
5.535928708277e-01	-3.416060072228e-01	-7.595000126386e-01
7.265992021985e-01	4.088296797318e-02	-6.858441384850e-01
7.377032644161e-01	5.212312273700e-01	-4.290826275721e-01
4.252895235732e-01	8.832000231625e-01	-1.977031618984e-01
4.419960603287e-02	9.872688017739e-01	-1.527962953426e-01
-4.350310676129e-02	9.874385044154e-01	-1.518969377574e-01
-4.006430384374e-01	8.967849179627e-01	-1.877816994977e-01
-7.393589624805e-01	5.211957321191e-01	-4.262667397542e-01
-7.115290997887e-01	9.643906510717e-03	-7.025904462922e-01
-5.639810278244e-01	-3.065410481408e-01	-7.667841847997e-01
-4.508279429210e-01	-5.088586099772e-01	-7.333601304501e-01
-4.720586229262e-01	-4.136245552840e-01	-7.785084352704e-01
-3.325712004583e-01	-1.145430408957e-01	-9.360963029561e-01
-8.156896476426e-02	1.473324184629e-02	-9.965587968464e-01
7.283912429176e-02	1.518913616181e-02	-9.972280341602e-01
3.389074912743e-01	-1.256946176301e-01	-9.323854221603e-01
4.440631100491e-01	-3.609264017649e-01	-8.200854143335e-01
3.970784468914e-01	-5.675667019382e-01	-7.212466609041e-01
5.325268746349e-01	-3.310067204508e-01	-7.790055704602e-01
7.057173625744e-01	5.004075350708e-02	-7.067240813425e-01
7.184038895191e-01	5.288982505609e-01	-4.518434375726e-01
4.202579380398e-01	8.783347315521e-01	-2.278406567402e-01
4.822016363000e-02	9.819409918851e-01	-1.829390725767e-01
-3.972112556092e-02	9.824551021193e-01	-1.822202088240e-01
-3.885700843910e-01	8.956058972575e-01	-2.165718502342e-01
-7.180507793581e-01	5.368338673177e-01	-4.429587759194e-01
-6.935197938319e-01	2.864440662818e-02	-7.198679000568e-01
-5.464197136377e-01	-2.900486025520e-01	-7.856826997623e-01
-4.284467903746e-01	-4.999866377896e-01	-7.526265407555e-01
-4.450636211966e-01	-4.219216720636e-01	-7.898737087221e-01
-3.096496236126e-01	-1.344250051295e-01	-9.413007110337e-01
-8.212541950741e-02	-1.453529872486e-02	-9.965160011569e-01
5.358389527100e-02	-1.554649801333e-02	-9.984423231049e-01
3.060896224761e-01	-1.366267093739e-01	-9.421476982396e-01
4.161202022672e-01	-3.669478604661e-01	-8.319815172012e-01
3.682960279570e-01	-5.699745926345e-01	-7.344977872957e-01
5.069415343621e-01	-3.251250446087e-01	-7.983132130353e-01
6.826693749590e-01	5.421639206061e-02	-7.287133231422e-01
6.996473225733e-01	5.333062733775e-01	-4.754766479988e-01
4.101019631816e-01	8.752986341183e-01	-2.562590113640e-01
4.848128572616e-02	9.759818085153e-01	-2.123889695385e-01
-3.916580575063e-02	9.764720259771e-01	-2.120575915738e-01
-3.864939092912e-01	8.884565981256e-01	-2.475223855087e-01
-7.004625087747e-01	5.348463389430e-01	-4.725374773711e-01
-6.686773469928e-01	2.846916721005e-02	-7.430074778473e-01
-5.178961060371e-01	-2.909719055205e-01	-8.044370538143e-01
-3.966627996788e-01	-5.066618140712e-01	-7.654752964747e-01
-4.186749330602e-01	-4.402500664547e-01	-7.942865851906e-01
-2.970906487899e-01	-1.657318709863e-01	-9.403563650771e-01
-7.745666957771e-02	-4.532989703252e-02	-9.959646905252e-01
6.159679302095e-02	-4.702872340818e-02	-9.969925447385e-01
3.046345930282e-01	-1.755215922047e-01	-9.361570036060e-01
3.890306715974e-01	-3.941560292632e-01	-8.326440783143e-01
3.343565682912e-01	-5.846569567006e-01	-7.391765203401e-01
4.740713740423e-01	-3.321081217052e-01	-8.154511192040e-01
6.543273166717e-01	4.409677233566e-02	-7.549246567220e-01
6.809009469073e-01	5.229468282989e-01	-5.127382522037e-01
4.565535707221e-01	8.362113805305e-01	-3.038245614368e-01
1.227965365576e-01	9.596866192570e-01	-2.528291981328e-01

Hair-24
-4.186575269133e-02	9.991201194892e-01	-2.499116550244e-03
-9.749000785853e-03	9.999524676272e-01	1.395350192177e-04
-2.735891517882e-02	9.996256725951e-01	-6.670059470648e-05
-6.981068356541e-03	9.999756295091e-01	7.122107972601e-05
-2.848666635719e-02	9.995941352857e-01	2.730244214792e-04
-5.382469226922e-03	9.999855130616e-01	5.188452347210e-05
-2.491703408626e-02	9.996895086552e-01	-1.664242591859e-04
4.934360216256e-04	9.999998728042e-01	1.044624698609e-04
-1.951098125579e-02	9.998096410788e-01	-5.671297208884e-05
5.249253184780e-03	9.999862200156e-01	7.155414132776e-05
-1.575886488498e-02	9.998758207439e-01	3.562547703254e-05
7.221791342045e-03	9.999739211000e-01	5.338345280043e-05
-1.306101652712e-02	9.999146912238e-01	1.418525408715e-04
9.903488359757e-03	9.999509565759e-01	7.322106995583e-05
-1.204535591770e-02	9.999274515306e-01	3.280868945016e-05

Hair-25
9.991838855244e-01	-4.039251911214e-02	8.548713584794e-05
9.993371613365e-01	-3.640273667110e-02	2.805970885483e-04
9.994726708671e-01	-3.247012993584e-02	2.661799183870e-04
9.993224180767e-01	-3.680312929197e-02	4.841524594397e-04
9.993529038400e-01	-3.596730170882e-02	3.560820221033e-04
9.990662958121e-01	-4.319685549506e-02	7.538220561732e-04
9.990226633950e-01	-4.420061005322e-02	1.552229727732e-04

Hair-26
9.989523982421e-01	4.576101841476e-02	-1.877234217981e-04
9.990794048896e-01	4.289739744268e-02	-3.949913543840e-04
9.991533472090e-01	4.114095337562e-02	-1.035203661250e-04
9.991643630942e-01	4.086936977523e-02	-5.197468413257e-04
9.991494285483e-01	4.123531827777e-02	-2.606877729465e-04
9.991264540392e-01	4.177079833839e-02	-1.236626545968e-03
9.991683100784e-01	4.076171266449e-02	-1.082088635233e-03

