Hair-0
-2.074166087217e-02	4.519305219067e-01	8.918119683394e-01
-4.407530493330e-03	5.627256651361e-01	8.266319613178e-01
-5.196449836521e-02	4.599712871657e-01	8.864119278827e-01
-5.200726419979e-03	4.806946034571e-01	8.768726536116e-01
4.436507923518e-03	4.850907910633e-01	8.744525383478e-01
1.727645337988e-03	4.946892534528e-01	8.690682123746e-01
4.663295171687e-02	5.211554937763e-01	8.521867865210e-01
8.671720755867e-02	5.201270801062e-01	8.496752005640e-01

Hair-1
2.889128165515e-02	4.658493214480e-01	-8.843922792239e-01
-2.727877174714e-02	7.127699149939e-01	-7.008672605362e-01
-4.265259928266e-03	5.674103655957e-01	-8.234241219276e-01
-2.137385348008e-02	5.434309254448e-01	-8.391817369662e-01
1.044463579098e-02	5.428846227846e-01	-8.397423390108e-01
-2.014970662898e-02	5.592771708526e-01	-8.287358056015e-01
2.063291324878e-02	7.143828193156e-01	-6.994508348394e-01
-2.815870802605e-02	4.682311062150e-01	-8.831572443993e-01

Hair-2
-2.059303622791e-02	4.404592557853e-01	8.975363897091e-01
-1.761648887436e-02	5.876006774626e-01	8.089592716356e-01
-1.569399603492e-02	4.808244300853e-01	8.766764317133e-01
-1.493628722995e-03	4.815795787375e-01	8.764010944860e-01
9.593520456213e-03	4.838350752233e-01	8.751066131329e-01
7.579134042448e-03	4.919033517700e-01	8.706168211358e-01
4.703616821201e-02	5.140553272851e-01	8.564664146186e-01
8.650297479264e-02	5.181947783363e-01	8.508768459989e-01

Hair-3
2.796663008266e-02	4.632569423036e-01	-8.857826330479e-01
-1.548599209025e-02	7.112092549115e-01	-7.028097749585e-01
-1.060720172676e-03	5.692763853391e-01	-8.221455296771e-01
-1.249399694231e-02	5.419698622418e-01	-8.403050448867e-01
1.098845642586e-02	5.420201812705e-01	-8.402936254196e-01
-1.359045950700e-02	5.637953168642e-01	-8.258027246821e-01
2.567357328012e-02	7.062986160203e-01	-7.074483250689e-01
-2.154146634190e-02	4.691206637553e-01	-8.828713202192e-01

Hair-4
-2.149677558558e-02	4.413586859755e-01	8.970732405737e-01
-1.865512125192e-02	5.878036523125e-01	8.087885093021e-01
-1.797513413853e-02	4.829987396874e-01	8.754365265472e-01
-1.390470386559e-03	4.814593942837e-01	8.764672944543e-01
1.027609440289e-02	4.830517463957e-01	8.755315026816e-01
2.672247902938e-03	4.952052134405e-01	8.687719238514e-01
4.616497996925e-02	5.156128455726e-01	8.555771082170e-01
8.558863144269e-02	5.179668507209e-01	8.511080587810e-01

Hair-5
3.107558568831e-02	4.491025381270e-01	-8.929396498208e-01
-1.996325949929e-02	6.942423735036e-01	-7.194643807043e-01
5.502452464342e-03	5.659429525103e-01	-8.244260412680e-01
-2.692512944694e-03	5.399092051804e-01	-8.417189557896e-01
-3.258220090617e-03	5.396245034251e-01	-8.418995066545e-01
-2.303033042152e-02	5.593694890527e-01	-8.285984423094e-01
2.877469710064e-02	6.872435330136e-01	-7.258569715431e-01
-2.998027449892e-02	4.511900655765e-01	-8.919241603780e-01

Hair-6
-2.139148327975e-02	4.351001023128e-01	9.001279383568e-01
-1.925680621718e-02	5.835878005397e-01	8.118216888428e-01
-1.758964245048e-02	4.833786858107e-01	8.752346260189e-01
6.571164796249e-03	4.819898871776e-01	8.761521377316e-01
1.049048973467e-02	4.828940698600e-01	8.756159357385e-01
5.512434880202e-03	4.942168031720e-01	8.693212090615e-01
4.784556024296e-02	5.106163245438e-01	8.584764245303e-01
8.956634390925e-02	5.121370385460e-01	8.542210040663e-01

Hair-7
3.539321415291e-02	4.489287999639e-01	-8.928663130362e-01
-2.363258039213e-02	6.876916968992e-01	-7.256181028336e-01
9.578292353583e-03	5.648902814517e-01	-8.251104327525e-01
1.118071678542e-02	5.384578644063e-01	-8.425782573929e-01
-1.084833726115e-03	5.397085852183e-01	-8.418512138005e-01
-1.975034617406e-02	5.600538307560e-01	-8.282207619238e-01
2.862668468499e-02	6.889316019907e-01	-7.242608374767e-01
-2.970146186663e-02	4.464734795641e-01	-8.943037823966e-01

Hair-8
-1.810956050179e-02	4.386801364190e-01	8.984607847479e-01
-1.811697031008e-02	5.885506700158e-01	8.082573131193e-01
-1.412625625538e-02	4.837701756809e-01	8.750810625341e-01
9.068531038643e-03	4.827031622164e-01	8.757370718036e-01
7.997850539628e-03	4.836752537664e-01	8.752109935785e-01
2.788285775129e-03	4.974000502893e-01	8.675168098859e-01
5.228834545160e-02	5.181879003430e-01	8.536669308741e-01
9.239775359722e-02	5.167163781322e-01	8.511561782071e-01

Hair-9
3.387433514102e-02	4.635132620446e-01	-8.854422540897e-01
-2.909770292993e-02	7.007265882282e-01	-7.128362871194e-01
-2.996169766877e-04	5.715971604553e-01	-8.205343358989e-01
-5.315094737225e-03	5.409218441366e-01	-8.410560672772e-01
2.835393881360e-03	5.402059333320e-01	-8.415280804195e-01
-1.197964297062e-02	5.666879561825e-01	-8.238454032596e-01
2.277867322141e-02	7.085392312087e-01	-7.053036862830e-01
-2.270437588681e-02	4.591561457003e-01	-8.880653946536e-01

Hair-10
-1.928262893093e-02	4.384777117742e-01	8.985351837846e-01
-2.204464175173e-02	5.885683774954e-01	8.081468299650e-01
-1.595807230899e-02	4.834328778833e-01	8.752359639032e-01
6.244226185747e-03	4.825401171623e-01	8.758516112723e-01
1.511043412649e-02	4.829846519167e-01	8.754984299206e-01
2.043223728183e-03	4.954504519436e-01	8.686337979296e-01
4.746327502922e-02	5.163676564768e-01	8.550506890636e-01
9.090880459523e-02	5.239842498349e-01	8.468625007474e-01

Hair-11
2.245006795888e-02	4.569255878000e-01	-8.892215706236e-01
-1.992394987259e-02	7.019458228391e-01	-7.119516121340e-01
2.229394049494e-03	5.702385151301e-01	-8.214761503929e-01
-1.242358551851e-02	5.413774022904e-01	-8.406879104710e-01
-3.976812575125e-04	5.397169068758e-01	-8.418464837974e-01
-1.504936733773e-02	5.650155942385e-01	-8.249429645800e-01
2.394142779431e-02	7.049409460567e-01	-7.088618134783e-01
-2.560757614573e-02	4.595121155108e-01	-8.878022683811e-01

Hair-12
-1.998720965860e-02	4.385235704149e-01	8.984974065854e-01
-2.144207153052e-02	5.866363759582e-01	8.095665506746e-01
-1.957972702876e-02	4.818059921923e-01	8.760591419402e-01
-4.288346603011e-04	4.814512873507e-01	8.764727457310e-01
1.241789213532e-02	4.829175504841e-01	8.755777723248e-01
7.589306214168e-03	4.911787595758e-01	8.710257335882e-01
4.283988307457e-02	5.174199350333e-01	8.546586191271e-01
9.020891299209e-02	5.243155692555e-01	8.467322692877e-01

Hair-13
1.803194929512e-02	4.575750831958e-01	-8.889881281789e-01
-1.603603275140e-02	7.018738428572e-01	-7.121207442327e-01
3.668397181704e-03	5.660878649883e-01	-8.243367467092e-01
-8.928403748220e-03	5.413213395970e-01	-8.407683931402e-01
-1.864990054899e-03	5.394435607304e-01	-8.420196948995e-01
-1.888401356143e-02	5.622547932862e-01	-8.267484148509e-01
2.564032832109e-02	7.006461982031e-01	-7.130480197765e-01
-3.096277477275e-02	4.537535455091e-01	-8.905891457436e-01

Hair-14
-1.980010041416e-02	4.373935322876e-01	8.990521975595e-01
-2.096388485390e-02	5.899635831235e-01	8.071576587755e-01
-3.700936239995e-04	4.946309407677e-01	8.691030407644e-01
2.723490161824e-02	4.868927502893e-01	8.730370609829e-01
3.376703103852e-02	4.803882619352e-01	8.764056739945e-01
4.832969109084e-02	4.807868763928e-01	8.755045519285e-01
7.537234460822e-02	4.622313746843e-01	8.835503188419e-01
7.751408267289e-02	5.108014924386e-01	8.561970581063e-01

Hair-15
1.625756158940e-02	3.969186130281e-01	-9.177098159675e-01
-9.073378182076e-03	6.503113111871e-01	-7.596136335996e-01
3.674362045372e-02	5.582021151034e-01	-8.288910091502e-01
-2.071092345725e-02	5.483677153228e-01	-8.359808050674e-01

Hair-16
-9.633317484371e-02	9.953491141686e-01	-2.456588709711e-04
-4.708817797780e-01	8.808432428928e-01	-4.884189721195e-02
-8.308778202085e-01	4.554660465262e-01	-3.196759739914e-01
-7.997100253690e-01	-6.766704451510e-02	-5.965610165028e-01

Hair-17
-8.759704318726e-02	9.961336102626e-01	-6.677464342721e-03
-4.876351806588e-01	8.714316538843e-01	-5.309240239725e-02
-8.252081520876e-01	4.698562702503e-01	-3.134750245788e-01
-8.021324539210e-01	-5.326904204765e-02	-5.947654458070e-01
-6.560784896721e-01	-3.682734837461e-01	-6.587379270689e-01
-5.608694227406e-01	-5.393212442575e-01	-6.281385883125e-01
-6.032239252367e-01	-3.842346642177e-01	-6.989167467128e-01
-4.543279611326e-01	-1.687246484753e-02	-8.906747013714e-01
-1.180528334676e-01	1.610538111776e-01	-9.798597850792e-01
1.141297842026e-01	1.546109681998e-01	-9.813612183443e-01
4.574635097852e-01	-2.089952779599e-02	-8.889827596489e-01
5.769100861075e-01	-3.400511921653e-01	-7.426573498285e-01
5.157738182167e-01	-5.817384523475e-01	-6.289338132924e-01
6.256728517220e-01	-3.925321371819e-01	-6.741305540453e-01
7.995664577779e-01	-7.630965644007e-03	-6.005291399757e-01
8.100133530857e-01	4.783736578369e-01	-3.391710649665e-01
4.598643520344e-01	8.844191788967e-01	-7.954554498964e-02
7.613435472730e-02	9.965926040509e-01	-3.172919131074e-02
-1.747743751058e-02	9.994197518868e-01	-2.923523074377e-02
-3.889563431252e-01	9.194494512070e-01	-5.766862073839e-02
-8.030535882128e-01	5.064827035073e-01	-3.139748485254e-01
-7.960385034468e-01	-5.277983625653e-03	-6.052229704159e-01
-6.562174502432e-01	-3.234900827428e-01	-6.817131540197e-01
-5.543982635071e-01	-5.026841352749e-01	-6.632881919371e-01
-5.762613577063e-01	-3.734671731111e-01	-7.269423073552e-01
-4.286011789905e-01	-3.494961459685e-02	-9.028175639671e-01
-1.057437552911e-01	1.350492572428e-01	-9.851801644040e-01
1.078755889331e-01	1.253729187818e-01	-9.862274020470e-01
4.386712452213e-01	-4.390358183715e-02	-8.975745173064e-01
5.505068016633e-01	-3.459200690296e-01	-7.597904758320e-01
4.918098600761e-01	-5.818985088571e-01	-6.477014643505e-01
6.068861925970e-01	-3.834452416294e-01	-6.961744723178e-01
7.814755412386e-01	1.109186461304e-03	-6.239348909552e-01
7.937859204896e-01	4.869483708650e-01	-3.643970314703e-01
4.482383221942e-01	8.873731636756e-01	-1.079410714458e-01
7.265412957990e-02	9.954079497730e-01	-6.232488254046e-02
-1.984177764963e-02	9.980094185395e-01	-5.986237855347e-02
-3.826941517489e-01	9.198519826210e-01	-8.612500383419e-02
-7.868436153652e-01	5.154426837367e-01	-3.394053104201e-01
-7.773376492944e-01	3.562475139464e-03	-6.290735153862e-01
-6.363193272710e-01	-3.157580540635e-01	-7.038427132786e-01
-5.305723999319e-01	-5.023813843831e-01	-6.827194687834e-01
-5.506957745077e-01	-3.846450552215e-01	-7.407984512895e-01
-4.097383868486e-01	-5.895491837274e-02	-9.102959804055e-01
-1.016594765610e-01	1.052406735024e-01	-9.892369541551e-01
9.760967838582e-02	9.892343697711e-02	-9.902961699926e-01
4.160890992680e-01	-6.539111691014e-02	-9.069696043968e-01
5.236289254354e-01	-3.481915280993e-01	-7.775444734594e-01
4.703570242567e-01	-5.766835710560e-01	-6.679822816561e-01
5.902060023407e-01	-3.685653988019e-01	-7.182036073475e-01
7.640441056439e-01	1.513177503832e-02	-6.449865378556e-01
7.756154450094e-01	5.000410432356e-01	-3.852007743277e-01
4.332239425963e-01	8.910944475944e-01	-1.351580594258e-01
5.914232995879e-02	9.939741178193e-01	-9.229105001287e-02
-3.115333432482e-02	9.953926470534e-01	-9.068047172585e-02
-3.902269238542e-01	9.129960872378e-01	-1.190003890239e-01
-7.739463723883e-01	5.098319190249e-01	-3.756040827924e-01
-7.529685610305e-01	-4.690137487567e-03	-6.580397774527e-01
-6.071312650390e-01	-3.236968883068e-01	-7.256803370029e-01
-4.999331122426e-01	-5.146162891362e-01	-6.965895191855e-01
-5.247184544268e-01	-4.001575306073e-01	-7.513617599281e-01
-3.905807102677e-01	-8.295640406111e-02	-9.168232892941e-01
-9.658889164304e-02	7.525242718844e-02	-9.924755202086e-01
9.049029641920e-02	7.039872779579e-02	-9.934060224192e-01
3.962005424178e-01	-8.860879298837e-02	-9.138783354435e-01
4.962757529184e-01	-3.568030620525e-01	-7.914555906526e-01
4.398648891953e-01	-5.836466723479e-01	-6.825506875760e-01
5.651275990025e-01	-3.666370304723e-01	-7.390589183091e-01
7.421080457965e-01	1.571423928199e-02	-6.700960461365e-01
7.593433045478e-01	5.021521457584e-01	-4.138127213470e-01
4.259081376545e-01	8.897654380291e-01	-1.640723120108e-01
5.799323118142e-02	9.907792293636e-01	-1.224471469603e-01
-2.988261339587e-02	9.922364470316e-01	-1.207222539499e-01
-3.909347054207e-01	9.077320648546e-01	-1.522910192116e-01
-7.580174214464e-01	5.120561077519e-01	-4.039902613898e-01
-7.307934232525e-01	-2.966165917143e-03	-6.825922460669e-01
-5.829140195229e-01	-3.212806719170e-01	-7.463176104690e-01
-4.727759410491e-01	-5.170021451889e-01	-7.135766892459e-01
-4.982437139158e-01	-4.126560082111e-01	-7.625406352652e-01
-3.685018760794e-01	-1.038420591761e-01	-9.238090679746e-01
-9.099182375987e-02	4.536477926465e-02	-9.948178349885e-01
8.521360457873e-02	4.000178965758e-02	-9.955593896995e-01
3.751499444434e-01	-1.091978952391e-01	-9.205098255095e-01
4.696024640446e-01	-3.545595808123e-01	-8.085549019191e-01
4.269010404615e-01	-5.628177856948e-01	-7.078076304749e-01
5.577851260723e-01	-3.327874743599e-01	-7.603474534985e-01
7.293065713274e-01	5.172674180936e-02	-6.822288979518e-01
7.352333818024e-01	5.318596905331e-01	-4.201870343900e-01
4.000899253915e-01	8.972912076300e-01	-1.865383078888e-01
4.242444876225e-02	9.874202548493e-01	-1.523200789804e-01
-4.558363161489e-02	9.872794513786e-01	-1.523201149368e-01
-3.886056048002e-01	9.027588076337e-01	-1.844240200129e-01
-7.384629829892e-01	5.244659898560e-01	-4.238016614398e-01
-7.126529005966e-01	1.302930896916e-02	-7.013958086409e-01
-5.647952481922e-01	-3.072552312482e-01	-7.658985249301e-01
-4.494775084038e-01	-5.114764848118e-01	-7.323672404769e-01
-4.723493343041e-01	-4.273095183489e-01	-7.709038084682e-01
-3.546848855381e-01	-1.297438061021e-01	-9.259401582980e-01
-9.481975893997e-02	1.261635575014e-02	-9.954145070684e-01
7.350873602259e-02	1.139027572757e-02	-9.972295259103e-01
3.507264312888e-01	-1.288554748516e-01	-9.275706102482e-01
4.427258794906e-01	-3.590258367278e-01	-8.216411894441e-01
4.062234119513e-01	-5.513001842296e-01	-7.287322186174e-01
5.426542484723e-01	-3.108735023182e-01	-7.803102153447e-01
7.116100352412e-01	7.297771214054e-02	-6.987742205281e-01
7.134792072383e-01	5.499072806775e-01	-4.342227579209e-01
3.821605944792e-01	8.993000416056e-01	-2.126328177762e-01
3.472889267026e-02	9.826263723910e-01	-1.823165277632e-01
-5.415911609405e-02	9.815812681650e-01	-1.832075438718e-01
-3.867762381331e-01	8.964977731724e-01	-2.160923050747e-01
-7.195772561849e-01	5.306060435497e-01	-4.479573628482e-01
-6.913259567917e-01	2.142219771778e-02	-7.222253878887e-01
-5.420281266566e-01	-3.001856260293e-01	-7.849166196728e-01
-4.222687870677e-01	-5.113520969442e-01	-7.484705100531e-01
-4.453557789340e-01	-4.430704109374e-01	-7.780403852769e-01
-3.403369336030e-01	-1.558282240006e-01	-9.273016425255e-01
-9.762521065276e-02	-2.062152395256e-02	-9.950095833684e-01
6.484784589599e-02	-1.731809773708e-02	-9.977448773977e-01
3.288792885995e-01	-1.497671717184e-01	-9.324206174285e-01
4.153586233197e-01	-3.656933968530e-01	-8.329138932279e-01
3.808693768405e-01	-5.472249937144e-01	-7.453075365508e-01
5.222847006757e-01	-2.983712518128e-01	-7.988700066543e-01
6.909418995161e-01	8.474772738345e-02	-7.179255631306e-01
6.930400211507e-01	5.595872264482e-01	-4.544861549921e-01
3.706129324220e-01	8.967132093038e-01	-2.419741196525e-01
2.584378987826e-02	9.769538685414e-01	-2.118802427475e-01
-6.021214324156e-02	9.750730271432e-01	-2.135581643115e-01
-3.869677394939e-01	8.881652161361e-01	-2.478275961972e-01
-6.993267316940e-01	5.393956051364e-01	-4.690357166546e-01
-6.708787668371e-01	3.476600775800e-02	-7.407516486054e-01
-5.209202903789e-01	-2.870027278115e-01	-8.039101226507e-01
-3.969652158444e-01	-5.065484216654e-01	-7.653935679883e-01
-4.178532678075e-01	-4.582972533906e-01	-7.844503006037e-01
-3.267116798172e-01	-1.832443620500e-01	-9.271898306431e-01
-1.016543896615e-01	-5.373019724264e-02	-9.933677319940e-01
6.028903107080e-02	-4.834330628714e-02	-9.970096075113e-01
3.094983066972e-01	-1.710008045431e-01	-9.353980559084e-01
3.901910459167e-01	-3.850830463141e-01	-8.363384453245e-01
3.475495603176e-01	-5.569172765278e-01	-7.543556523470e-01
4.951323166438e-01	-2.988116091664e-01	-8.158159174975e-01
6.666378259142e-01	8.303608389322e-02	-7.407422074056e-01
6.734932616600e-01	5.577119208170e-01	-4.851435250286e-01
4.391767227287e-01	8.483198781046e-01	-2.957654317630e-01
9.119080755752e-02	9.646844573641e-01	-2.471196761431e-01

Hair-18
3.575324990448e-02	9.980193131053e-01	5.176056211118e-02
-4.464825046925e-01	8.937940763350e-01	-4.225543884524e-02
-8.220734709189e-01	4.850839027065e-01	-2.981422743363e-01
-8.097439522409e-01	-2.843403611515e-02	-5.860940516670e-01
-6.681167246580e-01	-3.446138009154e-01	-6.594401947492e-01
-5.676800663366e-01	-5.229670460605e-01	-6.358024937186e-01
-6.032773858602e-01	-3.735621042188e-01	-7.046330605367e-01
-4.424459966969e-01	-8.867247870544e-03	-8.967513099640e-01
-9.795778020818e-02	1.665526176768e-01	-9.811546763083e-01
1.401892672405e-01	1.520942552054e-01	-9.783732962853e-01
4.748138434293e-01	-3.952085934747e-02	-8.791984507290e-01
5.764036791077e-01	-3.572399935486e-01	-7.349410763595e-01
5.126317963734e-01	-5.926862344194e-01	-6.212339888293e-01
6.176853698032e-01	-4.044848939299e-01	-6.744306891842e-01
7.961247130328e-01	-1.917183832247e-02	-6.048288038063e-01
8.130016174300e-01	4.672511829346e-01	-3.474258224463e-01
4.599951224970e-01	8.843945217242e-01	-7.906210990845e-02
5.246964475654e-02	9.981871050752e-01	-2.948626189953e-02
-1.452795367557e-02	9.994830107648e-01	-2.868187153156e-02
-3.947124040799e-01	9.169561249705e-01	-5.825446716322e-02
-8.040568245517e-01	4.999628557198e-01	-3.217604167582e-01
-7.946159039894e-01	-1.231586823936e-02	-6.069875488975e-01
-6.523650584782e-01	-3.306128316117e-01	-6.819933915005e-01
-5.507080937437e-01	-5.082976730811e-01	-6.620831299962e-01
-5.769576301764e-01	-3.820584348022e-01	-7.219080588120e-01
-4.380968923695e-01	-4.065412968454e-02	-8.980079925233e-01
-1.150387360011e-01	1.322044896062e-01	-9.845242821522e-01
1.107213883823e-01	1.290775257432e-01	-9.854337961034e-01
4.411601648454e-01	-4.943634153623e-02	-8.960657102518e-01
5.510420178769e-01	-3.500867574095e-01	-7.574905654994e-01
4.955358682849e-01	-5.785952952583e-01	-6.478207217649e-01
6.078858367409e-01	-3.796144398783e-01	-6.974006642711e-01
7.827630696785e-01	5.635262326708e-03	-6.222943198889e-01
7.931514049066e-01	4.895699174984e-01	-3.622597752655e-01
4.449942270198e-01	8.891422855785e-01	-1.067995033474e-01
4.362073793098e-02	9.972434505240e-01	-6.002275909476e-02
-2.275790744845e-02	9.979945800092e-01	-5.906687668066e-02
-3.964224034506e-01	9.136174887146e-01	-9.029043336488e-02
-7.885600170503e-01	5.079109500994e-01	-3.466980909650e-01
-7.753821025062e-01	-4.091523861215e-03	-6.314791006404e-01
-6.319898006921e-01	-3.234143411480e-01	-7.042670344131e-01
-5.265579588045e-01	-5.095985458464e-01	-6.804748622035e-01
-5.518868925374e-01	-3.956580187507e-01	-7.340814600872e-01
-4.170135996224e-01	-6.418760659746e-02	-9.066309110599e-01
-1.087144322405e-01	1.034891930690e-01	-9.886714111071e-01
1.053625822287e-01	9.798946243102e-02	-9.895942560052e-01
4.236689805729e-01	-7.137500273943e-02	-9.030006666023e-01
5.248668282626e-01	-3.594040461234e-01	-7.715850855348e-01
4.677327320629e-01	-5.824109852483e-01	-6.648485057659e-01
5.861782328094e-01	-3.745806520781e-01	-7.183901547691e-01
7.625298489769e-01	9.789093389026e-03	-6.468789709597e-01
7.771981089675e-01	4.945123889314e-01	-3.891279951516e-01
4.372224809094e-01	8.888837977117e-01	-1.368287117278e-01
3.969911390627e-02	9.950714251316e-01	-9.086715160928e-02
-3.044320494624e-02	9.954852568601e-01	-8.990169434837e-02
-3.967074994859e-01	9.099945926059e-01	-1.205528982631e-01
-7.750505309847e-01	5.048728242494e-01	-3.800001391511e-01
-7.513810798887e-01	-9.051787338199e-03	-6.598064397467e-01
-6.043754390508e-01	-3.282742810353e-01	-7.259244623808e-01
-4.970118385947e-01	-5.205313268920e-01	-6.942811894476e-01
-5.257624566833e-01	-4.106900040196e-01	-7.449211768642e-01
-3.957786024520e-01	-8.756014778717e-02	-9.141621947776e-01
-1.006988136295e-01	7.472602892907e-02	-9.921067329346e-01
9.969608505113e-02	6.835679822840e-02	-9.926671339182e-01
4.048467633684e-01	-9.556676557700e-02	-9.093767599336e-01
4.973172377253e-01	-3.702535912710e-01	-7.845940626924e-01
4.375748878835e-01	-5.898305847492e-01	-6.786958809277e-01
5.611706920454e-01	-3.724238551521e-01	-7.391805777366e-01
7.404349272287e-01	1.095438805890e-02	-6.720387785850e-01
7.612201256367e-01	4.964753864212e-01	-4.172003247885e-01
4.316127191093e-01	8.865064438826e-01	-1.667836492516e-01
4.805987370326e-02	9.913715675535e-01	-1.219535304370e-01
-2.539181914488e-02	9.925517078182e-01	-1.191484906646e-01
-3.964243234711e-01	9.052034389430e-01	-1.531485876075e-01
-7.601633862768e-01	5.036236515736e-01	-4.105055952600e-01
-7.278464285024e-01	-1.137929004463e-02	-6.856457454650e-01
-5.773295938836e-01	-3.300984928949e-01	-7.468102336034e-01
-4.680514241089e-01	-5.264525094493e-01	-7.097715263972e-01
-4.989180571666e-01	-4.250168468484e-01	-7.552757457566e-01
-3.806503349463e-01	-1.136259320546e-01	-9.177115396845e-01
-1.047968259700e-01	4.196590816779e-02	-9.936078138875e-01
8.607578770357e-02	4.068581045848e-02	-9.954574946217e-01
3.773635376923e-01	-1.115770406448e-01	-9.193189459710e-01
4.711927448274e-01	-3.656768933497e-01	-8.026567179636e-01
4.249364744909e-01	-5.672758562632e-01	-7.054268888752e-01
5.554511660298e-01	-3.361112898156e-01	-7.605939803960e-01
7.283894000550e-01	4.899720251189e-02	-6.834092156487e-01
7.361960380138e-01	5.284025536699e-01	-4.228547444312e-01
4.097063219475e-01	8.919631576321e-01	-1.911608097472e-01
3.498982101483e-02	9.879138476821e-01	-1.510031191180e-01
-3.167061703678e-02	9.881341149828e-01	-1.502928568616e-01
-3.920754129848e-01	9.011473837644e-01	-1.849601667048e-01
-7.401066526562e-01	5.180746824559e-01	-4.287665636361e-01
-7.104954372043e-01	6.579962145801e-03	-7.036710437484e-01
-5.605099973301e-01	-3.136467071465e-01	-7.664556647251e-01
-4.460960295660e-01	-5.182393661245e-01	-7.296754701951e-01
-4.731203376559e-01	-4.374411979100e-01	-7.647237046590e-01
-3.622094660535e-01	-1.358111494902e-01	-9.221494642277e-01
-1.012177391654e-01	1.135268607399e-02	-9.947995204046e-01
8.283138401872e-02	1.045896814472e-02	-9.965086912852e-01
3.589180830378e-01	-1.351047447579e-01	-9.235391261946e-01
4.447410221071e-01	-3.741359412706e-01	-8.137737527745e-01
4.011308953288e-01	-5.607709714411e-01	-7.243134144842e-01
5.368409088326e-01	-3.213324167878e-01	-7.800944279541e-01
7.092796722200e-01	6.318682927974e-02	-7.020895748984e-01
7.156186132541e-01	5.407854997775e-01	-4.420871447968e-01
3.971663824271e-01	8.911031147849e-01	-2.195315546577e-01
2.599220494827e-02	9.832945740242e-01	-1.801560045532e-01
-3.790527774922e-02	9.826763189230e-01	-1.814123538978e-01
-3.853218804901e-01	8.975283061181e-01	-2.144061289526e-01
-7.202584117368e-01	5.281193725841e-01	-4.497974528872e-01
-6.906650481834e-01	2.000166322727e-02	-7.228981426771e-01
-5.400317466861e-01	-3.013982485734e-01	-7.858274672777e-01
-4.221979889167e-01	-5.127826510711e-01	-7.475311437761e-01
-4.459515757172e-01	-4.494112108615e-01	-7.740521659858e-01
-3.451854509109e-01	-1.617809922921e-01	-9.244857570631e-01
-1.017272155919e-01	-1.977575598386e-02	-9.946157514755e-01
7.215045066327e-02	-1.863636074617e-02	-9.972196340462e-01
3.353970184913e-01	-1.536235806059e-01	-9.294668554978e-01
4.169222703858e-01	-3.750483581852e-01	-8.279580602174e-01
3.782166622140e-01	-5.509098646912e-01	-7.439425229208e-01
5.197076678769e-01	-3.026837925442e-01	-7.989283207404e-01
6.901606716277e-01	8.037775442589e-02	-7.191784645912e-01
6.931166008341e-01	5.565296745164e-01	-4.581092653841e-01
3.739795632962e-01	8.948354390204e-01	-2.437392527067e-01
8.272645563663e-03	9.778412802823e-01	-2.091841148636e-01
-5.417030917796e-02	9.755803046314e-01	-2.128582787181e-01
-3.902973000367e-01	8.868338944018e-01	-2.473735259161e-01
-7.039813997886e-01	5.219222362800e-01	-4.816714316088e-01
-6.637996689837e-01	1.518914411854e-02	-7.477561697225e-01
-5.092520234636e-01	-3.060938024085e-01	-8.043438075384e-01
-3.902604135208e-01	-5.228089715240e-01	-7.578704301743e-01
-4.169134065394e-01	-4.758033873133e-01	-7.744639101139e-01
-3.393324335923e-01	-1.985368697442e-01	-9.194762698757e-01
-1.214055579675e-01	-5.699297153792e-02	-9.909654341549e-01
4.957306290490e-02	-4.492368368987e-02	-9.977596775166e-01
3.049980780730e-01	-1.688552971000e-01	-9.372641362034e-01
3.927531295566e-01	-3.871151537303e-01	-8.341983199311e-01
3.512529984613e-01	-5.493285062759e-01	-7.581949111308e-01
5.039239537351e-01	-2.808055145084e-01	-8.168285694524e-01
6.706694431296e-01	1.025725324012e-01	-7.346300930734e-01
6.722808350718e-01	5.703510383676e-01	-4.719514507110e-01
4.329591773950e-01	8.519747855938e-01	-2.944237005098e-01
7.866400519252e-03	9.771226021067e-01	-2.125312687470e-01

Hair-19
-1.116870702030e-01	9.936947593265e-01	-9.834817566856e-03
-5.410406457924e-01	8.384691853733e-01	-6.514940352686e-02
-8.254839951165e-01	4.705782040143e-01	-3.116605969853e-01
-8.031497523990e-01	-5.053879490172e-02	-5.936297713485e-01
-6.576630314871e-01	-3.641137233864e-01	-6.594698882109e-01
-5.624388364652e-01	-5.351210577235e-01	-6.303237333439e-01
-6.019514968139e-01	-3.778164039682e-01	-7.034978041018e-01
-4.488029315527e-01	-1.479894444055e-02	-8.935082091806e-01
-1.240752559638e-01	1.575038496689e-01	-9.796927417293e-01
1.018071962386e-01	1.588032376205e-01	-9.820472628724e-01
4.405641377073e-01	-9.985746069139e-03	-8.976655977822e-01
5.747521053514e-01	-3.192848488816e-01	-7.534701073491e-01
5.302161069544e-01	-5.586856103646e-01	-6.377627056341e-01
6.384786895619e-01	-3.688133286639e-01	-6.755158707056e-01
8.055764463919e-01	1.548546986142e-02	-5.922894471808e-01
8.056433305721e-01	4.961091934026e-01	-3.237506635145e-01
4.554861982214e-01	8.867619205903e-01	-7.864870895848e-02
5.798689337302e-02	9.978399996370e-01	-3.086835469039e-02
-2.818893250239e-02	9.991677885557e-01	-2.948074621108e-02
-4.113146064055e-01	9.091769416581e-01	-6.494292351517e-02
-8.040765969076e-01	5.033839436264e-01	-3.163312055500e-01
-7.957753120537e-01	-6.450118238070e-03	-6.055576344994e-01
-6.564435430502e-01	-3.228525546081e-01	-6.817976992999e-01
-5.559197361773e-01	-4.997976457410e-01	-6.641954232305e-01
-5.753457776247e-01	-3.660051807496e-01	-7.314488661786e-01
-4.164888361572e-01	-2.848757003685e-02	-9.086943973140e-01
-1.070221952167e-01	1.333241587203e-01	-9.852770769852e-01
9.816832986529e-02	1.275607733217e-01	-9.869606010987e-01
4.204942582327e-01	-3.204574253815e-02	-9.067290935988e-01
5.487447350923e-01	-3.249059419616e-01	-7.702696570595e-01
5.029892049896e-01	-5.635229520904e-01	-6.553195725227e-01
6.168615913895e-01	-3.647300862390e-01	-6.974623583109e-01
7.862304534998e-01	1.840442432577e-02	-6.176592516548e-01
7.906810449570e-01	4.991151067012e-01	-3.545526694419e-01
4.502196037016e-01	8.862514742014e-01	-1.089065329477e-01
5.889256015254e-02	9.963608489862e-01	-6.161757027188e-02
-2.300222447124e-02	9.979920707492e-01	-5.901461167382e-02
-3.993548240172e-01	9.120540540666e-01	-9.312962468956e-02
-7.886826017402e-01	5.104842110479e-01	-3.426158548331e-01
-7.763677664561e-01	4.470902686795e-04	-6.302800102480e-01
-6.357087415796e-01	-3.173648446027e-01	-7.036717638854e-01
-5.312925011920e-01	-5.010603574414e-01	-6.831301460028e-01
-5.500611695147e-01	-3.781656889470e-01	-7.445961465757e-01
-4.003527584118e-01	-5.248880921615e-02	-9.148565973633e-01
-1.024067834409e-01	1.035568482727e-01	-9.893375712471e-01
9.553714333672e-02	9.780829061784e-02	-9.906090008321e-01
4.068933717702e-01	-5.829415942178e-02	-9.116137202712e-01
5.224255220455e-01	-3.326304568209e-01	-7.851296409579e-01
4.774974945370e-01	-5.650781405349e-01	-6.728170908951e-01
5.965863671244e-01	-3.568063103536e-01	-7.188699210936e-01
7.670146851655e-01	2.568326246538e-02	-6.411153116013e-01
7.740309582717e-01	5.060424952729e-01	-3.805221000350e-01
4.396624837362e-01	8.875201316353e-01	-1.378583197959e-01
5.494069014807e-02	9.942285481166e-01	-9.214724453786e-02
-2.859123048215e-02	9.955582007436e-01	-8.970178633509e-02
-3.989660131553e-01	9.085751275384e-01	-1.237633142960e-01
-7.744537271487e-01	5.091594839508e-01	-3.754704308045e-01
-7.533281673310e-01	-3.194842752444e-03	-6.576370315649e-01
-6.082808670337e-01	-3.222896686775e-01	-7.253438882796e-01
-5.019398755001e-01	-5.110882988815e-01	-6.977428696370e-01
-5.245066235634e-01	-3.931922419196e-01	-7.551772392838e-01
-3.864067567205e-01	-7.925741626202e-02	-9.189167972826e-01
-9.979701101631e-02	7.392007778336e-02	-9.922582217814e-01
9.463287949940e-02	6.762274437706e-02	-9.932128586363e-01
3.950669137476e-01	-8.647370408516e-02	-9.145733607337e-01
4.953598752212e-01	-3.469128100373e-01	-7.964107584989e-01
4.419471512654e-01	-5.800243062836e-01	-6.842912534941e-01
5.674966550469e-01	-3.624601859481e-01	-7.393038347750e-01
7.433302452577e-01	1.903371149592e-02	-6.686537701321e-01
7.588417227119e-01	5.027871844391e-01	-4.139616975463e-01
4.370218525100e-01	8.835041052965e-01	-1.686190865618e-01
5.810817238015e-02	9.907714754802e-01	-1.224553946439e-01
-2.835166642825e-02	9.922991962105e-01	-1.205756534746e-01
-3.943385648342e-01	9.058764202818e-01	-1.545477513974e-01
-7.572936317850e-01	5.152330537630e-01	-4.012994587187e-01
-7.324765299819e-01	1.755757637990e-03	-6.807900192724e-01
-5.861797902406e-01	-3.149670241349e-01	-7.464509543306e-01
-4.770359537025e-01	-5.101585621890e-01	-7.156639856108e-01
-4.982488432842e-01	-4.003256197484e-01	-7.690822376958e-01
-3.684115892264e-01	-1.039718385531e-01	-9.238304810470e-01
-9.797971525999e-02	4.362136443944e-02	-9.942319407271e-01
8.415865785619e-02	3.788208584117e-02	-9.957320261396e-01
3.698089064258e-01	-1.036717376332e-01	-9.233057692576e-01
4.690561172375e-01	-3.477864374181e-01	-8.118072140787e-01
4.279065240414e-01	-5.605070657497e-01	-7.090330287987e-01
5.586484999438e-01	-3.323805511175e-01	-7.598914545837e-01
7.295637593099e-01	5.237270555318e-02	-6.819045540357e-01
7.360062707687e-01	5.286127816583e-01	-4.229223291063e-01
4.156059546917e-01	8.886160113738e-01	-1.939929760452e-01
4.374134807138e-02	9.874103145739e-01	-1.520117269880e-01
-3.539210338805e-02	9.878216380688e-01	-1.515117499764e-01
-3.892291454127e-01	9.023451632348e-01	-1.851320575916e-01
-7.362336881168e-01	5.331476325000e-01	-4.167895853325e-01
-7.167307315987e-01	2.530026389172e-02	-6.968909204667e-01
-5.715701346472e-01	-2.935272076182e-01	-7.662567191009e-01
-4.571118046543e-01	-4.969030985906e-01	-7.376558199166e-01
-4.716107797485e-01	-4.105984412167e-01	-7.803795182444e-01
-3.472615484534e-01	-1.241875651056e-01	-9.295089379015e-01
-9.479562283639e-02	1.175911828195e-02	-9.954273017294e-01
7.621098795295e-02	8.799272459641e-03	-9.970528863202e-01
3.453196886140e-01	-1.244148563205e-01	-9.302017287569e-01
4.419855413849e-01	-3.525677295403e-01	-8.248301505725e-01
4.066380293890e-01	-5.501155344498e-01	-7.293959225357e-01
5.427392234617e-01	-3.117657851465e-01	-7.798950125037e-01
7.116250940410e-01	7.278098615361e-02	-6.987794026627e-01
7.149714189051e-01	5.437660218954e-01	-4.394705719168e-01
4.034507237963e-01	8.875693219234e-01	-2.223695398399e-01
3.866304096382e-02	9.825920129527e-01	-1.817088477343e-01
-3.919360998950e-02	9.824846977296e-01	-1.821748601294e-01
-3.848423475879e-01	8.974142066660e-01	-2.157408379912e-01
-7.162742433460e-01	5.434471725121e-01	-4.377400815640e-01
-6.966938084888e-01	3.831391896990e-02	-7.163447360221e-01
-5.511941378229e-01	-2.823876216406e-01	-7.851383658782e-01
-4.317035137598e-01	-4.929175585394e-01	-7.554232963650e-01
-4.444441884886e-01	-4.223762993842e-01	-7.899795092515e-01
-3.285490957724e-01	-1.468730592154e-01	-9.329972112197e-01
-9.324244713802e-02	-2.026857541701e-02	-9.954371054478e-01
6.926181800176e-02	-2.014243798787e-02	-9.973951487545e-01
3.227000472491e-01	-1.461431695892e-01	-9.351507116437e-01
4.144525246595e-01	-3.591402514396e-01	-8.362101318444e-01
3.816200182791e-01	-5.459276777080e-01	-7.458747430776e-01
5.227075094520e-01	-2.979374395900e-01	-7.987553703438e-01
6.914537913357e-01	8.669406927200e-02	-7.171999670946e-01
6.942189339593e-01	5.537877178227e-01	-4.597599757713e-01
3.972374099639e-01	8.822373798571e-01	-2.527046610336e-01
3.811735181790e-02	9.765207030500e-01	-2.120244891638e-01
-4.205925165324e-02	9.763131371536e-01	-2.122349584111e-01
-3.798959810539e-01	8.917599035653e-01	-2.458522279179e-01
-6.953893136638e-01	5.554552598417e-01	-4.559639862493e-01
-6.763807010115e-01	5.366735714102e-02	-7.345944201235e-01
-5.309359969151e-01	-2.687229252060e-01	-8.036759027422e-01
-4.071945365908e-01	-4.877873811592e-01	-7.721761976080e-01
-4.171332682988e-01	-4.361279137607e-01	-7.973658378167e-01
-3.159738806760e-01	-1.749405372286e-01	-9.325000349409e-01
-9.634056195975e-02	-5.211483355871e-02	-9.939831689945e-01
6.675859277115e-02	-5.180445015890e-02	-9.964233985786e-01
3.059071869350e-01	-1.705666154254e-01	-9.366577937987e-01
3.896223200022e-01	-3.873910419593e-01	-8.355373291277e-01
3.446614430453e-01	-5.621618012912e-01	-7.517862720528e-01
4.912911733722e-01	-3.042659859614e-01	-8.161220452564e-01
6.652981594251e-01	7.819784904974e-02	-7.424711815751e-01
6.749267905769e-01	5.497946639839e-01	-4.921378412766e-01
4.752963839273e-01	8.237928080239e-01	-3.089640057899e-01
1.239391943908e-01	9.597198173064e-01	-2.521446972734e-01

Hair-20
-7.109048910463e-02	9.974689666181e-01	1.342755623321e-03
-4.769669761986e-01	8.773471891100e-01	-5.257768896246e-02
-8.274182496692e-01	4.656595647589e-01	-3.139111496315e-01
-8.011018316165e-01	-5.432539963126e-02	-5.960575528718e-01
-6.533368803342e-01	-3.717741053572e-01	-6.594959707087e-01
-5.584835425867e-01	-5.426225352378e-01	-6.274208451365e-01
-6.037981578883e-01	-3.877289672791e-01	-6.964869219615e-01
-4.554174853585e-01	-2.165204860159e-02	-8.900146643854e-01
-1.186617421860e-01	1.629687540591e-01	-9.794695381388e-01
1.126126380807e-01	1.603322548547e-01	-9.806181529004e-01
4.554815636582e-01	-2.434819397414e-02	-8.899121926447e-01
5.751987945413e-01	-3.327248200412e-01	-7.472887934974e-01
5.217430865773e-01	-5.753772457387e-01	-6.298612360631e-01
6.287919574997e-01	-3.851893622954e-01	-6.754626779906e-01
8.015029248989e-01	-1.138634663501e-03	-5.979897698871e-01
8.087124045188e-01	4.834151753854e-01	-3.351029916078e-01
4.584521932885e-01	8.851589953617e-01	-7.946785135704e-02
7.277114794798e-02	9.968581175441e-01	-3.127704450136e-02
-2.394253201130e-02	9.992605177852e-01	-3.008608908550e-02
-3.954297439772e-01	9.166547461165e-01	-5.813255542545e-02
-8.008302840993e-01	5.105174150320e-01	-3.131179091310e-01
-7.978500884684e-01	-1.738457478257e-03	-6.028533935349e-01
-6.580061741459e-01	-3.191485665465e-01	-6.820352390142e-01
-5.565789747301e-01	-4.976571485759e-01	-6.652497330775e-01
-5.749704734024e-01	-3.671456776479e-01	-7.311723504755e-01
-4.258431531492e-01	-3.512688710558e-02	-9.041148769477e-01
-1.037410032120e-01	1.358821088246e-01	-9.852785680984e-01
1.077196215745e-01	1.308138071814e-01	-9.855375340283e-01
4.350412232277e-01	-4.541307710877e-02	-8.992645809327e-01
5.491028463305e-01	-3.309013279109e-01	-7.674570837112e-01
5.001648480775e-01	-5.700091147274e-01	-6.518625114818e-01
6.130194683921e-01	-3.708109868444e-01	-6.976434213893e-01
7.846730882185e-01	1.221114134331e-02	-6.197895067302e-01
7.913370730781e-01	4.964513119303e-01	-3.568217084971e-01
4.505714759068e-01	8.860045368193e-01	-1.094591514433e-01
6.834519390402e-02	9.957521992186e-01	-6.169677642724e-02
-2.347421718896e-02	9.979201407196e-01	-6.003627131584e-02
-3.958559230854e-01	9.138691248798e-01	-9.022921228491e-02
-7.856103526939e-01	5.187826060992e-01	-3.371661034997e-01
-7.792430143734e-01	9.112958289847e-03	-6.266556299448e-01
-6.387470061828e-01	-3.093754231843e-01	-7.044778986044e-01
-5.341397869341e-01	-4.946462166585e-01	-6.855799066188e-01
-5.494706369588e-01	-3.747102428708e-01	-7.467759054816e-01
-4.037580132111e-01	-5.649466332454e-02	-9.131198277245e-01
-9.934894583000e-02	1.061776571630e-01	-9.893715642173e-01
1.000384336789e-01	1.007635249748e-01	-9.898681850740e-01
4.131792703535e-01	-6.554595493382e-02	-9.082877398391e-01
5.225455664090e-01	-3.336200966016e-01	-7.846296974815e-01
4.782965381732e-01	-5.654076380067e-01	-6.719721902394e-01
5.960036096850e-01	-3.561395507078e-01	-7.196834843625e-01
7.672236222694e-01	2.629174310734e-02	-6.408405867891e-01
7.734565988383e-01	5.086541686649e-01	-3.782007752679e-01
4.382387574673e-01	8.882882185638e-01	-1.374439238898e-01
5.819132752027e-02	9.940567020236e-01	-9.200566593098e-02
-3.154087515725e-02	9.953784163731e-01	-9.070270896069e-02
-3.987518293663e-01	9.088968199815e-01	-1.220800933998e-01
-7.732191633214e-01	5.126457604534e-01	-3.732645841246e-01
-7.545671247191e-01	1.332054265748e-03	-6.562215174196e-01
-6.098543093386e-01	-3.178355814303e-01	-7.259877854055e-01
-5.035422166960e-01	-5.074520208386e-01	-6.992407901087e-01
-5.244970646494e-01	-3.894563450713e-01	-7.571172858005e-01
-3.824407674157e-01	-7.858091610845e-02	-9.206324451387e-01
-9.296244529132e-02	7.673975604123e-02	-9.927079095123e-01
9.671677138468e-02	7.019735590278e-02	-9.928334187351e-01
3.954555725411e-01	-9.016303119868e-02	-9.140489691210e-01
4.962038978977e-01	-3.466270658269e-01	-7.960096538028e-01
4.428427256324e-01	-5.813595410501e-01	-6.825770318319e-01
5.664842418370e-01	-3.633081373174e-01	-7.396639785127e-01
7.428092477573e-01	1.961233873581e-02	-6.692157930111e-01
7.598110747873e-01	5.017664256302e-01	-4.134218000310e-01
4.365134401757e-01	8.836542025052e-01	-1.691486533818e-01
5.796072978357e-02	9.907931657674e-01	-1.223497301652e-01
-3.143505701548e-02	9.921529844840e-01	-1.210136048964e-01
-3.972566730740e-01	9.046660404988e-01	-1.541638442253e-01
-7.580399796046e-01	5.125622254122e-01	-4.033055348016e-01
-7.311799032274e-01	-1.113463915317e-03	-6.821837797210e-01
-5.833622887024e-01	-3.182183707159e-01	-7.472787355859e-01
-4.755745968320e-01	-5.143195778421e-01	-7.136555014125e-01
-4.987525241844e-01	-4.052400462394e-01	-7.661764969924e-01
-3.696844912224e-01	-1.060609866395e-01	-9.230842020437e-01
-9.860897908749e-02	4.391613154492e-02	-9.941567495287e-01
7.884574401212e-02	4.329861127918e-02	-9.959460722913e-01
3.655711462131e-01	-1.055260078597e-01	-9.247821358145e-01
4.687080691592e-01	-3.434342005822e-01	-8.138585231940e-01
4.309965322223e-01	-5.563696743890e-01	-7.104187318988e-01
5.604696830436e-01	-3.259303800575e-01	-7.613429724799e-01
7.308456129254e-01	5.957585369245e-02	-6.799377969524e-01
7.352470704636e-01	5.333905710381e-01	-4.182179385229e-01
4.116220508197e-01	8.908671234914e-01	-1.921537289805e-01
3.977933192553e-02	9.875816082064e-01	-1.519874069917e-01
-4.493701724122e-02	9.873031883578e-01	-1.523583891357e-01
-3.929489001550e-01	9.006850456140e-01	-1.853580601817e-01
-7.368582586277e-01	5.304882332912e-01	-4.190729543072e-01
-7.151466480791e-01	2.070932784362e-02	-6.986675858243e-01
-5.684207132605e-01	-2.979886576740e-01	-7.668772083157e-01
-4.549347341350e-01	-5.017604040868e-01	-7.357111420715e-01
-4.718499808121e-01	-4.139666630585e-01	-7.784530798217e-01
-3.513737722416e-01	-1.290840224772e-01	-9.272937977372e-01
-9.610047871930e-02	1.360084404956e-02	-9.952787122365e-01
7.072995038131e-02	1.414560906807e-02	-9.973951954281e-01
3.442237972876e-01	-1.272672686219e-01	-9.302220271088e-01
4.411040461823e-01	-3.458028609585e-01	-8.281591645297e-01
4.100696106651e-01	-5.441554093617e-01	-7.319411211780e-01
5.458261108920e-01	-3.028616887435e-01	-7.812481386602e-01
7.138268708786e-01	8.185023134914e-02	-6.955226366120e-01
7.126837450133e-01	5.530682449731e-01	-4.315059628744e-01
3.951765094550e-01	8.921241829338e-01	-2.189748127061e-01
3.246576029252e-02	9.827507085617e-01	-1.820632286599e-01
-5.273976861102e-02	9.817084038807e-01	-1.829402267323e-01
-3.896987033115e-01	8.951644901964e-01	-2.163687965693e-01
-7.182907159062e-01	5.356668043590e-01	-4.439814434758e-01
-6.930895077250e-01	2.720602719165e-02	-7.203379528846e-01
-5.448806159995e-01	-2.923121517645e-01	-7.859126670558e-01
-4.271952680651e-01	-5.031765902122e-01	-7.512107041338e-01
-4.449828882561e-01	-4.293501176338e-01	-7.859062957167e-01
-3.353071077794e-01	-1.553733897090e-01	-9.292084014057e-01
-9.667112919988e-02	-1.729984832740e-02	-9.951660203338e-01
6.023878916610e-02	-1.531445469485e-02	-9.980665086843e-01
3.220408351560e-01	-1.478789326792e-01	-9.351050859458e-01
4.135337023928e-01	-3.538748047269e-01	-8.389055367351e-01
3.832042186414e-01	-5.424233194065e-01	-7.476171944113e-01
5.245426064051e-01	-2.919960093194e-01	-7.997458250015e-01
6.928192917771e-01	9.073072331969e-02	-7.153805733925e-01
6.914153798521e-01	5.634788740259e-01	-4.521463601872e-01
3.764066183285e-01	8.936286308293e-01	-2.444298014577e-01
2.405653050625e-02	9.769510418593e-01	-2.121036188988e-01
-6.250821745277e-02	9.749878247681e-01	-2.132872811603e-01
-3.891534221538e-01	8.871817207423e-01	-2.479278290284e-01
-7.000121803406e-01	5.370078840722e-01	-4.707499121817e-01
-6.694995202094e-01	3.161955434178e-02	-7.421392027259e-01
-5.186346337466e-01	-2.891336082351e-01	-8.046240571021e-01
-3.968668741511e-01	-5.087659497044e-01	-7.639724423191e-01
-4.174159233915e-01	-4.520156919507e-01	-7.883183120603e-01
-3.223184989628e-01	-1.847504164574e-01	-9.284277402389e-01
-9.892704575664e-02	-4.933718790824e-02	-9.938708575601e-01
6.261383931392e-02	-4.784155982446e-02	-9.968905116812e-01
3.112862949323e-01	-1.756219799008e-01	-9.339474089921e-01
3.915311645555e-01	-3.959908981747e-01	-8.305989138836e-01
3.422348062152e-01	-5.671013611259e-01	-7.491804746682e-01
4.886545752669e-01	-3.085449590500e-01	-8.160984709676e-01
6.631096645585e-01	7.250615314006e-02	-7.450023023628e-01
6.767123849240e-01	5.483506830017e-01	-4.912961189975e-01
4.260628280754e-01	8.551334222664e-01	-2.953257466856e-01
1.118893074050e-01	9.621932971000e-01	-2.483240663012e-01

Hair-21
-1.170762581724e-01	9.931111866642e-01	-4.829150531425e-03
-5.506483264453e-01	8.316077076138e-01	-7.221524229951e-02
-8.285908569483e-01	4.680498078369e-01	-3.071914210481e-01
-8.013485516397e-01	-5.321492288974e-02	-5.958260406921e-01
-6.557066318431e-01	-3.660593523995e-01	-6.603403391266e-01
-5.614388062864e-01	-5.349969921093e-01	-6.313197963233e-01
-6.012643314316e-01	-3.746922003617e-01	-7.057527603461e-01
-4.404242425551e-01	-1.348299952219e-02	-8.976885291089e-01
-1.270621206779e-01	1.578572667913e-01	-9.792529299471e-01
9.548784256452e-02	1.610672380149e-01	-9.823132986785e-01
4.274888164922e-01	-3.158922689481e-03	-9.040151176731e-01
5.728048464894e-01	-3.055047438018e-01	-7.606322760394e-01
5.340383372293e-01	-5.524257008945e-01	-6.400225772272e-01
6.409362001259e-01	-3.625979210682e-01	-6.765526845747e-01
8.065293165661e-01	1.884695608976e-02	-5.908936061302e-01
8.058684730909e-01	4.960063290892e-01	-3.233476852887e-01
4.558504521254e-01	8.865698911489e-01	-7.870319818991e-02
4.671658308610e-02	9.984560426473e-01	-3.005148525290e-02
-3.437106127019e-02	9.989676155144e-01	-2.970409568756e-02
-4.239045800377e-01	9.031485846736e-01	-6.802603196687e-02
-8.037400932163e-01	5.055780698790e-01	-3.136760714721e-01
-7.969449401925e-01	-2.110390024325e-03	-6.040482667433e-01
-6.576464077207e-01	-3.181325662245e-01	-6.828564071014e-01
-5.589271685428e-01	-4.941651313969e-01	-6.658838060625e-01
-5.746097260599e-01	-3.610301449365e-01	-7.344936331681e-01
-4.148265258445e-01	-2.986855602578e-02	-9.094101510412e-01
-1.110106160846e-01	1.330763095909e-01	-9.848691989001e-01
9.414003218684e-02	1.296622451986e-01	-9.870792047804e-01
4.115843981152e-01	-2.786941542124e-02	-9.109454313581e-01
5.462402744526e-01	-3.063253557686e-01	-7.796065283072e-01
5.123624760846e-01	-5.476131813616e-01	-6.615168151298e-01
6.247620597029e-01	-3.471193785815e-01	-6.994144020314e-01
7.904342908435e-01	3.487247577248e-02	-6.115533846626e-01
7.883803251382e-01	5.091517200366e-01	-3.452839250801e-01
4.458490434900e-01	8.886131700466e-01	-1.076348662784e-01
4.328438166107e-02	9.972088405212e-01	-6.083576818472e-02
-3.619905741990e-02	9.975663967794e-01	-5.958953145018e-02
-4.203761768411e-01	9.019465848703e-01	-9.887480965975e-02
-7.910432920438e-01	5.030555301751e-01	-3.481172843635e-01
-7.745360837852e-01	-4.935346064944e-03	-6.325104720666e-01
-6.320904350552e-01	-3.222052723019e-01	-7.047307602287e-01
-5.305425093318e-01	-5.037484450804e-01	-6.817346623658e-01
-5.497207730963e-01	-3.758278367543e-01	-7.460298310034e-01
-4.002538913919e-01	-5.366418808403e-02	-9.148316661238e-01
-1.038050906253e-01	1.037038715432e-01	-9.891764302627e-01
9.018467081297e-02	1.005388015708e-01	-9.908373602812e-01
3.988324874381e-01	-5.447636177699e-02	-9.154042675078e-01
5.203592882169e-01	-3.142469898078e-01	-7.940245843569e-01
4.889638516614e-01	-5.465598756354e-01	-6.798431099260e-01
6.061845391702e-01	-3.356510399599e-01	-7.210261325672e-01
7.721202451190e-01	4.585757261700e-02	-6.338196984246e-01
7.706217749135e-01	5.206098168737e-01	-3.675697193784e-01
4.279129546099e-01	8.937897793104e-01	-1.342770780042e-01
3.721629262091e-02	9.951230783943e-01	-9.135100662109e-02
-4.875213800971e-02	9.946146791151e-01	-9.145965847480e-02
-4.186762084277e-01	8.988417637333e-01	-1.295905716685e-01
-7.786179670072e-01	4.930422080370e-01	-3.881538902903e-01
-7.476625124697e-01	-2.109768619948e-02	-6.637436667001e-01
-5.983700106953e-01	-3.391165179378e-01	-7.259155030458e-01
-4.939586003545e-01	-5.258724110449e-01	-6.924327465088e-01
-5.246034823737e-01	-4.002010092301e-01	-7.514188835081e-01
-3.903688386748e-01	-8.365256919635e-02	-9.168502699234e-01
-1.026528749066e-01	7.392723802469e-02	-9.919663052501e-01
8.647853456318e-02	7.086829929545e-02	-9.937299166347e-01
3.890600633913e-01	-8.278343437607e-02	-9.174852424246e-01
4.951321485485e-01	-3.385662231740e-01	-8.001356559980e-01
4.461118835834e-01	-5.747642909979e-01	-6.860249245613e-01
5.703313237774e-01	-3.572709986195e-01	-7.396483047122e-01
7.442260363743e-01	2.300555521201e-02	-6.675315357434e-01
7.584548229090e-01	5.053819042591e-01	-4.115038425745e-01
4.288761533440e-01	8.878956287079e-01	-1.664529892017e-01
5.164208061977e-02	9.911701981847e-01	-1.221258929946e-01
-4.099870327898e-02	9.917260701075e-01	-1.216491191851e-01
-4.033217680087e-01	9.016225824028e-01	-1.562314640258e-01
-7.596714756154e-01	5.061384778536e-01	-4.083173892603e-01
-7.286296544744e-01	-9.409120193053e-03	-6.848432631469e-01
-5.806432351619e-01	-3.240630686854e-01	-7.468845700474e-01
-4.720221150696e-01	-5.194372563850e-01	-7.123061557817e-01
-4.982806338318e-01	-4.078542546470e-01	-7.650956259936e-01
-3.716456963395e-01	-1.072998671593e-01	-9.221530322565e-01
-1.007247702805e-01	4.292517560378e-02	-9.939879023164e-01
7.909676011036e-02	4.133720849051e-02	-9.960095068493e-01
3.667110509330e-01	-1.033232476397e-01	-9.245795323393e-01
4.685558005197e-01	-3.452976767320e-01	-8.131574117247e-01
4.248941404777e-01	-5.665427098378e-01	-7.060413070900e-01
5.544849486452e-01	-3.390490300984e-01	-7.599948663743e-01
7.271015476600e-01	4.324439076605e-02	-6.851665943825e-01
7.378125011043e-01	5.214270743710e-01	-4.286566450286e-01
4.206889272523e-01	8.858032628287e-01	-1.958913118270e-01
4.948261461966e-02	9.870681355016e-01	-1.524728393117e-01
-3.318856119652e-02	9.878280327249e-01	-1.519680794393e-01
-3.854360041721e-01	9.043511133068e-01	-1.832707029193e-01
-7.341649114718e-01	5.402292969492e-01	-4.112835876635e-01
-7.192870155279e-01	3.259091991617e-02	-6.939481401603e-01
-5.748070818956e-01	-2.853358145562e-01	-7.669291307117e-01
-4.607313444483e-01	-4.901498309094e-01	-7.399187600692e-01
-4.713021171752e-01	-4.029970484379e-01	-7.845174907524e-01
-3.494643502244e-01	-1.268960857236e-01	-9.283167839430e-01
-9.614902525848e-02	1.271384989814e-02	-9.952857494020e-01
7.347247438279e-02	1.152652829899e-02	-9.972306326289e-01
3.448805147912e-01	-1.254310810396e-01	-9.302281840638e-01
4.411023450346e-01	-3.466398751215e-01	-8.278100737372e-01
4.056371311094e-01	-5.525563444674e-01	-7.281071377580e-01
5.407257561706e-01	-3.137594072441e-01	-7.804938763242e-01
7.106768307038e-01	6.887276340658e-02	-7.001392609771e-01
7.157511429303e-01	5.414800157803e-01	-4.410211943938e-01
4.087070826955e-01	8.847673359643e-01	-2.239314220137e-01
4.206438865357e-02	9.823989725058e-01	-1.819968297164e-01
-3.668684195892e-02	9.825742558328e-01	-1.822139056209e-01
-3.849603099132e-01	8.974230710990e-01	-2.154933670691e-01
-7.162073142227e-01	5.434521119266e-01	-4.378434481598e-01
-6.967933334871e-01	3.829407851448e-02	-7.162489888012e-01
-5.510776625834e-01	-2.811304698669e-01	-7.856710944881e-01
-4.319957957471e-01	-4.925592867978e-01	-7.554898949993e-01
-4.441583690570e-01	-4.183485669294e-01	-7.922801396885e-01
-3.304953522165e-01	-1.485848237658e-01	-9.320382890792e-01
-9.280212689472e-02	-1.880329474359e-02	-9.955070071831e-01
6.937807148299e-02	-1.860102527411e-02	-9.974170066006e-01
3.241127893435e-01	-1.492113258557e-01	-9.341771138389e-01
4.137746063620e-01	-3.566622817984e-01	-8.376052721135e-01
3.792688085465e-01	-5.507689312388e-01	-7.435110996118e-01
5.191227521923e-01	-3.023833602110e-01	-7.994222111149e-01
6.894828615684e-01	7.911027894800e-02	-7.199687127704e-01
6.954878257208e-01	5.502371969244e-01	-4.620992440968e-01
4.017135405065e-01	8.799467002843e-01	-2.536139507844e-01
4.544330239019e-02	9.761495832646e-01	-2.122896543882e-01
-3.320956167557e-02	9.767589519119e-01	-2.117523904781e-01
-3.766888038142e-01	8.933987400480e-01	-2.448351207685e-01
-6.963096809886e-01	5.509044583647e-01	-4.600620674599e-01
-6.747868731625e-01	4.766362426649e-02	-7.364718967682e-01
-5.283795844343e-01	-2.727030786120e-01	-8.040199286514e-01
-4.055500257269e-01	-4.907979985683e-01	-7.711332577670e-01
-4.168637653089e-01	-4.285371076377e-01	-8.016112203244e-01
-3.086567057560e-01	-1.708946762670e-01	-9.356954887224e-01
-8.501129201493e-02	-4.717798003461e-02	-9.952624369631e-01
7.524849884087e-02	-5.506629130635e-02	-9.956431926066e-01
3.110882288728e-01	-1.760679679481e-01	-9.339294323017e-01
3.895308805859e-01	-4.040409291102e-01	-8.276573087177e-01
3.330270757640e-01	-5.817590622890e-01	-7.420575181566e-01
4.776498633687e-01	-3.268095913470e-01	-8.155035861525e-01
6.573100761194e-01	5.224087103108e-02	-7.518073923724e-01
6.790651341301e-01	5.334165057755e-01	-5.043187236015e-01
4.784737022673e-01	8.192845691658e-01	-3.159678954663e-01
1.393144705967e-01	9.576348829685e-01	-2.520454506717e-01

Hair-22
-1.021406568306e-01	9.947670847120e-01	-2.394451041646e-03
-5.039291683992e-01	8.615666720147e-01	-6.130467282267e-02
-8.338592920856e-01	4.367424397503e-01	-3.375421785843e-01
-7.879174070757e-01	-8.806865376259e-02	-6.094506311848e-01
-6.361429599834e-01	-4.021617695755e-01	-6.584740280037e-01
-5.460309693046e-01	-5.698088446938e-01	-6.141400988936e-01
-6.039721365467e-01	-4.055590658164e-01	-6.861045856204e-01
-4.601880254765e-01	-2.686623313801e-02	-8.874148898486e-01
-1.215708400339e-01	1.624122124358e-01	-9.792051899909e-01
1.098734725742e-01	1.610478961467e-01	-9.808116002430e-01
4.558436967066e-01	-2.397618589637e-02	-8.897368524922e-01
5.752905937830e-01	-3.342161201147e-01	-7.465522873586e-01
5.173751994591e-01	-5.822449313336e-01	-6.271473055998e-01
6.254727303374e-01	-3.913920690712e-01	-6.749786010478e-01
7.993091624716e-01	-8.595862197805e-03	-6.008585307226e-01
8.105236367154e-01	4.766350452957e-01	-3.403975145644e-01
4.525715010297e-01	8.883709660226e-01	-7.730500102717e-02
5.423100116048e-02	9.980549264167e-01	-3.074674565756e-02
-3.779043338025e-02	9.988312144599e-01	-3.013450124724e-02
-4.153136343134e-01	9.073777557356e-01	-6.465441631997e-02
-8.113308533660e-01	4.769374660087e-01	-3.380427486186e-01
-7.849351722525e-01	-4.061661600021e-02	-6.182451502969e-01
-6.389221753020e-01	-3.564105611699e-01	-6.817257262227e-01
-5.398101846471e-01	-5.329584433150e-01	-6.515828897774e-01
-5.773912319617e-01	-3.914839349313e-01	-7.164912378700e-01
-4.354180332557e-01	-4.398586939367e-02	-8.991531458041e-01
-1.092633542893e-01	1.353028621697e-01	-9.847612171984e-01
9.767152739946e-02	1.332662498822e-01	-9.862557373105e-01
4.328700710135e-01	-4.428451151070e-02	-9.003679157217e-01
5.499578861909e-01	-3.390086373202e-01	-7.632951377015e-01
4.931015807087e-01	-5.819274322049e-01	-6.466925813321e-01
6.070155785245e-01	-3.829046414715e-01	-6.963591910560e-01
7.806631620096e-01	-1.568997852574e-03	-6.249500505856e-01
7.945172724877e-01	4.841902340356e-01	-3.664725378296e-01
4.454025621501e-01	8.888292008040e-01	-1.076996259434e-01
5.543279268367e-02	9.965703989662e-01	-6.143814287302e-02
-3.573170808762e-02	9.975459031424e-01	-6.021142882410e-02
-4.098432167474e-01	9.072776649864e-01	-9.421133850575e-02
-7.954571021885e-01	4.850802385904e-01	-3.632425645584e-01
-7.659941962832e-01	-3.247427654113e-02	-6.420267226710e-01
-6.187541505403e-01	-3.484478525265e-01	-7.040791115058e-01
-5.163921710238e-01	-5.314568346407e-01	-6.714854865289e-01
-5.514174435226e-01	-3.997728454745e-01	-7.322024822412e-01
-4.152124557866e-01	-6.576210272313e-02	-9.073444563148e-01
-1.063937068270e-01	1.048857288689e-01	-9.887767002854e-01
9.254177853614e-02	1.032164019804e-01	-9.903445832576e-01
4.125543266979e-01	-6.587748984196e-02	-9.085477884267e-01
5.237058839381e-01	-3.449764432970e-01	-7.789245154049e-01
4.695071389833e-01	-5.793111950305e-01	-6.663044242357e-01
5.889160003434e-01	-3.708122636696e-01	-7.181059877565e-01
7.624984516834e-01	9.819438304374e-03	-6.469155198415e-01
7.768576149876e-01	4.952825124112e-01	-3.888283412193e-01
4.322247048680e-01	8.915504892001e-01	-1.353496572172e-01
4.647149782803e-02	9.946947456470e-01	-9.177561153128e-02
-4.349877334426e-02	9.949009498537e-01	-9.099426738947e-02
-4.119970788387e-01	9.024094600564e-01	-1.261569396785e-01
-7.816536995389e-01	4.820024610251e-01	-3.958422938026e-01
-7.416218293454e-01	-3.779056547321e-02	-6.697528912962e-01
-5.901507111020e-01	-3.538370514931e-01	-7.256179981067e-01
-4.859362790494e-01	-5.413971209363e-01	-6.861159451182e-01
-5.250307833361e-01	-4.167280138543e-01	-7.420784588024e-01
-3.967682445186e-01	-8.949380119966e-02	-9.135457403373e-01
-1.037110207850e-01	7.408998664329e-02	-9.918440895861e-01
8.880146326250e-02	7.249498802569e-02	-9.934076589364e-01
3.954418685219e-01	-9.056405830596e-02	-9.140152514937e-01
4.969186696424e-01	-3.624706767966e-01	-7.884712069717e-01
4.341604692420e-01	-5.939612807102e-01	-6.772847879324e-01
5.588679360347e-01	-3.785169829437e-01	-7.378289257650e-01
7.366759098070e-01	-4.838219739434e-04	-6.762457909860e-01
7.630557821030e-01	4.888474791232e-01	-4.228167635680e-01
4.336767738461e-01	8.852508414007e-01	-1.680934371881e-01
5.465805288824e-02	9.909782769313e-01	-1.223705516241e-01
-3.627957963057e-02	9.919802873717e-01	-1.210739508224e-01
-4.033135188568e-01	9.017104555389e-01	-1.557448550651e-01
-7.634187868533e-01	4.922902535212e-01	-4.181411988401e-01
-7.218820086988e-01	-2.752496296740e-02	-6.914685400874e-01
-5.713997642332e-01	-3.419280907991e-01	-7.460479141159e-01
-4.623006095271e-01	-5.356645493930e-01	-7.066410948668e-01
-4.987692841505e-01	-4.229746413118e-01	-7.565194339838e-01
-3.699605310446e-01	-1.066063506536e-01	-9.229107711309e-01
-9.107189036183e-02	4.567878964771e-02	-9.947961393985e-01
8.968078217429e-02	4.064199675897e-02	-9.951409877038e-01
3.785602945197e-01	-1.142227085353e-01	-9.185016473954e-01
4.699589746896e-01	-3.660668796922e-01	-8.032020926897e-01
4.157648147142e-01	-5.826177815408e-01	-6.983524464610e-01
5.457888920437e-01	-3.554495558963e-01	-7.587951624351e-01
7.221209373498e-01	2.556486225528e-02	-6.912942858572e-01
7.408218756029e-01	5.099378195935e-01	-4.372028920036e-01
4.147541744195e-01	8.892428512084e-01	-1.929407328076e-01
4.380745953594e-02	9.873741418713e-01	-1.522274957193e-01
-4.066512172315e-02	9.875431338706e-01	-1.520029822744e-01
-3.906450385096e-01	9.018920578361e-01	-1.843560953696e-01
-7.406402385507e-01	5.158017506391e-01	-4.305816892033e-01
-7.088918974954e-01	1.892238373860e-03	-7.053146085963e-01
-5.604251628700e-01	-3.150238787727e-01	-7.659527352423e-01
-4.460244174382e-01	-5.185311034980e-01	-7.295119695757e-01
-4.724192060350e-01	-4.275931507022e-01	-7.707036987337e-01
-3.518308293090e-01	-1.298591181375e-01	-9.270122313024e-01
-9.164385039260e-02	1.447232329107e-02	-9.956866758894e-01
7.864735690736e-02	1.198557088739e-02	-9.968304466367e-01
3.543397243885e-01	-1.337474618574e-01	-9.255025533012e-01
4.432576585117e-01	-3.696893853973e-01	-8.166103149577e-01
3.948972746898e-01	-5.719941621588e-01	-7.189428495359e-01
5.312153085856e-01	-3.341051677211e-01	-7.785782124015e-01
7.045586454342e-01	4.603892140430e-02	-7.081507839859e-01
7.189202080791e-01	5.272517940965e-01	-4.529451181296e-01
4.001466712161e-01	8.896380654734e-01	-2.200607960893e-01
3.957587388945e-02	9.824546870164e-01	-1.822540484196e-01
-4.439385581773e-02	9.821998509264e-01	-1.825175016426e-01
-3.863998853978e-01	8.968266417806e-01	-2.153998680527e-01
-7.213703639660e-01	5.232517740711e-01	-4.536875344585e-01
-6.879112432041e-01	1.148714522423e-02	-7.257039113633e-01
-5.385774055502e-01	-3.063596620937e-01	-7.849064502683e-01
-4.199592120399e-01	-5.172453293094e-01	-7.457154480970e-01
-4.453380814745e-01	-4.417923188758e-01	-7.787769514893e-01
-3.354747528991e-01	-1.555086920888e-01	-9.291252535865e-01
-9.172184113170e-02	-1.641481148131e-02	-9.956493648988e-01
6.974224634597e-02	-1.743679081791e-02	-9.974126414883e-01
3.335991865019e-01	-1.556323711134e-01	-9.297796232586e-01
4.162747220888e-01	-3.802657770932e-01	-8.259015041285e-01
3.677338268019e-01	-5.711990647632e-01	-7.338279505711e-01
5.095261923269e-01	-3.243815093500e-01	-7.969690682358e-01
6.829458080442e-01	5.475064377720e-02	-7.284142985148e-01
6.987664119413e-01	5.347665943675e-01	-4.751317618211e-01
3.915460999237e-01	8.856231800479e-01	-2.497263193905e-01
3.809892503591e-02	9.764504280747e-01	-2.123512030196e-01
-4.473851925412e-02	9.761604513210e-01	-2.123893551282e-01
-3.801974816542e-01	8.919505910875e-01	-2.446916794713e-01
-7.008437815447e-01	5.332229844214e-01	-4.738050683086e-01
-6.674654566603e-01	2.475487618981e-02	-7.442291718752e-01
-5.158143981369e-01	-2.952130824609e-01	-8.042292848551e-01
-3.938152541894e-01	-5.140025546486e-01	-7.620439090909e-01
-4.174824515874e-01	-4.547414017539e-01	-7.867138362502e-01
-3.220585457283e-01	-1.837972940377e-01	-9.287070839763e-01
-9.602870474653e-02	-4.818140416752e-02	-9.942117682653e-01
7.042661954829e-02	-5.055841295564e-02	-9.962348810087e-01
3.145265897202e-01	-1.791392356777e-01	-9.321921253689e-01
3.921858129807e-01	-4.142378563053e-01	-8.213387160607e-01
3.307632569447e-01	-5.895060971072e-01	-7.369384162390e-01
4.753274694389e-01	-3.318987514561e-01	-8.148048941794e-01
6.550311468624e-01	4.746251769701e-02	-7.541097440387e-01
6.805295124982e-01	5.279611087011e-01	-5.080715011866e-01
4.477774457359e-01	8.408900156095e-01	-3.039725986639e-01
1.309897849304e-01	9.589752972833e-01	-2.514121227073e-01

Hair-23
-1.824331679169e-01	9.830883228552e-01	-1.598401418752e-02
-5.291938486098e-01	8.456158048629e-01	-6.991266809080e-02
-8.389203853621e-01	3.996355707750e-01	-3.694644740639e-01
-7.702085143008e-01	-1.314766007247e-01	-6.240935410341e-01
-6.194400182601e-01	-4.330070092891e-01	-6.548274533680e-01
-5.350121999179e-01	-5.939459137267e-01	-6.008245979538e-01
-6.038233231899e-01	-4.174047881648e-01	-6.790954551379e-01
-4.604616990744e-01	-3.417327086557e-02	-8.870215393348e-01
-1.273354628352e-01	1.623744991127e-01	-9.784785137868e-01
8.695571742740e-02	1.647816054334e-01	-9.824895550170e-01
4.351398507965e-01	-9.812763527684e-03	-9.003094023283e-01
5.762831685858e-01	-3.291034788450e-01	-7.480565552261e-01
5.146237374223e-01	-5.879965698804e-01	-6.240372125846e-01
6.208990130963e-01	-3.985960240218e-01	-6.749856481215e-01
7.959306152892e-01	-2.058052090688e-02	-6.050379308808e-01
8.133953936565e-01	4.654303049889e-01	-3.489449308648e-01
4.520853659087e-01	8.886423278432e-01	-7.703009214923e-02
4.569979311466e-02	9.985195091629e-01	-2.950116489971e-02
-4.667028921322e-02	9.984453833131e-01	-3.047459016238e-02
-4.303923470734e-01	8.999306787135e-01	-6.990851944389e-02
-8.163966516604e-01	4.577811311902e-01	-3.520411099346e-01
-7.775453267081e-01	-6.087290020590e-02	-6.258735934156e-01
-6.300572077959e-01	-3.735468717587e-01	-6.808014758384e-01
-5.325255358542e-01	-5.453763026116e-01	-6.472876039388e-01
-5.814521340936e-01	-3.940286598679e-01	-7.117969028879e-01
-4.257921125476e-01	-4.390771130044e-02	-9.037550496570e-01
-1.146620919718e-01	1.349320654823e-01	-9.841981215026e-01
7.915935207779e-02	1.343748092050e-01	-9.877637407952e-01
4.088067972172e-01	-2.679067376513e-02	-9.122276373517e-01
5.515551127532e-01	-3.251022785075e-01	-7.681767154145e-01
4.978349427124e-01	-5.732273202584e-01	-6.508231780784e-01
6.120072849022e-01	-3.735286284008e-01	-6.970820948724e-01
7.824152991616e-01	4.070079932551e-03	-6.227437146107e-01
7.937006113020e-01	4.867157146634e-01	-3.648933443056e-01
4.355396128478e-01	8.941128967668e-01	-1.042466952749e-01
3.502172180129e-02	9.975536746874e-01	-6.049913321479e-02
-5.078957943501e-02	9.968376759594e-01	-6.111518967160e-02
-4.281974051143e-01	8.981089761626e-01	-1.002359675444e-01
-7.989053709614e-01	4.708149400278e-01	-3.742773042754e-01
-7.613940334264e-01	-4.679708340842e-02	-6.465981432444e-01
-6.115835234340e-01	-3.613969765435e-01	-7.038166090746e-01
-5.104519633721e-01	-5.404216261707e-01	-6.688671460437e-01
-5.530126123446e-01	-4.051226996414e-01	-7.280471473902e-01
-4.182676205873e-01	-7.283776046407e-02	-9.053987288586e-01
-1.236816946951e-01	1.013539509994e-01	-9.871323188986e-01
6.665991992724e-02	1.076328216990e-01	-9.919534418351e-01
3.876367876319e-01	-4.813359967610e-02	-9.205546575064e-01
5.238066558372e-01	-3.282845858900e-01	-7.860380512213e-01
4.775447989009e-01	-5.652765917664e-01	-6.726167852824e-01
5.965525250665e-01	-3.559398474556e-01	-7.193274010005e-01
7.661033395815e-01	2.248987183290e-02	-6.423238114433e-01
7.746809102490e-01	5.029631367954e-01	-3.832721882954e-01
4.238216748051e-01	8.959080341726e-01	-1.331314473381e-01
2.760024665368e-02	9.954711568341e-01	-9.096923818579e-02
-5.648733267679e-02	9.942047781344e-01	-9.146606136604e-02
-4.283994020805e-01	8.939523420346e-01	-1.316174854185e-01
-7.827358055797e-01	4.768808904726e-01	-3.998865776261e-01
-7.413582521324e-01	-3.980925157418e-02	-6.699277315384e-01
-5.878686108346e-01	-3.574654760271e-01	-7.256920351252e-01
-4.817598467203e-01	-5.433205587988e-01	-6.875392501338e-01
-5.284656211115e-01	-4.199402184263e-01	-7.378172539669e-01
-4.009170806016e-01	-1.003554893041e-01	-9.106010488949e-01
-1.237924820825e-01	6.999194617738e-02	-9.898366273533e-01
6.069290627195e-02	7.807977271186e-02	-9.950979450393e-01
3.706444678327e-01	-7.099267664575e-02	-9.260576214943e-01
4.986782587729e-01	-3.421434225372e-01	-7.964030842744e-01
4.458030490385e-01	-5.748213376895e-01	-6.861778714043e-01
5.705748632473e-01	-3.582229326557e-01	-7.389997672191e-01
7.447673453117e-01	2.399888356069e-02	-6.668925362794e-01
7.587553214777e-01	5.040633857071e-01	-4.125657103041e-01
4.352554540593e-01	8.842750651928e-01	-1.691457915225e-01
5.321031153771e-02	9.910189012295e-01	-1.226792572195e-01
-3.105928233436e-02	9.923343072837e-01	-1.196158165488e-01
-3.986063141787e-01	9.039310379215e-01	-1.549893060153e-01
-7.583122129915e-01	5.125633061729e-01	-4.027920614820e-01
-7.318043695319e-01	-2.348494345915e-04	-6.815147170677e-01
-5.847266091762e-01	-3.149105442235e-01	-7.476136312683e-01
-4.768099684565e-01	-5.103994901995e-01	-7.156427980387e-01
-5.014146553106e-01	-4.005017885803e-01	-7.669300233944e-01
-3.588799476055e-01	-1.036893759089e-01	-9.276064340712e-01
-9.301863933944e-02	4.706177343103e-02	-9.945515181311e-01
7.252096879989e-02	4.207246599234e-02	-9.964791100117e-01
3.607520096739e-01	-1.003822992256e-01	-9.272439708720e-01
4.709686257157e-01	-3.542989504361e-01	-8.078742521651e-01
4.202965107320e-01	-5.734055423471e-01	-7.032474152616e-01
5.511152296175e-01	-3.467798303467e-01	-7.589570165354e-01
7.256057186115e-01	3.662235018597e-02	-6.871354630531e-01
7.391054145334e-01	5.131139520531e-01	-4.363911759144e-01
4.251559087931e-01	8.832799463418e-01	-1.976334728953e-01
4.627195629292e-02	9.871325555631e-01	-1.530628100107e-01
-3.442099505609e-02	9.879404929186e-01	-1.509595228901e-01
-3.918687831987e-01	9.012639260324e-01	-1.848301717446e-01
-7.394998152466e-01	5.203556681606e-01	-4.270480088508e-01
-7.121656347808e-01	1.165182882699e-02	-7.019147694146e-01
-5.651756613645e-01	-3.038679940800e-01	-7.669685221539e-01
-4.515006373209e-01	-5.075455117854e-01	-7.338560676082e-01
-4.722571092601e-01	-4.157773903608e-01	-7.772402359747e-01
-3.421673177267e-01	-1.226677469631e-01	-9.315976333883e-01
-8.764459664639e-02	1.357070696679e-02	-9.960593659974e-01
7.250649019553e-02	1.547439101684e-02	-9.972478889936e-01
3.421631692433e-01	-1.285494491495e-01	-9.308057825007e-01
4.440924345442e-01	-3.610313966301e-01	-8.200233168806e-01
3.986247930766e-01	-5.651412883033e-01	-7.222974446857e-01
5.338243329244e-01	-3.277336244119e-01	-7.795012848018e-01
7.062408011918e-01	5.232842244016e-02	-7.060351740083e-01
7.187409323382e-01	5.269710092030e-01	-4.535559807137e-01
4.089342686468e-01	8.846971365913e-01	-2.237939687157e-01
3.776115590207e-02	9.826495868229e-01	-1.815871268061e-01
-4.190968040024e-02	9.823232861107e-01	-1.824405115468e-01
-3.908885010864e-01	8.944015593577e-01	-2.173753213613e-01
-7.203913602999e-01	5.253734847811e-01	-4.527902268095e-01
-6.904058332557e-01	1.785708279636e-02	-7.232018459604e-01
-5.409217789050e-01	-3.024901351255e-01	-7.847950989004e-01
-4.217341593661e-01	-5.125203721328e-01	-7.479727046976e-01
-4.474052842708e-01	-4.394837943452e-01	-7.788982642903e-01
-3.295272406666e-01	-1.550651790108e-01	-9.313251783974e-01
-1.028959363606e-01	-1.497391824605e-02	-9.945794126428e-01
4.829474957932e-02	-1.537504815908e-02	-9.987147866419e-01
3.129956279090e-01	-1.435099515541e-01	-9.388496315783e-01
4.166952789674e-01	-3.695925252315e-01	-8.305217695999e-01
3.688088168621e-01	-5.690845468270e-01	-7.349304968277e-01
5.078852880978e-01	-3.227944048572e-01	-7.986590676420e-01
6.827322172443e-01	5.454455954861e-02	-7.286299544765e-01
7.004575539309e-01	5.285748701563e-01	-4.795496030447e-01
4.104237055821e-01	8.751251007977e-01	-2.563365753264e-01
4.717300999563e-02	9.761205651055e-01	-2.120456307166e-01
-3.135062355260e-02	9.769780286709e-01	-2.110238609663e-01
-3.772535698923e-01	8.931837686572e-01	-2.447498711150e-01
-6.991246516136e-01	5.404366544271e-01	-4.681377404759e-01
-6.704010660280e-01	3.427506316644e-02	-7.412068744375e-01
-5.203901368965e-01	-2.860949770119e-01	-8.045767642366e-01
-3.986566369487e-01	-5.035820433543e-01	-7.664711419407e-01
-4.188761456540e-01	-4.414149398613e-01	-7.935336322231e-01
-2.971199727982e-01	-1.656101005653e-01	-9.403685534699e-01
-6.814956947933e-02	-4.437455536089e-02	-9.966877821145e-01
8.125133263119e-02	-5.271073263930e-02	-9.952988493966e-01
3.253013059839e-01	-1.946987045231e-01	-9.253493798464e-01
3.922124389818e-01	-4.290812014912e-01	-8.136699117178e-01
3.202242460014e-01	-6.136849683414e-01	-7.216974379230e-01
4.595163595922e-01	-3.618365941734e-01	-8.111220588691e-01
6.421743545688e-01	1.143333952987e-02	-7.664733374889e-01
6.825517553281e-01	4.979881251810e-01	-5.349120754641e-01
4.760553175580e-01	8.210033216250e-01	-3.151585006079e-01
1.601708964374e-01	9.509192782265e-01	-2.647599105446e-01

Hair-24
-4.386496515086e-02	9.990333281416e-01	-2.876472613395e-03
-1.456245091529e-02	9.998939482021e-01	1.654452626360e-04
-3.547982199105e-02	9.993703844873e-01	1.297734531960e-04
-1.270372636616e-02	9.999193026153e-01	5.994852067620e-05
-3.220570684181e-02	9.994812105037e-01	3.198387280513e-04
-8.072170039796e-03	9.999674183718e-01	4.759887098708e-05
-2.774364969867e-02	9.996150388813e-01	-2.528710177611e-04
-1.067345316333e-03	9.999994247265e-01	1.063981353315e-04
-2.208989035549e-02	9.997559587604e-01	-2.442684370380e-04
4.265958455768e-03	9.999908972285e-01	8.401539264630e-05
-1.655174856222e-02	9.998630103730e-01	1.035820642931e-05
6.156723297126e-03	9.999810449662e-01	6.683262225604e-05
-1.583329882543e-02	9.998746268852e-01	1.927678862502e-04
5.205323949915e-03	9.999864467523e-01	1.044709832439e-04
-1.647892118605e-02	9.998642091618e-01	9.161807387520e-05

Hair-25
9.986563343676e-01	-5.182203388751e-02	-5.129644571766e-05
9.994494915855e-01	-3.317670761099e-02	1.408603508218e-04
9.993612476764e-01	-3.573446205847e-02	3.806101746284e-04
9.995429174306e-01	-3.023028969354e-02	2.929153790991e-04
9.996857925233e-01	-2.506535551803e-02	-2.101900450800e-04
9.990956578404e-01	-4.250986026001e-02	8.821934098545e-04
9.994655740219e-01	-3.268884961995e-02	7.386149534083e-05

Hair-26
9.982046343236e-01	5.989580702743e-02	1.775906500500e-05
9.984866243042e-01	5.499150075119e-02	-6.292303431787e-04
9.987406279066e-01	5.017037322031e-02	-3.030175717421e-04
9.989577070438e-01	4.564132054302e-02	-6.077803526659e-04
9.990955899429e-01	4.251973889014e-02	-2.719582545822e-04
9.991133477068e-01	4.208199692192e-02	-1.274350459157e-03
9.992472599385e-01	3.878257279326e-02	-9.085994121185e-04

