Hair-0
-2.040645203447e-03	3.574134360366e-01	9.339440408866e-01
-3.065234050782e-02	5.097315278590e-01	8.597873013298e-01
-5.387725462502e-02	4.560219839063e-01	8.883361929068e-01
-4.029437552406e-03	4.805850732821e-01	8.769388524700e-01
2.543876690446e-02	4.806269193380e-01	8.765561211617e-01
3.914055506569e-02	4.753604821937e-01	8.789200355651e-01
6.491064620648e-02	4.308918198722e-01	9.000660240095e-01
6.701617796393e-02	4.274850277830e-01	9.015350148011e-01

Hair-1
3.338857468049e-03	3.477518388866e-01	-9.375806688397e-01
3.212522749215e-03	6.113532173555e-01	-7.913513273678e-01
6.476274919835e-02	5.269852458127e-01	-8.474032906545e-01
1.518832087963e-02	5.378908941158e-01	-8.428776310570e-01
-1.824277320457e-02	5.379182029592e-01	-8.427996251488e-01
-7.419618502924e-02	5.253494462079e-01	-8.476454951783e-01
-4.187254458266e-03	6.173796324181e-01	-7.866542165242e-01
3.051295603221e-03	3.477053395693e-01	-9.375988942134e-01

Hair-2
-1.745485662365e-03	3.569235975215e-01	9.341319493584e-01
-3.067742259256e-02	5.100226398900e-01	8.596137519506e-01
-5.357890911795e-02	4.563224233945e-01	8.881999473120e-01
-3.712156869919e-03	4.806386088192e-01	8.769109120108e-01
2.556996571397e-02	4.806060361577e-01	8.765637540203e-01
3.914295324970e-02	4.753335146522e-01	8.789345135215e-01
6.486979878778e-02	4.312917072576e-01	8.998774207947e-01
6.725380987999e-02	4.279868908760e-01	9.012791722296e-01

Hair-3
4.844254915399e-03	3.534721751302e-01	-9.354324960162e-01
1.997202760926e-03	6.162666267908e-01	-7.875350505755e-01
6.356856140149e-02	5.279921175678e-01	-8.468667910525e-01
1.654339522908e-02	5.380696348588e-01	-8.427380281660e-01
-1.551851649091e-02	5.377970613477e-01	-8.429314897735e-01
-6.742085937312e-02	5.291261533986e-01	-8.458604740210e-01
-2.191571037388e-03	6.259454779588e-01	-7.798637417135e-01
1.485448827791e-03	3.556150380173e-01	-9.346313381102e-01

Hair-4
-1.795138892791e-03	3.570212494613e-01	9.340945374583e-01
-3.066843435160e-02	5.100219396015e-01	8.596144881629e-01
-5.360798946297e-02	4.563355144677e-01	8.881914668028e-01
-3.820903124322e-03	4.806184084939e-01	8.769215165088e-01
2.561366731817e-02	4.805965512456e-01	8.765676784923e-01
3.925568648270e-02	4.752144311336e-01	8.789938768394e-01
6.486144180176e-02	4.311987685557e-01	8.999225607592e-01
6.731440942968e-02	4.280252317202e-01	9.012564403620e-01

Hair-5
3.293199296595e-03	3.455313809944e-01	-9.384014170846e-01
3.891275665932e-03	6.091045724457e-01	-7.930803728497e-01
6.740431439151e-02	5.255546461242e-01	-8.480854746655e-01
1.723910154314e-02	5.378028112252e-01	-8.428943881746e-01
-1.777711578028e-02	5.377691880158e-01	-8.429046651759e-01
-7.404228649554e-02	5.251737028527e-01	-8.477678465491e-01
-4.126473657783e-03	6.163646370713e-01	-7.874500659617e-01
2.923742449169e-03	3.484226797133e-01	-9.373329653818e-01

Hair-6
-1.572386194009e-03	3.565304916579e-01	9.342823642346e-01
-3.073389639800e-02	5.092852404785e-01	8.600488192207e-01
-5.410062936282e-02	4.558080507149e-01	8.884324075618e-01
-4.170155537491e-03	4.805583289655e-01	8.769528506509e-01
2.560768127335e-02	4.805931723742e-01	8.765697059146e-01
3.945942658734e-02	4.750480010864e-01	8.790747125911e-01
6.492819765275e-02	4.305621869517e-01	9.002224904528e-01
6.699711497696e-02	4.273303964473e-01	9.016097375566e-01

Hair-7
2.666426277736e-03	3.464675615534e-01	-9.380581639547e-01
3.891942956482e-03	6.123383874226e-01	-7.905862078665e-01
6.437943942860e-02	5.273749181302e-01	-8.471900515858e-01
1.542790344615e-02	5.379145793207e-01	-8.428581643132e-01
-1.950962962236e-02	5.375878757501e-01	-8.429819987393e-01
-7.575003847073e-02	5.239952047130e-01	-8.483460126089e-01
-4.503117958689e-03	6.150109083989e-01	-7.885057415638e-01
2.767407966556e-03	3.481378314256e-01	-9.374392736511e-01

Hair-8
-1.524873263939e-03	3.564186841256e-01	9.343251020751e-01
-3.075676017731e-02	5.090746324235e-01	8.601726805277e-01
-5.428709264179e-02	4.556033517805e-01	8.885260251781e-01
-4.348307481872e-03	4.805300742662e-01	8.769674680099e-01
2.533001145127e-02	4.806408088966e-01	8.765516546919e-01
3.919854926566e-02	4.753035054228e-01	8.789482643866e-01
6.492989306618e-02	4.306548335267e-01	9.001780509136e-01
6.690594108159e-02	4.272237310605e-01	9.016670553296e-01

Hair-9
2.650372149427e-03	3.442769637772e-01	-9.388643926254e-01
3.968024961487e-03	6.091737227908e-01	-7.930268786360e-01
6.591341377232e-02	5.264556840785e-01	-8.476436955386e-01
1.524096686021e-02	5.379169660587e-01	-8.428600420920e-01
-2.020257401738e-02	5.376098995022e-01	-8.429516308545e-01
-7.710944968943e-02	5.233483730295e-01	-8.486227743915e-01
-5.062931022595e-03	6.130667995667e-01	-7.900148517582e-01
3.970652073710e-03	3.444603194729e-01	-9.387924809194e-01

Hair-10
-1.626454533512e-03	3.566669904537e-01	9.342301710854e-01
-3.071282780464e-02	5.096472129965e-01	8.598351240169e-01
-5.388982351507e-02	4.560084624159e-01	8.883423715700e-01
-4.070210062451e-03	4.805772979737e-01	8.769429252023e-01
2.522636397072e-02	4.806633961605e-01	8.765422580528e-01
3.890306541484e-02	4.755495038969e-01	8.788283227370e-01
6.485753616088e-02	4.314304111597e-01	8.998118138420e-01
6.725545594945e-02	4.279973292521e-01	9.012740924925e-01

Hair-11
1.625486806419e-03	3.399421400875e-01	-9.404449474506e-01
5.197401703678e-03	6.042568960493e-01	-7.967726090877e-01
7.017400352417e-02	5.239965369812e-01	-8.488246217336e-01
1.802230833299e-02	5.377445763979e-01	-8.429151599995e-01
-1.852596117419e-02	5.377198520392e-01	-8.429200136937e-01
-7.760280363677e-02	5.230873157496e-01	-8.487387495393e-01
-6.080881571862e-03	6.096971339028e-01	-7.926111453860e-01
5.833494785475e-03	3.389959648788e-01	-9.407697412941e-01

Hair-12
-1.802262457012e-03	3.570412745348e-01	9.340868696907e-01
-3.066514988697e-02	5.100813210022e-01	8.595793707082e-01
-5.358409434555e-02	4.563545358332e-01	8.881831356526e-01
-3.838057216194e-03	4.806143879332e-01	8.769236451530e-01
2.551383491996e-02	4.806131042887e-01	8.765615142211e-01
3.913965069587e-02	4.753109935954e-01	8.789468397524e-01
6.484190698614e-02	4.313993378130e-01	8.998278382185e-01
6.738043979828e-02	4.281853235466e-01	9.011754574065e-01

Hair-13
4.093076053858e-03	3.485952554215e-01	-9.372644208685e-01
3.312533670908e-03	6.108695693740e-01	-7.917243183921e-01
6.732424281532e-02	5.256173229376e-01	-8.480529913615e-01
1.835603885533e-02	5.378154788203e-01	-8.428627210755e-01
-1.483608025340e-02	5.378743839984e-01	-8.428944404616e-01
-6.901323947920e-02	5.280513137173e-01	-8.464035579190e-01
-2.757189340105e-03	6.220270988426e-01	-7.829908595970e-01
1.544379316585e-03	3.534285873282e-01	-9.354602335491e-01

Hair-14
-1.721618050318e-03	3.568416271527e-01	9.341633096854e-01
-3.071545259498e-02	5.094692860522e-01	8.599404674402e-01
-5.417857603645e-02	4.557374946487e-01	8.884638528775e-01
-4.635792175317e-03	4.804808891407e-01	8.769929444423e-01
2.487052095043e-02	4.807177601983e-01	8.765226136373e-01
3.874187510062e-02	4.756858261782e-01	8.787616638696e-01
6.477119272479e-02	4.313383948415e-01	8.998621459582e-01
6.740086923269e-02	4.281112399863e-01	9.012091261323e-01

Hair-15
6.353993618025e-04	3.360510121797e-01	-9.418435716618e-01
6.128779163708e-03	6.008183233289e-01	-7.993621084454e-01
7.188757799534e-02	5.230194077947e-01	-8.492837424560e-01
1.797307998873e-02	5.377683217288e-01	-8.429010621305e-01

Hair-16
-6.807819469698e-02	9.976799853137e-01	-7.944358959011e-05
-4.572445214259e-01	8.882177849234e-01	-4.468348880603e-02
-8.318510689262e-01	4.481343729267e-01	-3.274131685317e-01
-7.957328483525e-01	-7.016541266753e-02	-6.015696542530e-01

Hair-17
-5.545610622348e-02	9.984611255807e-01	-3.140975346183e-05
-4.459799193329e-01	8.940516451121e-01	-4.211374388727e-02
-8.288558212088e-01	4.599158834844e-01	-3.185520487566e-01
-8.002447547134e-01	-5.655066018825e-02	-5.970011351631e-01
-6.548538321252e-01	-3.688133508350e-01	-6.596538264853e-01
-5.646233882438e-01	-5.296480279204e-01	-6.329876744204e-01
-5.999120294630e-01	-3.587662656666e-01	-7.151169998854e-01
-4.303351635961e-01	-1.447649094043e-03	-9.026680183128e-01
-1.087296884307e-01	1.659734085481e-01	-9.801176880909e-01
8.582818787215e-02	1.657419249617e-01	-9.824271659907e-01
4.210546798384e-01	2.935222675353e-03	-9.070305072345e-01
5.719602257321e-01	-3.000317678821e-01	-7.634411820449e-01
5.221445819904e-01	-5.731888291414e-01	-6.315216557218e-01
6.267640559687e-01	-3.892533045312e-01	-6.750175427773e-01
7.993597341402e-01	-8.477952064453e-03	-6.007929258605e-01
8.105970592639e-01	4.762571446604e-01	-3.407514338527e-01
4.598097793415e-01	8.844091861731e-01	-7.997098370376e-02
4.875471363748e-02	9.983428047549e-01	-3.057158962615e-02
-5.153032369542e-02	9.982020657078e-01	-3.061473103751e-02
-4.372594889281e-01	8.964863703259e-01	-7.152850594128e-02
-8.122527135848e-01	4.737507148040e-01	-3.403024970477e-01
-7.843390462910e-01	-4.216424595258e-02	-6.188977595909e-01
-6.383694685659e-01	-3.563196519552e-01	-6.822907937481e-01
-5.434568767709e-01	-5.253170561462e-01	-6.547492753813e-01
-5.751388685691e-01	-3.684481494134e-01	-7.303843118899e-01
-4.107987447436e-01	-2.335282132654e-02	-9.114269235946e-01
-1.041714947726e-01	1.361135889797e-01	-9.852011929408e-01
8.133407184697e-02	1.358527884601e-01	-9.873848229664e-01
4.030351138751e-01	-2.052758509727e-02	-9.149542694768e-01
5.467246246445e-01	-3.094249341174e-01	-7.780413838311e-01
4.987997669790e-01	-5.718408123837e-01	-6.513039826027e-01
6.092295745175e-01	-3.776483923582e-01	-6.972955021240e-01
7.822354523951e-01	3.892491142100e-03	-6.229707421132e-01
7.935709238283e-01	4.881389695272e-01	-3.632706088900e-01
4.526811881529e-01	8.848918532282e-01	-1.097549542519e-01
4.845852601096e-02	9.969505353829e-01	-6.116699483130e-02
-5.110460256805e-02	9.968158146833e-01	-6.120907770578e-02
-4.309458121775e-01	8.966508731361e-01	-1.015032938918e-01
-7.951489212539e-01	4.861575054350e-01	-3.624763067264e-01
-7.673223708390e-01	-2.884017243601e-02	-6.406126939609e-01
-6.205926102696e-01	-3.446491799957e-01	-7.043307140875e-01
-5.211917047744e-01	-5.216326348060e-01	-6.754691711541e-01
-5.499485408582e-01	-3.790209215132e-01	-7.442444111065e-01
-3.910239950746e-01	-4.540085827037e-02	-9.192600270567e-01
-9.935186044158e-02	1.061516223046e-01	-9.893740652094e-01
7.692811504619e-02	1.058028611139e-01	-9.914069899368e-01
3.846821587548e-01	-4.401773537120e-02	-9.219989564574e-01
5.209599969862e-01	-3.184217859125e-01	-7.919648021197e-01
4.748890862417e-01	-5.701442314494e-01	-6.703848977368e-01
5.908642744882e-01	-3.661049993087e-01	-7.189203979682e-01
7.642907424336e-01	1.594882459587e-02	-6.446745659822e-01
7.758587873072e-01	4.993490359625e-01	-3.856081980995e-01
4.450056640026e-01	8.846114034746e-01	-1.394009463681e-01
4.764802765439e-02	9.946464847829e-01	-9.169534213748e-02
-5.117465006828e-02	9.944663785596e-01	-9.174844470044e-02
-4.247879112303e-01	8.956917340725e-01	-1.314973307209e-01
-7.776467417205e-01	4.968008611005e-01	-3.852978711352e-01
-7.490968800670e-01	-1.698146799306e-02	-6.622427757391e-01
-6.013855612309e-01	-3.340545840060e-01	-7.257705847219e-01
-4.977896237831e-01	-5.187452389959e-01	-6.950603336927e-01
-5.243155224393e-01	-3.899419859518e-01	-7.569930518315e-01
-3.719080791600e-01	-6.843915528530e-02	-9.257431947789e-01
-9.526954366483e-02	7.595470893040e-02	-9.925495434693e-01
7.172761012813e-02	7.578860680807e-02	-9.945407166242e-01
3.655469487817e-01	-6.706907997897e-02	-9.283733983410e-01
4.946885379419e-01	-3.268448224378e-01	-8.052674788382e-01
4.506312998141e-01	-5.677264949815e-01	-6.889252924113e-01
5.720764420974e-01	-3.540130872502e-01	-7.398670680959e-01
7.456982684185e-01	2.823355386996e-02	-6.656853302526e-01
7.573597646529e-01	5.103093133819e-01	-4.074194295325e-01
4.368296772501e-01	8.835462596444e-01	-1.688959447174e-01
4.707811621293e-02	9.913954977621e-01	-1.221417946111e-01
-5.083476483620e-02	9.912030700002e-01	-1.221977933770e-01
-4.178943903641e-01	8.940626060264e-01	-1.612957997205e-01
-7.592200625492e-01	5.077146651677e-01	-4.071986190995e-01
-7.304638319465e-01	-4.219754738986e-03	-6.829383455979e-01
-5.822139664198e-01	-3.221572987675e-01	-7.464861500099e-01
-4.743828416795e-01	-5.144612593324e-01	-7.143462270959e-01
-4.981297757026e-01	-3.998708337022e-01	-7.693958947855e-01
-3.518950974835e-01	-9.085125522204e-02	-9.316200350957e-01
-9.095516851535e-02	4.570943300036e-02	-9.948054106483e-01
6.656865080093e-02	4.568321377679e-02	-9.967355008775e-01
3.457806306383e-01	-8.980218019394e-02	-9.340082033407e-01
4.679523321472e-01	-3.349174023326e-01	-8.178330810457e-01
4.262387205970e-01	-5.641979226216e-01	-7.071076701417e-01
5.533369987824e-01	-3.406784650931e-01	-7.601028543561e-01
7.266642877396e-01	4.141914431381e-02	-6.857430039076e-01
7.379451879526e-01	5.215535735315e-01	-4.282741756329e-01
4.282392507000e-01	8.816548842992e-01	-1.982317057166e-01
4.650852784070e-02	9.872122640258e-01	-1.524759082452e-01
-5.026786123929e-02	9.870195825902e-01	-1.525302780101e-01
-4.101252779459e-01	8.918402142042e-01	-1.908357637288e-01
-7.398147903467e-01	5.191645326771e-01	-4.279512402066e-01
-7.115406543738e-01	9.725908094811e-03	-7.025776141360e-01
-5.631696459742e-01	-3.088454514881e-01	-7.664557632039e-01
-4.510727226102e-01	-5.086465218212e-01	-7.333567445359e-01
-4.714407240927e-01	-4.089868825900e-01	-7.813279551739e-01
-3.305857063213e-01	-1.122089599166e-01	-9.370817680920e-01
-8.590022540224e-02	1.553880192193e-02	-9.961825620390e-01
6.197194537943e-02	1.542370454668e-02	-9.979587102300e-01
3.264058606865e-01	-1.130960924151e-01	-9.384393896198e-01
4.408311692347e-01	-3.432462200329e-01	-8.293671760230e-01
4.011796629276e-01	-5.606777112080e-01	-7.243586005618e-01
5.337234410708e-01	-3.275720410250e-01	-7.796382791976e-01
7.067767923325e-01	5.394397733747e-02	-7.053769298249e-01
7.179847509109e-01	5.317698291096e-01	-4.491311014705e-01
4.196850068673e-01	8.786992257979e-01	-2.274910231040e-01
4.638354551698e-02	9.820792001153e-01	-1.826718681302e-01
-4.924006736096e-02	9.819320345677e-01	-1.827153394111e-01
-4.016536859310e-01	8.889420881520e-01	-2.201278730421e-01
-7.196605109606e-01	5.303376820264e-01	-4.481413749998e-01
-6.919894830076e-01	2.378952838374e-02	-7.215154979251e-01
-5.435733692707e-01	-2.952893934552e-01	-7.857048850125e-01
-4.273267079070e-01	-5.023662438955e-01	-7.516781503435e-01
-4.442990880667e-01	-4.176468387233e-01	-7.925714090525e-01
-3.089683261064e-01	-1.334560138037e-01	-9.416623948330e-01
-8.062731294382e-02	-1.462541731306e-02	-9.966370119436e-01
5.740530815028e-02	-1.486650001910e-02	-9.982402605452e-01
3.071245062229e-01	-1.366381518760e-01	-9.418091914657e-01
4.132998111716e-01	-3.513316887572e-01	-8.400888706325e-01
3.755366476643e-01	-5.570517780086e-01	-7.407196115120e-01
5.132680760483e-01	-3.146945068661e-01	-7.984505303762e-01
6.860806505383e-01	6.589607975944e-02	-7.245350561769e-01
6.974609762638e-01	5.410750176411e-01	-4.698787203883e-01
4.107037265736e-01	8.749374594179e-01	-2.565285385408e-01
4.580317236346e-02	9.760454158680e-01	-2.126908920581e-01
-4.865730336772e-02	9.758975838717e-01	-2.127354521993e-01
-3.935096386358e-01	8.848532272217e-01	-2.493690649943e-01
-6.991448699322e-01	5.398181694130e-01	-4.688206424839e-01
-6.713633678739e-01	3.654881666107e-02	-7.402265952245e-01
-5.227544118718e-01	-2.826305361009e-01	-8.042684905750e-01
-4.024864881022e-01	-4.969864021057e-01	-7.687711902882e-01
-4.168376669496e-01	-4.269375909879e-01	-8.024778207611e-01
-2.884886250493e-01	-1.560257015823e-01	-9.446852881584e-01
-7.656394301922e-02	-4.500251884990e-02	-9.960485610283e-01
5.155990421432e-02	-4.491848965781e-02	-9.976592131406e-01
2.861824678568e-01	-1.588356875452e-01	-9.449184194699e-01
3.854157469343e-01	-3.592753631338e-01	-8.499270059600e-01
3.497574192832e-01	-5.524650734158e-01	-7.566056372457e-01
4.927901164582e-01	-3.008080535661e-01	-8.165001016723e-01
6.648787844855e-01	7.828255156470e-02	-7.428378316037e-01
6.762764566432e-01	5.498976787949e-01	-4.901659892792e-01
4.032981954865e-01	8.692850049320e-01	-2.858218776051e-01
4.899175310176e-02	9.688999686084e-01	-2.425544453493e-01

Hair-18
-5.417110821446e-02	9.985316673842e-01	-1.629988820393e-05
-4.448874486595e-01	8.946073979630e-01	-4.186599497353e-02
-8.290072402770e-01	4.593366049470e-01	-3.189935405680e-01
-8.000413498136e-01	-5.716968806772e-02	-5.972147564776e-01
-6.545566506926e-01	-3.693053705299e-01	-6.596735058587e-01
-5.645556243203e-01	-5.297730736520e-01	-6.329434710001e-01
-5.998491059077e-01	-3.581599681378e-01	-7.154736105303e-01
-4.292186670929e-01	-2.961487373863e-04	-9.032005580794e-01
-1.076128625902e-01	1.661512946443e-01	-9.802108033955e-01
8.796641318112e-02	1.653842701241e-01	-9.822983016109e-01
4.221888948352e-01	1.864614400563e-03	-9.065059626340e-01
5.721874355390e-01	-3.023529680749e-01	-7.623543935123e-01
5.209432303071e-01	-5.756334246327e-01	-6.302890695886e-01
6.251968099300e-01	-3.916984376729e-01	-6.750565033965e-01
7.985803879699e-01	-1.125786792256e-02	-6.017828714409e-01
8.112657034260e-01	4.737952416834e-01	-3.425872551671e-01
4.601273785245e-01	8.842366948340e-01	-8.005162734857e-02
4.919571444109e-02	9.983210444763e-01	-3.057570663847e-02
-5.110020978750e-02	9.982244248451e-01	-3.060663657233e-02
-4.369189288321e-01	8.966593484149e-01	-7.144132227444e-02
-8.126353697121e-01	4.723056159277e-01	-3.413959007604e-01
-7.838139497406e-01	-4.374158754087e-02	-6.194532796841e-01
-6.374986756533e-01	-3.577685508206e-01	-6.823467612468e-01
-5.428455556625e-01	-5.265137348921e-01	-6.542950325866e-01
-5.752062826203e-01	-3.690895794742e-01	-7.300072703458e-01
-4.100828108228e-01	-2.262056621597e-02	-9.117677326226e-01
-1.043634078944e-01	1.360768229744e-01	-9.851859607921e-01
8.244310165115e-02	1.356832085186e-01	-9.873161610732e-01
4.027028369281e-01	-2.025520967941e-02	-9.151066340110e-01
5.468588794049e-01	-3.106829319535e-01	-7.774454847826e-01
4.981061032304e-01	-5.732569360652e-01	-6.505895750608e-01
6.082723723390e-01	-3.791483273536e-01	-6.973171924699e-01
7.817595456010e-01	2.187325669358e-03	-6.235761609203e-01
7.939865004758e-01	4.866085163507e-01	-3.644140349619e-01
4.525620848534e-01	8.849570147839e-01	-1.097207425139e-01
4.819726302548e-02	9.969635470033e-01	-6.116134223076e-02
-5.131469508918e-02	9.968052004544e-01	-6.120616321139e-02
-4.311881406534e-01	8.965296096558e-01	-1.015452922118e-01
-7.957348487536e-01	4.839491008397e-01	-3.641418930522e-01
-7.665103045977e-01	-3.128362885945e-02	-6.414696310122e-01
-6.192590468229e-01	-3.468566388474e-01	-7.044208294872e-01
-5.201910886880e-01	-5.236065298143e-01	-6.747128523939e-01
-5.500803199361e-01	-3.803084801471e-01	-7.434898126721e-01
-3.912232213471e-01	-4.561535401201e-02	-9.191646373513e-01
-1.004283044618e-01	1.059715611415e-01	-9.892846829362e-01
7.709167898702e-02	1.057891072324e-01	-9.913957523723e-01
3.841649096670e-01	-4.356719535693e-02	-9.222359902266e-01
5.210940937417e-01	-3.196536663156e-01	-7.913801103632e-01
4.742421813885e-01	-5.714614122385e-01	-6.697209924396e-01
5.900114475214e-01	-3.674443183055e-01	-7.189375249204e-01
7.638531024385e-01	1.438087973431e-02	-6.452299033625e-01
7.762656488886e-01	4.978577312240e-01	-3.867160739045e-01
4.446018439863e-01	8.848317635093e-01	-1.392908848740e-01
4.737112364399e-02	9.946605167099e-01	-9.168660285559e-02
-5.147585052786e-02	9.944510482469e-01	-9.174611410321e-02
-4.248820091695e-01	8.956459596866e-01	-1.315051070535e-01
-7.783464973559e-01	4.941725977402e-01	-3.872598271142e-01
-7.481614813308e-01	-1.976946807507e-02	-6.632221090894e-01
-5.998904359488e-01	-3.365309401395e-01	-7.258638930171e-01
-4.966319002626e-01	-5.210145226017e-01	-6.941906243098e-01
-5.244847792947e-01	-3.916510492354e-01	-7.559928385382e-01
-3.721245001164e-01	-6.868073011573e-02	-9.256383277090e-01
-9.599617390946e-02	7.583679669786e-02	-9.924885464636e-01
7.219352028754e-02	7.571861136448e-02	-9.945123365356e-01
3.656331505761e-01	-6.716599951957e-02	-9.283324446061e-01
4.948824673869e-01	-3.287245820635e-01	-8.043826779713e-01
4.497120976481e-01	-5.695901384868e-01	-6.879869936035e-01
5.709151453383e-01	-3.558372639204e-01	-7.398890041277e-01
7.451042866434e-01	2.611869119409e-02	-6.664363555479e-01
7.579236184812e-01	5.082539750420e-01	-4.089372634065e-01
4.363903138704e-01	8.837871877794e-01	-1.687711488291e-01
4.700152479931e-02	9.914002148636e-01	-1.221330038724e-01
-5.098001421638e-02	9.911962827799e-01	-1.221923367233e-01
-4.177983638136e-01	8.941136987107e-01	-1.612613437020e-01
-7.597893371929e-01	5.055834432761e-01	-4.087854510292e-01
-7.297219843920e-01	-6.431014410261e-03	-6.837137321633e-01
-5.810316713878e-01	-3.241239903725e-01	-7.465559829707e-01
-4.734959168201e-01	-5.162016532728e-01	-7.136788282646e-01
-4.982652578408e-01	-4.011755600274e-01	-7.686285857717e-01
-3.514166987885e-01	-9.038313524625e-02	-9.318461207064e-01
-9.074179363972e-02	4.575650157265e-02	-9.948227326770e-01
6.790852990380e-02	4.546566012036e-02	-9.966550583407e-01
3.464342349321e-01	-9.041348365245e-02	-9.337069791112e-01
4.681637362525e-01	-3.369876922723e-01	-8.168610722241e-01
4.251890435873e-01	-5.663423875772e-01	-7.060244877103e-01
5.519760566954e-01	-3.428145311660e-01	-7.601319819981e-01
7.260021840199e-01	3.903941013708e-02	-6.865833913331e-01
7.385573456848e-01	5.193152398223e-01	-4.299357263863e-01
4.280471176225e-01	8.817623419605e-01	-1.981687094253e-01
4.659833816387e-02	9.872093844228e-01	-1.524671315000e-01
-5.021657728947e-02	9.870237633609e-01	-1.525201164638e-01
-4.101395625876e-01	8.918359393879e-01	-1.908250413769e-01
-7.402870374915e-01	5.173954862066e-01	-4.292749852660e-01
-7.109109448000e-01	7.830122964886e-03	-7.032384501276e-01
-5.621145629378e-01	-3.106060911617e-01	-7.665188022915e-01
-4.503323405345e-01	-5.101153480893e-01	-7.327913173015e-01
-4.715429929902e-01	-4.099108214096e-01	-7.807818672672e-01
-3.298895918856e-01	-1.115031512509e-01	-9.374112781627e-01
-8.588152925542e-02	1.555039180527e-02	-9.961839931697e-01
6.319475320922e-02	1.523835535583e-02	-9.978848709610e-01
3.263700632049e-01	-1.130835489802e-01	-9.384533514212e-01
4.409889716512e-01	-3.446921270243e-01	-8.286833318280e-01
4.004246355237e-01	-5.622362420144e-01	-7.235679093432e-01
5.327140871779e-01	-3.291662836311e-01	-7.796571419815e-01
7.062889344461e-01	5.217400038735e-02	-7.059984523797e-01
7.184466590214e-01	5.300794401964e-01	-4.503889266202e-01
4.195090247796e-01	8.787982454303e-01	-2.274331153483e-01
4.610990294825e-02	9.820945718157e-01	-1.826585033889e-01
-4.945845289931e-02	9.819227959835e-01	-1.827060047307e-01
-4.018994717795e-01	8.888220796831e-01	-2.201638600024e-01
-7.202552749585e-01	5.281055267148e-01	-4.498187318774e-01
-6.912028243029e-01	2.140680085838e-02	-7.223436886640e-01
-5.422544711564e-01	-2.974835381788e-01	-7.857885421813e-01
-4.263409309231e-01	-5.043319633764e-01	-7.509212217913e-01
-4.444454661214e-01	-4.190204218348e-01	-7.917639255040e-01
-3.091233152960e-01	-1.336174793701e-01	-9.415886284080e-01
-8.143648710707e-02	-1.474922206309e-02	-9.965693949827e-01
5.777824152557e-02	-1.490783754263e-02	-9.982181280592e-01
3.065768719721e-01	-1.361628707123e-01	-9.420564177432e-01
4.134496392030e-01	-3.526370118147e-01	-8.394680063834e-01
3.749101513571e-01	-5.583440344739e-01	-7.400637253486e-01
5.124356312255e-01	-3.160165451443e-01	-7.984630655488e-01
6.856697599728e-01	6.440042555573e-02	-7.250583186524e-01
6.978753285831e-01	5.395677251308e-01	-4.709954307127e-01
4.102095609776e-01	8.752104908221e-01	-2.563878172564e-01
4.542461694205e-02	9.760667988923e-01	-2.126739482770e-01
-4.906286873147e-02	9.758789213702e-01	-2.127279148049e-01
-3.936258004676e-01	8.848010064579e-01	-2.493710251358e-01
-6.999142792872e-01	5.369452877033e-01	-4.709668349928e-01
-6.703914929909e-01	3.362444328563e-02	-7.412453324907e-01
-5.211337311588e-01	-2.853258953203e-01	-8.043685521626e-01
-4.012051287637e-01	-4.995197017929e-01	-7.677984840923e-01
-4.170491700337e-01	-4.290337854296e-01	-8.012490254186e-01
-2.891105197956e-01	-1.566772770830e-01	-9.443872818867e-01
-7.758330656642e-02	-4.515361870105e-02	-9.959628413050e-01
5.159107061489e-02	-4.491669729964e-02	-9.976576826430e-01
2.859543373490e-01	-1.586237150975e-01	-9.450230864693e-01
3.855132088647e-01	-3.600212525496e-01	-8.495671035906e-01
3.493094906614e-01	-5.533981129647e-01	-7.561305497737e-01
4.920986096992e-01	-3.019051627571e-01	-8.165122356907e-01
6.645665879827e-01	7.712493081738e-02	-7.432381820005e-01
6.766144477287e-01	5.486759141015e-01	-4.910678470534e-01
4.022375886414e-01	8.698682619404e-01	-2.855418168197e-01
4.832984024721e-02	9.689410772507e-01	-2.425230202641e-01

Hair-19
-5.701555547632e-02	9.983732894888e-01	-3.562338781438e-05
-4.472619740538e-01	8.933971834242e-01	-4.240517910765e-02
-8.292544476086e-01	4.584125744546e-01	-3.196794843327e-01
-7.996829345004e-01	-5.823180810244e-02	-5.975920521509e-01
-6.539694731421e-01	-3.702797830036e-01	-6.597096410521e-01
-5.640150474707e-01	-5.308359493423e-01	-6.325347588177e-01
-5.999749507305e-01	-3.593328410302e-01	-7.147796638497e-01
-4.303705354348e-01	-1.482498167210e-03	-9.026510978383e-01
-1.086508578181e-01	1.659857895393e-01	-9.801243333202e-01
8.627677232296e-02	1.656698163541e-01	-9.824000358849e-01
4.217847619583e-01	2.259278472878e-03	-9.066931731521e-01
5.720642668695e-01	-3.011583614138e-01	-7.629194688312e-01
5.213643275164e-01	-5.747880550594e-01	-6.307122400544e-01
6.255248586899e-01	-3.911812480573e-01	-6.750525033872e-01
7.987796338596e-01	-1.056999983094e-02	-6.015308567603e-01
8.110759289312e-01	4.745002119085e-01	-3.420605010919e-01
4.607909353252e-01	8.838767937956e-01	-8.020927198162e-02
4.975598855646e-02	9.982932073639e-01	-3.057799427520e-02
-5.066834973298e-02	9.982463319456e-01	-3.061011421832e-02
-4.364118703735e-01	8.969150340403e-01	-7.133092673949e-02
-8.123306419247e-01	4.734703476086e-01	-3.405066197969e-01
-7.842598280754e-01	-4.243105732975e-02	-6.189799087539e-01
-6.382420565982e-01	-3.565400452720e-01	-6.822948580392e-01
-5.433758771230e-01	-5.254797915537e-01	-6.546859131137e-01
-5.751563806801e-01	-3.685513790565e-01	-7.303184365457e-01
-4.107293475451e-01	-2.327667001579e-02	-9.114601470707e-01
-1.041297381118e-01	1.361264328404e-01	-9.852038326777e-01
8.158789205731e-02	1.358156644683e-01	-9.873689893625e-01
4.035880274750e-01	-2.102833318152e-02	-9.146991381227e-01
5.467848802021e-01	-3.100346481509e-01	-7.777562675596e-01
4.984292836675e-01	-5.726152225998e-01	-6.509071024576e-01
6.086992982080e-01	-3.784808301690e-01	-6.973072676774e-01
7.819924567504e-01	2.996744360616e-03	-6.232806888624e-01
7.937889549910e-01	4.873524308689e-01	-3.638498358671e-01
4.527231250602e-01	8.848706669059e-01	-1.097527898746e-01
4.879924193699e-02	9.969344162219e-01	-6.115884023386e-02
-5.084860195558e-02	9.968293782978e-01	-6.120139084714e-02
-4.306916228725e-01	8.967805081580e-01	-1.014369073633e-01
-7.952808422446e-01	4.856832326534e-01	-3.628225178762e-01
-7.671766131096e-01	-2.931576052190e-02	-6.407656595689e-01
-6.203369118672e-01	-3.450869064952e-01	-7.043416378013e-01
-5.210038940251e-01	-5.220143259843e-01	-6.753191733380e-01
-5.499840126029e-01	-3.792725984866e-01	-7.440899689678e-01
-3.912859976851e-01	-4.565525990543e-02	-9.191359340481e-01
-9.910105865363e-02	1.062077572171e-01	-9.893931940744e-01
7.736049207025e-02	1.057402944840e-01	-9.913800201684e-01
3.850328941162e-01	-4.433437994232e-02	-9.218373680881e-01
5.210012196440e-01	-3.187653686021e-01	-7.917994499300e-01
4.747629765311e-01	-5.704244460887e-01	-6.702358297045e-01
5.907358423037e-01	-3.663171184001e-01	-7.189178905722e-01
7.642426566258e-01	1.574478325052e-02	-6.447365846560e-01
7.759161705570e-01	4.991643782383e-01	-3.857317977120e-01
4.447829814455e-01	8.847346021052e-01	-1.393297644233e-01
4.752794481439e-02	9.946534527148e-01	-9.168207820663e-02
-5.136526702464e-02	9.944573202952e-01	-9.174010821207e-02
-4.250866997591e-01	8.955420703447e-01	-1.315511228787e-01
-7.778483414794e-01	4.960753872653e-01	-3.858253073703e-01
-7.488503819534e-01	-1.775927845938e-02	-6.625011045100e-01
-6.009586856436e-01	-3.347768511466e-01	-7.257913736645e-01
-4.974666843637e-01	-5.194003396608e-01	-6.948022633155e-01
-5.243742597785e-01	-3.904333921156e-01	-7.566990167847e-01
-3.722547984429e-01	-6.877323017223e-02	-9.255790662326e-01
-9.522185873731e-02	7.597759357889e-02	-9.925523678338e-01
7.196799085933e-02	7.576300684324e-02	-9.945253013804e-01
3.656762017922e-01	-6.717913996607e-02	-9.283145364564e-01
4.947161840449e-01	-3.270152463658e-01	-8.051813000116e-01
4.504984830258e-01	-5.680252303527e-01	-6.887658923569e-01
5.718267201268e-01	-3.544191984639e-01	-7.398656863981e-01
7.455895445410e-01	2.780382406570e-02	-6.658251860950e-01
7.574675765840e-01	5.099479783259e-01	-4.076713502631e-01
4.367443313857e-01	8.835961010753e-01	-1.688559124430e-01
4.685478093738e-02	9.914081264381e-01	-1.221251666767e-01
-5.113194619827e-02	9.911890878650e-01	-1.221872177248e-01
-4.182496490911e-01	8.938852301930e-01	-1.613580685243e-01
-7.594656046167e-01	5.068299099587e-01	-4.078424178226e-01
-7.301525986421e-01	-5.194949463584e-03	-6.832643669886e-01
-5.816797515962e-01	-3.230657370607e-01	-7.465100107302e-01
-4.739628132664e-01	-5.153092308247e-01	-7.140137591583e-01
-4.982079915653e-01	-4.005465249657e-01	-7.689936790887e-01
-3.522623167917e-01	-9.120705440812e-02	-9.314464737143e-01
-9.115212231455e-02	4.569107713621e-02	-9.947882267436e-01
6.661257436246e-02	4.569579546757e-02	-9.967319896609e-01
3.458273749920e-01	-8.983439045185e-02	-9.339877991699e-01
4.679896743440e-01	-3.351471103699e-01	-8.177176035271e-01
4.260240917110e-01	-5.646705339594e-01	-7.068597183033e-01
5.529222382555e-01	-3.413462540600e-01	-7.601050804210e-01
7.264787637936e-01	4.069958619213e-02	-6.859826159901e-01
7.381271273585e-01	5.209262689820e-01	-4.287238810028e-01
4.282970152876e-01	8.816287264956e-01	-1.982232461480e-01
4.649707159069e-02	9.872156228388e-01	-1.524576543062e-01
-5.035771186340e-02	9.870173889151e-01	-1.525148348031e-01
-4.101235979425e-01	8.918454879042e-01	-1.908147271978e-01
-7.400056790277e-01	5.184963047162e-01	-4.284310644694e-01
-7.113283164178e-01	9.033041236473e-03	-7.028018429317e-01
-5.628020110952e-01	-3.094865743301e-01	-7.664671921332e-01
-4.508094337753e-01	-5.091978575776e-01	-7.331360012014e-01
-4.714955015603e-01	-4.093396246421e-01	-7.811101482546e-01
-3.305883074196e-01	-1.121938030705e-01	-9.370826652702e-01
-8.603823542165e-02	1.553639768250e-02	-9.961706893864e-01
6.207442879887e-02	1.542923489251e-02	-9.979522553709e-01
3.264929534898e-01	-1.131604480557e-01	-9.384013343540e-01
4.408780513870e-01	-3.435447383793e-01	-8.292186421790e-01
4.009592018682e-01	-5.611711036809e-01	-7.240985504963e-01
5.333237270766e-01	-3.282244934903e-01	-7.796374054714e-01
7.065986513703e-01	5.323997502260e-02	-7.056088512351e-01
7.181764785549e-01	5.311129079295e-01	-4.496016288685e-01
4.197350122165e-01	8.786791348163e-01	-2.274763670321e-01
4.665464344134e-02	9.820701367937e-01	-1.826515553269e-01
-4.904810350256e-02	9.819455036430e-01	-1.826945850814e-01
-4.013964991056e-01	8.890783327447e-01	-2.200467421927e-01
-7.197576240636e-01	5.300335288729e-01	-4.483452027990e-01
-6.919305844354e-01	2.353965298848e-02	-7.215801764600e-01
-5.434623017436e-01	-2.955122193621e-01	-7.856979411907e-01
-4.273173104217e-01	-5.024283817090e-01	-7.516419609543e-01
-4.443021750726e-01	-4.174335664818e-01	-7.926820262880e-01
-3.086425510048e-01	-1.330942265766e-01	-9.418204194862e-01
-8.049539025335e-02	-1.457883193004e-02	-9.966483581522e-01
5.765962456671e-02	-1.489018258546e-02	-9.982252502103e-01
3.076796066117e-01	-1.371056016705e-01	-9.415600425177e-01
4.133687328550e-01	-3.518370205455e-01	-8.398434387858e-01
3.754059151333e-01	-5.573692244947e-01	-7.405470589160e-01
5.131315720559e-01	-3.149431293547e-01	-7.984402388605e-01
6.860206428052e-01	6.560697463628e-02	-7.246181080571e-01
6.975648292919e-01	5.407538257308e-01	-4.700942553281e-01
4.106520929173e-01	8.749740284280e-01	-2.564864677895e-01
4.584351637175e-02	9.760490622591e-01	-2.126654651556e-01
-4.870757387363e-02	9.759001015222e-01	-2.127123976085e-01
-3.936506124217e-01	8.847894217377e-01	-2.493729626905e-01
-6.993288096187e-01	5.391984723602e-01	-4.692592284033e-01
-6.711887929650e-01	3.594410689895e-02	-7.404144956559e-01
-5.224331828205e-01	-2.832040140872e-01	-8.042754850752e-01
-4.022069547867e-01	-4.975823912481e-01	-7.685319313086e-01
-4.169077037315e-01	-4.274111349821e-01	-8.021893094916e-01
-2.890378583490e-01	-1.565405157723e-01	-9.444322015702e-01
-7.661485018671e-02	-4.498452679242e-02	-9.960454593442e-01
5.163441172195e-02	-4.490666278464e-02	-9.976558921611e-01
2.861168982884e-01	-1.587394054222e-01	-9.449544548178e-01
3.854250651736e-01	-3.591011137749e-01	-8.499964171816e-01
3.497304529477e-01	-5.525720749533e-01	-7.565399607838e-01
4.925764413576e-01	-3.011852323853e-01	-8.164899908832e-01
6.647810392850e-01	7.784865508658e-02	-7.429708989646e-01
6.763981867823e-01	5.495115339387e-01	-4.904310012490e-01
4.034388752594e-01	8.692165752073e-01	-2.858314526329e-01
4.918076317823e-02	9.689002463742e-01	-2.425150822304e-01

Hair-20
-5.707052460893e-02	9.983701479916e-01	-5.310481740906e-05
-4.474557098875e-01	8.932983925491e-01	-4.244254420214e-02
-8.292319063780e-01	4.584834079046e-01	-3.196363717113e-01
-7.997027760982e-01	-5.816647141316e-02	-5.975718630459e-01
-6.539670036827e-01	-3.702745834179e-01	-6.597150073850e-01
-5.640749233439e-01	-5.307233467906e-01	-6.325758531797e-01
-5.999287057068e-01	-3.589395492132e-01	-7.150160474280e-01
-4.299766944618e-01	-1.088584170670e-03	-9.028393307805e-01
-1.086500678369e-01	1.659787249621e-01	-9.801256172649e-01
8.688920343739e-02	1.655640991370e-01	-9.823638813612e-01
4.215414525911e-01	2.461323247140e-03	-9.068057926785e-01
5.720817633183e-01	-3.013121838487e-01	-7.628456095063e-01
5.214158392152e-01	-5.746708459870e-01	-6.307764591264e-01
6.257318612667e-01	-3.908575735678e-01	-6.750481427130e-01
7.988666672530e-01	-1.024341172960e-02	-6.014209178838e-01
8.109999958325e-01	4.747670550139e-01	-3.418702242563e-01
4.602091098081e-01	8.841922900183e-01	-8.007227686151e-02
4.910814190965e-02	9.983252757915e-01	-3.057832752028e-02
-5.121140132932e-02	9.982185879342e-01	-3.061115934672e-02
-4.370490606283e-01	8.965929482328e-01	-7.147869461023e-02
-8.124220205266e-01	4.731073722202e-01	-3.407930088990e-01
-7.841007717215e-01	-4.287874805363e-02	-6.191505412669e-01
-6.379271405539e-01	-3.570600608395e-01	-6.823174307447e-01
-5.431608458501e-01	-5.258904746652e-01	-6.545345706621e-01
-5.751635300199e-01	-3.686994631565e-01	-7.302380568028e-01
-4.101029342454e-01	-2.265198262153e-02	-9.117579015323e-01
-1.045105248056e-01	1.360478259729e-01	-9.851743699736e-01
8.216269952452e-02	1.357197631508e-01	-9.873345110433e-01
4.026991958774e-01	-2.025474003837e-02	-9.151082466821e-01
5.467842386552e-01	-3.100267516305e-01	-7.777598663030e-01
4.985200972318e-01	-5.724112393262e-01	-6.510169627199e-01
6.088732464316e-01	-3.782013079321e-01	-6.973070632500e-01
7.820742859194e-01	3.313508453171e-03	-6.231764051738e-01
7.937074740032e-01	4.876278134490e-01	-3.636585778755e-01
4.521507146015e-01	8.851796687465e-01	-1.096206427784e-01
4.795470870295e-02	9.969751929303e-01	-6.116216636817e-02
-5.159152222787e-02	9.967903568151e-01	-6.121518924733e-02
-4.313871841645e-01	8.964278808367e-01	-1.015979911082e-01
-7.954922451360e-01	4.848569745961e-01	-3.634636186937e-01
-7.668445870904e-01	-3.027651538136e-02	-6.411183290677e-01
-6.197757146077e-01	-3.459977949129e-01	-7.043888056307e-01
-5.206091514268e-01	-5.227732601140e-01	-6.750364656524e-01
-5.500089471101e-01	-3.796418874933e-01	-7.438831866357e-01
-3.910170583663e-01	-4.541064826385e-02	-9.192624941173e-01
-1.000371381745e-01	1.060277783307e-01	-9.893182911521e-01
7.736078948001e-02	1.057356542872e-01	-9.913804918716e-01
3.843022231363e-01	-4.370575188483e-02	-9.221722228221e-01
5.210247119526e-01	-3.190557806136e-01	-7.916670123175e-01
4.747115186461e-01	-5.705034880356e-01	-6.702050016256e-01
5.907712005122e-01	-3.662462906649e-01	-7.189249218240e-01
7.642519107514e-01	1.581175410641e-02	-6.447239760897e-01
7.759035710300e-01	4.991765601913e-01	-3.857413773741e-01
4.443062068939e-01	8.849905751321e-01	-1.392252722854e-01
4.695577452165e-02	9.946799271808e-01	-9.168968154957e-02
-5.185956065011e-02	9.944300274326e-01	-9.175786892408e-02
-4.253702292364e-01	8.953964997032e-01	-1.316255157583e-01
-7.780579093174e-01	4.952413319256e-01	-3.864736897917e-01
-7.485379197567e-01	-1.864677332661e-02	-6.628297522976e-01
-6.004580973623e-01	-3.355777755333e-01	-7.258358146855e-01
-4.970821205088e-01	-5.201228830734e-01	-6.945369334843e-01
-5.244077634680e-01	-3.909290586966e-01	-7.564198362556e-01
-3.719503481502e-01	-6.850744816363e-02	-9.257211610723e-01
-9.563044870274e-02	7.588747139964e-02	-9.925199791266e-01
7.238893359931e-02	7.567597163131e-02	-9.945013773796e-01
3.655477340319e-01	-6.710578305071e-02	-9.283704368544e-01
4.948003665388e-01	-3.280017017775e-01	-8.047282031246e-01
4.501578689132e-01	-5.686764906091e-01	-6.884511181516e-01
5.715690432927e-01	-3.547994295206e-01	-7.398825538972e-01
7.454519704682e-01	2.736255888138e-02	-6.659974850527e-01
7.575883893228e-01	5.094605916025e-01	-4.080560475808e-01
4.365252000081e-01	8.837113588923e-01	-1.688193825443e-01
4.677309783575e-02	9.914099891510e-01	-1.221413555291e-01
-5.114641808446e-02	9.911863066073e-01	-1.222037213482e-01
-4.181935690155e-01	8.939106187672e-01	-1.613627729351e-01
-7.595030984653e-01	5.066387199428e-01	-4.080101112428e-01
-7.300841806434e-01	-5.345700161425e-03	-6.833363100729e-01
-5.815730351103e-01	-3.232112463873e-01	-7.465301702151e-01
-4.738789370082e-01	-5.154403631658e-01	-7.139747790220e-01
-4.982098917867e-01	-4.007026053997e-01	-7.689111299440e-01
-3.514663217782e-01	-9.044967021715e-02	-9.318209494389e-01
-9.086657180282e-02	4.572235363999e-02	-9.948129133191e-01
6.756224180378e-02	4.551085556782e-02	-9.966765300276e-01
3.460694049179e-01	-9.009648240167e-02	-9.338728986530e-01
4.680582291328e-01	-3.360458828044e-01	-8.173094021185e-01
4.256606628179e-01	-5.653661614994e-01	-7.065225428540e-01
5.525840790646e-01	-3.418444542224e-01	-7.601270977157e-01
7.263103596134e-01	4.015674029500e-02	-6.861929012509e-01
7.382592659113e-01	5.203833525380e-01	-4.291554761358e-01
4.281787212556e-01	8.816876664912e-01	-1.982166527346e-01
4.649292877923e-02	9.872125778032e-01	-1.524786339150e-01
-5.027898059203e-02	9.870185146561e-01	-1.525335236487e-01
-4.100706765987e-01	8.918678764019e-01	-1.908238225071e-01
-7.400215561617e-01	5.183742580535e-01	-4.285513096508e-01
-7.112673592263e-01	8.914509202803e-03	-7.028650476620e-01
-5.626841181295e-01	-3.096457635779e-01	-7.664894547892e-01
-4.507589153860e-01	-5.092545476026e-01	-7.331276873411e-01
-4.714651124735e-01	-4.092489983710e-01	-7.811759757268e-01
-3.297747864717e-01	-1.114064779142e-01	-9.374631656157e-01
-8.595581312178e-02	1.552296520965e-02	-9.961780140827e-01
6.288420872447e-02	1.527185806479e-02	-9.979039766653e-01
3.261206199377e-01	-1.128732740961e-01	-9.385653761173e-01
4.408854866438e-01	-3.438186481326e-01	-8.291011547834e-01
4.008967683527e-01	-5.612501026226e-01	-7.240718910650e-01
5.333583821755e-01	-3.281354017389e-01	-7.796512004023e-01
7.066081709164e-01	5.334513021702e-02	-7.055913759935e-01
7.181482203640e-01	5.311502389759e-01	-4.496026659438e-01
4.191433617158e-01	8.789929959775e-01	-2.273546906313e-01
4.594686379397e-02	9.821000599179e-01	-1.826700796978e-01
-4.966316269009e-02	9.819090797276e-01	-1.827241894774e-01
-4.019288333060e-01	8.888028888947e-01	-2.201877327412e-01
-7.199817100606e-01	5.291094024628e-01	-4.490763603260e-01
-6.915633589126e-01	2.251527881020e-02	-7.219648071960e-01
-5.428461102362e-01	-2.964849380634e-01	-7.857574575548e-01
-4.268235526851e-01	-5.033504682591e-01	-7.513055044232e-01
-4.443423857457e-01	-4.181191085057e-01	-7.922980848975e-01
-3.087201406098e-01	-1.332254271671e-01	-9.417764386191e-01
-8.133048516596e-02	-1.474969401608e-02	-9.965780444647e-01
5.767553835628e-02	-1.491165653112e-02	-9.982240103177e-01
3.066590643309e-01	-1.362559214622e-01	-9.420162111823e-01
4.133543648454e-01	-3.518784918493e-01	-8.398331358295e-01
3.754396554979e-01	-5.572434808965e-01	-7.406245797150e-01
5.132667227332e-01	-3.146896829701e-01	-7.984533015568e-01
6.860777338159e-01	6.589470880342e-02	-7.245379427703e-01
6.975014779421e-01	5.409090331022e-01	-4.700096873225e-01
4.099667094449e-01	8.753367524028e-01	-2.563452106824e-01
4.506832402888e-02	9.760805880102e-01	-2.126864637887e-01
-4.940314916904e-02	9.758572253359e-01	-2.127486888607e-01
-3.940068148800e-01	8.846007016995e-01	-2.494799157867e-01
-6.995470066881e-01	5.382867138605e-01	-4.699802114078e-01
-6.708508394571e-01	3.502170421376e-02	-7.407648961943e-01
-5.218807697072e-01	-2.840606471409e-01	-8.043320278068e-01
-4.018067075884e-01	-4.983054515817e-01	-7.682727683973e-01
-4.169248047109e-01	-4.278998637617e-01	-8.019198300388e-01
-2.885503441827e-01	-1.561181642426e-01	-9.446511618929e-01
-7.681987709172e-02	-4.504541111572e-02	-9.960269160123e-01
5.225593962358e-02	-4.504744098341e-02	-9.976171835102e-01
2.862206047425e-01	-1.589025151398e-01	-9.448956323865e-01
3.854826744494e-01	-3.599292265654e-01	-8.496199500738e-01
3.493039928323e-01	-5.533720177490e-01	-7.561521874357e-01
4.920670237508e-01	-3.019289990594e-01	-8.165224575381e-01
6.645359425205e-01	7.707749895184e-02	-7.432705027470e-01
6.765921765614e-01	5.487052408769e-01	-4.910657646896e-01
4.037228264708e-01	8.690470819181e-01	-2.859458843837e-01
4.976560221979e-02	9.688563000824e-01	-2.425713392518e-01

Hair-21
-5.795057191155e-02	9.983194525623e-01	-4.302226153063e-05
-4.481816118452e-01	8.929261927243e-01	-4.261522205520e-02
-8.296027880761e-01	4.570594222465e-01	-3.207115503877e-01
-7.991519931066e-01	-5.978709962830e-02	-5.981484720634e-01
-6.532085366876e-01	-3.715366888981e-01	-6.597568464223e-01
-5.636583631993e-01	-5.315572509755e-01	-6.322468968139e-01
-5.999409688812e-01	-3.590402208999e-01	-7.149552109286e-01
-4.294894033683e-01	-5.748934952807e-04	-9.030717147004e-01
-1.073382873419e-01	1.661894921496e-01	-9.802344335768e-01
8.779521391326e-02	1.653999856125e-01	-9.823109717260e-01
4.229362802949e-01	1.148837355990e-03	-9.061586963568e-01
5.722158471821e-01	-3.032022462680e-01	-7.619956837750e-01
5.198185840605e-01	-5.779457968252e-01	-6.291003859460e-01
6.228965724661e-01	-3.952527665155e-01	-6.751111838593e-01
7.974931163180e-01	-1.510429189055e-02	-6.031389473345e-01
8.121033545137e-01	4.706323181805e-01	-3.449541457521e-01
4.633613266795e-01	8.824725654316e-01	-8.086069625226e-02
5.203866878945e-02	9.981754624987e-01	-3.062226340741e-02
-4.843926925819e-02	9.983569681021e-01	-3.061047918178e-02
-4.348339158195e-01	8.977080705168e-01	-7.099074434074e-02
-8.123356021585e-01	4.734315403801e-01	-3.405487425306e-01
-7.842147426277e-01	-4.254638810194e-02	-6.190291126472e-01
-6.382761396306e-01	-3.564573314428e-01	-6.823061925844e-01
-5.436010132686e-01	-5.249816380180e-01	-6.548986319403e-01
-5.750340433498e-01	-3.674549953920e-01	-7.309669454567e-01
-4.093863632525e-01	-2.189379442774e-02	-9.120983868797e-01
-1.032691811842e-01	1.362485485624e-01	-9.852775290405e-01
8.250210745232e-02	1.356476535260e-01	-9.873161177449e-01
4.040136566517e-01	-2.147278477348e-02	-9.145008937956e-01
5.468808724585e-01	-3.113253351249e-01	-7.771729839929e-01
4.974124848747e-01	-5.747162092495e-01	-6.498323620108e-01
6.070114736976e-01	-3.810857398128e-01	-6.973598280019e-01
7.811776864699e-01	1.266137540600e-04	-6.243087426350e-01
7.944367352956e-01	4.849322674237e-01	-3.656651058334e-01
4.538571480721e-01	8.842530722830e-01	-1.100463234365e-01
4.977724596991e-02	9.968852607001e-01	-6.117191171208e-02
-4.992772340964e-02	9.968763156251e-01	-6.119504702817e-02
-4.304420903694e-01	8.969048950793e-01	-1.013963313990e-01
-7.955594228007e-01	4.846081440242e-01	-3.636483899847e-01
-7.667354756280e-01	-3.060399398262e-02	-6.412332695407e-01
-6.196407944912e-01	-3.462123634087e-01	-7.044020763919e-01
-5.205349668888e-01	-5.229135481660e-01	-6.749850141970e-01
-5.500078641524e-01	-3.796556312286e-01	-7.438769730587e-01
-3.914503829895e-01	-4.583666664914e-02	-9.190569066428e-01
-9.868430097297e-02	1.062782078196e-01	-9.894272844854e-01
7.732756050861e-02	1.057286607592e-01	-9.913838301485e-01
3.844487609544e-01	-4.383419966779e-02	-9.221050445259e-01
5.209667002135e-01	-3.185435528010e-01	-7.919114232271e-01
4.748749141343e-01	-5.701739073149e-01	-6.703696975126e-01
5.909506131238e-01	-3.659524073381e-01	-7.189271231578e-01
7.643472945255e-01	1.614815796380e-02	-6.446025522334e-01
7.758097740654e-01	4.995204127662e-01	-3.854848268018e-01
4.436656755390e-01	8.853381382181e-01	-1.390580791070e-01
4.631568785320e-02	9.947099834877e-01	-9.168918043404e-02
-5.259117025432e-02	9.943904246932e-01	-9.177064939123e-02
-4.265166179352e-01	8.948137331287e-01	-1.318785715319e-01
-7.783176017104e-01	4.942533839228e-01	-3.872148025949e-01
-7.481397241498e-01	-1.983897676423e-02	-6.632445764196e-01
-5.997352076765e-01	-3.367578995298e-01	-7.258869042609e-01
-4.963573890060e-01	-5.215124897787e-01	-6.940130152843e-01
-5.245254928424e-01	-3.923464442333e-01	-7.556039141348e-01
-3.738658621966e-01	-7.051197171424e-02	-9.247985612710e-01
-9.903516267492e-02	7.526221939727e-02	-9.922336594197e-01
6.731548851263e-02	7.662267634815e-02	-9.947851981587e-01
3.644698434730e-01	-6.603917967761e-02	-9.288705829911e-01
4.944893538655e-01	-3.247829814931e-01	-8.062234763676e-01
4.513821614184e-01	-5.661806181833e-01	-6.897054820333e-01
5.727817920763e-01	-3.529155965412e-01	-7.398456598398e-01
7.460273602784e-01	2.941890529784e-02	-6.652651394197e-01
7.570773880846e-01	5.113593710497e-01	-4.066268831381e-01
4.349673423414e-01	8.845508324063e-01	-1.684435691435e-01
4.449436483345e-02	9.915185385703e-01	-1.221115849111e-01
-5.347991298657e-02	9.910613719144e-01	-1.222180674292e-01
-4.203557381195e-01	8.928086392629e-01	-1.618449476739e-01
-7.600074269688e-01	5.047070564693e-01	-4.094624501737e-01
-7.292848492926e-01	-7.710565135519e-03	-6.841667602109e-01
-5.802862506540e-01	-3.253550673774e-01	-7.466002594653e-01
-4.729697193164e-01	-5.172284159593e-01	-7.132842423144e-01
-4.982677298167e-01	-4.016142641080e-01	-7.683978476598e-01
-3.526784265054e-01	-9.167838407306e-02	-9.312427188287e-01
-9.188954061411e-02	4.553237705799e-02	-9.947276586912e-01
6.574997963624e-02	4.582847464054e-02	-9.967831715523e-01
3.451687865340e-01	-8.926821340366e-02	-9.342856602123e-01
4.680000663259e-01	-3.354514640711e-01	-8.175868474795e-01
4.257566398715e-01	-5.651782213213e-01	-7.066150732538e-01
5.524806634241e-01	-3.419984358156e-01	-7.601330057576e-01
7.262581940666e-01	3.997015153188e-02	-6.862590054329e-01
7.382845990501e-01	5.202982038059e-01	-4.292151324473e-01
4.282163191377e-01	8.816674883752e-01	-1.982251849950e-01
4.627903303121e-02	9.872231419386e-01	-1.524753065996e-01
-5.057144801175e-02	9.870030325682e-01	-1.525370195957e-01
-4.105144072423e-01	8.916426471362e-01	-1.909222649520e-01
-7.402014600025e-01	5.176952156389e-01	-4.290611405322e-01
-7.109789223881e-01	8.051132636431e-03	-7.031672284621e-01
-5.622355494806e-01	-3.103838243004e-01	-7.665201031368e-01
-4.504017166994e-01	-5.099525059703e-01	-7.328620165139e-01
-4.715151272674e-01	-4.097947167716e-01	-7.808596383884e-01
-3.304554183933e-01	-1.121127028218e-01	-9.371392416928e-01
-8.646520523601e-02	1.543776971540e-02	-9.961352536427e-01
6.168316094353e-02	1.546690579610e-02	-9.979759328166e-01
3.259389067570e-01	-1.127042598967e-01	-9.386488048590e-01
4.408944999004e-01	-3.439843548030e-01	-8.290276253589e-01
4.003892650121e-01	-5.623059394955e-01	-7.235333211893e-01
5.322649606651e-01	-3.298374409240e-01	-7.796802384394e-01
7.060945879083e-01	5.151409635873e-02	-7.062412695410e-01
7.185433188698e-01	5.296906293254e-01	-4.506920635117e-01
4.206051390507e-01	8.781999288867e-01	-2.277195685653e-01
4.734690016657e-02	9.820308474571e-01	-1.826846618828e-01
-4.836146109277e-02	9.819759911864e-01	-1.827137701830e-01
-4.010269989304e-01	8.892581191672e-01	-2.199939626990e-01
-7.197969854468e-01	5.298214463775e-01	-4.485326461922e-01
-6.917703782978e-01	2.312805045238e-02	-7.217470727284e-01
-5.432142497699e-01	-2.958695318766e-01	-7.857350055547e-01
-4.273803300986e-01	-5.022282367235e-01	-7.517398829931e-01
-4.441675281953e-01	-4.164405432025e-01	-7.932795729590e-01
-3.071462198506e-01	-1.315689458333e-01	-9.425236400875e-01
-7.892560355722e-02	-1.437542178211e-02	-9.967768538403e-01
5.926497039008e-02	-1.522273881315e-02	-9.981262102098e-01
3.090019213266e-01	-1.384016048586e-01	-9.409371968357e-01
4.135649442381e-01	-3.543084674048e-01	-8.387070685422e-01
3.743000296779e-01	-5.595962320423e-01	-7.394264972715e-01
5.118299256906e-01	-3.169113655492e-01	-7.984969089190e-01
6.854180295336e-01	6.354662021885e-02	-7.253715957004e-01
6.980138120052e-01	5.390240513523e-01	-4.714125478958e-01
4.110913507339e-01	8.747280539476e-01	-2.566217702939e-01
4.644138283350e-02	9.760152130017e-01	-2.126910951352e-01
-4.809954480620e-02	9.759273525939e-01	-2.127257301046e-01
-3.935014106925e-01	8.848564885942e-01	-2.493704761508e-01
-6.995248117875e-01	5.383787910653e-01	-4.699077728925e-01
-6.708464270831e-01	3.500057625822e-02	-7.407698906755e-01
-5.218484556387e-01	-2.841035556254e-01	-8.043378388641e-01
-4.016670092841e-01	-4.985630498349e-01	-7.681786894936e-01
-4.169484682260e-01	-4.281707424846e-01	-8.017629263842e-01
-2.896588879458e-01	-1.572345165483e-01	-9.441265992651e-01
-7.708605715067e-02	-4.511143615531e-02	-9.960033625049e-01
5.051926129753e-02	-4.476529479735e-02	-9.977193355948e-01
2.843013398051e-01	-1.571017746651e-01	-9.457757559708e-01
3.851649832015e-01	-3.568480149741e-01	-8.510625299732e-01
3.504081672554e-01	-5.511278470366e-01	-7.572794811307e-01
4.930360400024e-01	-3.004192931573e-01	-8.164947712984e-01
6.649982477269e-01	7.873685727494e-02	-7.426828649071e-01
6.761505614633e-01	5.503432088921e-01	-4.898395356228e-01
4.017332884157e-01	8.701341947144e-01	-2.854414969261e-01
4.684492339259e-02	9.690172975427e-01	-2.425098559138e-01

Hair-22
-5.810271331112e-02	9.983106080229e-01	-6.793241590097e-05
-4.485645162930e-01	8.927305105778e-01	-4.268618284995e-02
-8.294705605640e-01	4.575632724031e-01	-3.203348886795e-01
-7.993429480876e-01	-5.923831633159e-02	-5.979478850375e-01
-6.534057019502e-01	-3.711960944531e-01	-6.597533236913e-01
-5.637500364748e-01	-5.313713489853e-01	-6.323214260581e-01
-5.999384405971e-01	-3.590530328539e-01	-7.149508983786e-01
-4.298188416371e-01	-9.260705133051e-04	-9.029146724731e-01
-1.084909380936e-01	1.660007460544e-01	-9.801395148962e-01
8.719870684510e-02	1.654953746994e-01	-9.823480373461e-01
4.226600128351e-01	1.445777625657e-03	-9.062871638048e-01
5.722068260977e-01	-3.028726431111e-01	-7.621335251923e-01
5.204197830150e-01	-5.766968268992e-01	-6.297491717272e-01
6.241993471988e-01	-3.932316081058e-01	-6.750881996770e-01
7.981391440390e-01	-1.283600454613e-02	-6.023364041298e-01
8.115870409376e-01	4.725794031268e-01	-3.435042688562e-01
4.621387576781e-01	8.831416765632e-01	-8.055152244952e-02
5.068648396550e-02	9.982455477497e-01	-3.060566518154e-02
-4.969522752795e-02	9.982954205083e-01	-3.060453811329e-02
-4.359476682297e-01	8.971481188243e-01	-7.123821625465e-02
-8.123563945774e-01	4.733526264604e-01	-3.406088360749e-01
-7.841912596257e-01	-4.260690209546e-02	-6.190546988921e-01
-6.380774019141e-01	-3.568028834193e-01	-6.823114622738e-01
-5.432111810498e-01	-5.257808545369e-01	-6.545808626785e-01
-5.751774096201e-01	-3.688516038546e-01	-7.301502871304e-01
-4.103623509121e-01	-2.292276829936e-02	-9.116344045983e-01
-1.046562738376e-01	1.360224908233e-01	-9.851623959209e-01
8.234452667940e-02	1.356693680961e-01	-9.873262892714e-01
4.041974527438e-01	-2.159129923903e-02	-9.144168824954e-01
5.469046672050e-01	-3.114364153461e-01	-7.771117321118e-01
4.978818533977e-01	-5.737202418106e-01	-6.503527844132e-01
6.081512793886e-01	-3.793170021405e-01	-6.973310786600e-01
7.817495194239e-01	2.153793958913e-03	-6.235888469593e-01
7.939715609904e-01	4.866580760984e-01	-3.643804019245e-01
4.528862547681e-01	8.847810655185e-01	-1.098021235775e-01
4.856238624224e-02	9.969454799297e-01	-6.116702289770e-02
-5.103346911147e-02	9.968194732485e-01	-6.120884562798e-02
-4.312055428167e-01	8.965191235135e-01	-1.015639750041e-01
-7.955016708019e-01	4.848275505182e-01	-3.634822389195e-01
-7.668345841683e-01	-3.030423581982e-02	-6.411289837581e-01
-6.197428666027e-01	-3.460489940366e-01	-7.043925560519e-01
-5.205061126626e-01	-5.229726715742e-01	-6.749614592459e-01
-5.500470206080e-01	-3.800597195238e-01	-7.436416372930e-01
-3.917649543362e-01	-4.616064509406e-02	-9.189066412854e-01
-9.957357878529e-02	1.061062418354e-01	-9.893566434059e-01
7.813292659188e-02	1.056011751875e-01	-9.913342713642e-01
3.849754907862e-01	-4.431217171150e-02	-9.218624099789e-01
5.210416050617e-01	-3.192904678124e-01	-7.915612692388e-01
4.747512188803e-01	-5.704257087659e-01	-6.702430834784e-01
5.909913250163e-01	-3.658980991692e-01	-7.189212994340e-01
7.643695887589e-01	1.623564608705e-02	-6.445739178532e-01
7.758038849742e-01	4.995459813563e-01	-3.854635450594e-01
4.439233735692e-01	8.851980046208e-01	-1.391277506982e-01
4.644010435342e-02	9.947044669150e-01	-9.168609603995e-02
-5.237844891044e-02	9.944020238580e-01	-9.176662267326e-02
-4.261953493347e-01	8.949770989103e-01	-1.318086364071e-01
-7.781846261497e-01	4.947588814222e-01	-3.868363179410e-01
-7.483361717603e-01	-1.925215795099e-02	-6.630402163137e-01
-6.000995349550e-01	-3.361628304122e-01	-7.258616256533e-01
-4.967700126311e-01	-5.207368396863e-01	-6.943001500389e-01
-5.244544235472e-01	-3.915125643432e-01	-7.560856231825e-01
-3.726082572347e-01	-6.915990070018e-02	-9.254080152968e-01
-9.561725472643e-02	7.588593884675e-02	-9.925213674697e-01
7.240069046991e-02	7.567734366381e-02	-9.945004171319e-01
3.652223584427e-01	-6.681692575233e-02	-9.285193198456e-01
4.947624250050e-01	-3.276190769319e-01	-8.049073755616e-01
4.502606612486e-01	-5.684733996104e-01	-6.885516181575e-01
5.716111364198e-01	-3.547288459457e-01	-7.398838791154e-01
7.454778492567e-01	2.745208154496e-02	-6.659648335208e-01
7.575465380707e-01	5.096213694801e-01	-4.079329631525e-01
4.362879930945e-01	8.838398110565e-01	-1.687601122099e-01
4.601639218608e-02	9.914464743867e-01	-1.221326331348e-01
-5.189932570327e-02	9.911462436572e-01	-1.222112256537e-01
-4.191457686964e-01	8.934262701631e-01	-1.615745164508e-01
-7.597507158627e-01	5.056945438636e-01	-4.087198038422e-01
-7.296912453229e-01	-6.517803512852e-03	-6.837457164301e-01
-5.809122953233e-01	-3.243004900980e-01	-7.465722317796e-01
-4.733469163935e-01	-5.164800737068e-01	-7.135762259244e-01
-4.982835675340e-01	-4.015091680781e-01	-7.684424990036e-01
-3.519264691548e-01	-9.092179100498e-02	-9.316013032562e-01
-9.092408121623e-02	4.571022478585e-02	-9.948082160924e-01
6.764724867206e-02	4.549692603627e-02	-9.966713999450e-01
3.463748438012e-01	-9.037894220362e-02	-9.337323569353e-01
4.680943268750e-01	-3.364539684989e-01	-8.171208161764e-01
4.254450158128e-01	-5.658079682758e-01	-7.062987197749e-01
5.522925003363e-01	-3.422923279438e-01	-7.601374588212e-01
7.261758011916e-01	3.967534684820e-02	-6.863632949220e-01
7.383554779133e-01	5.200355920032e-01	-4.294114242603e-01
4.284718309262e-01	8.815290177258e-01	-1.982888827193e-01
4.640628258459e-02	9.872169566484e-01	-1.524766783565e-01
-5.036727559676e-02	9.870139152916e-01	-1.525341554200e-01
-4.104712507891e-01	8.916641247473e-01	-1.909147477654e-01
-7.401218199194e-01	5.179985920236e-01	-4.288323102807e-01
-7.110900667716e-01	8.382042404842e-03	-7.030509642294e-01
-5.623875065891e-01	-3.101313734533e-01	-7.665108111647e-01
-4.505273211801e-01	-5.097046116079e-01	-7.329572578097e-01
-4.714929572079e-01	-4.095408080075e-01	-7.810062214092e-01
-3.298833562585e-01	-1.115192379126e-01	-9.374115589425e-01
-8.589363386640e-02	1.553270843929e-02	-9.961832254308e-01
6.295543142624e-02	1.525671946913e-02	-9.978997174892e-01
3.264612178099e-01	-1.131880739406e-01	-9.384090436391e-01
4.409355433005e-01	-3.443850512116e-01	-8.288394194030e-01
4.005365373732e-01	-5.619861047683e-01	-7.237002834575e-01
5.328174660938e-01	-3.289732720038e-01	-7.796679640285e-01
7.063566680650e-01	5.244563270463e-02	-7.059105560128e-01
7.183396172953e-01	5.304513352213e-01	-4.501217337409e-01
4.199054250504e-01	8.785801161120e-01	-2.275443112579e-01
4.646270717040e-02	9.820747480599e-01	-1.826756854797e-01
-4.917112583949e-02	9.819348884984e-01	-1.827185681129e-01
-4.017756482274e-01	8.888794652525e-01	-2.201581811877e-01
-7.199191965763e-01	5.293554490687e-01	-4.488865769237e-01
-6.916196290014e-01	2.268359869430e-02	-7.219056331199e-01
-5.429316494257e-01	-2.963406045877e-01	-7.857528047195e-01
-4.269176493013e-01	-5.031631720006e-01	-7.513774970395e-01
-4.443075299219e-01	-4.177707950944e-01	-7.925013448701e-01
-3.084531205817e-01	-1.329497087313e-01	-9.419028863697e-01
-8.139807014772e-02	-1.476025174466e-02	-9.965723702495e-01
5.772201541108e-02	-1.493620000775e-02	-9.982209569360e-01
3.080752623841e-01	-1.374864272725e-01	-9.413751191862e-01
4.134239423262e-01	-3.527205352249e-01	-8.394455717568e-01
3.752566184038e-01	-5.576162846869e-01	-7.404367288270e-01
5.132473614664e-01	-3.147149366111e-01	-7.984557937805e-01
6.860700667393e-01	6.586775205513e-02	-7.245476538941e-01
6.975215181620e-01	5.408408426073e-01	-4.700584162302e-01
4.099432646109e-01	8.753506929356e-01	-2.563351013369e-01
4.507804597312e-02	9.760803153512e-01	-2.126856547942e-01
-4.937009688318e-02	9.758590488188e-01	-2.127479973402e-01
-3.941914687656e-01	8.845067404697e-01	-2.495213658509e-01
-6.995404707686e-01	5.383207199999e-01	-4.699509891209e-01
-6.708818874889e-01	3.510677546847e-02	-7.407327502923e-01
-5.219230871130e-01	-2.839857530953e-01	-8.043310159240e-01
-4.017204580802e-01	-4.984576335819e-01	-7.682191491259e-01
-4.169407594828e-01	-4.282421183216e-01	-8.017288139872e-01
-2.896496643178e-01	-1.571824560989e-01	-9.441380976612e-01
-7.678746771153e-02	-4.505221940348e-02	-9.960291071697e-01
5.250179111233e-02	-4.508506961691e-02	-9.976025753914e-01
2.858087825187e-01	-1.585141916975e-01	-9.450854939452e-01
3.853544435156e-01	-3.587388272188e-01	-8.501813963552e-01
3.497121765778e-01	-5.525511377873e-01	-7.565637010081e-01
4.923953615564e-01	-3.014156831566e-01	-8.165141724826e-01
6.646876517772e-01	7.761743978346e-02	-7.430786355537e-01
6.764308290890e-01	5.493034172386e-01	-4.906190877534e-01
4.032001540587e-01	8.693348389813e-01	-2.858086309061e-01
4.871047044961e-02	9.689157998755e-01	-2.425478567628e-01

Hair-23
-5.868669487071e-02	9.982764456838e-01	-9.918720473295e-05
-4.493192647811e-01	8.923440542925e-01	-4.282857767214e-02
-8.293969120010e-01	4.578306781193e-01	-3.201434561819e-01
-7.994784199712e-01	-5.884073934829e-02	-5.978060081609e-01
-6.537769854162e-01	-3.705895545743e-01	-6.597264852805e-01
-5.641646142689e-01	-5.305646037291e-01	-6.326290297454e-01
-5.998260835065e-01	-3.579450402805e-01	-7.156004595330e-01
-4.276536198395e-01	1.358705208811e-03	-9.039416659046e-01
-1.071282887674e-01	1.661366013301e-01	-9.802663716788e-01
8.977843665756e-02	1.651445143268e-01	-9.821746900115e-01
4.230004275617e-01	8.216739132988e-04	-9.061291095283e-01
5.729243304222e-01	-3.093965606517e-01	-7.589673773405e-01
5.167132154585e-01	-5.839447549942e-01	-6.261117920030e-01
6.190382856730e-01	-4.010936708300e-01	-6.752151272677e-01
7.957317907252e-01	-2.135536703865e-02	-6.052725547453e-01
8.134807355175e-01	4.652230295304e-01	-3.490223857238e-01
4.702924713401e-01	8.786386565202e-01	-8.257785822631e-02
5.880758757220e-02	9.977926037032e-01	-3.084781416992e-02
-4.163361407403e-02	9.986618242439e-01	-3.067903155182e-02
-4.289168504273e-01	9.006441433892e-01	-6.978869821245e-02
-8.105803074372e-01	4.798608510727e-01	-3.356979725927e-01
-7.867144602492e-01	-3.510389185549e-02	-6.163181603777e-01
-6.425900801541e-01	-3.493251156888e-01	-6.819457107693e-01
-5.479210672990e-01	-5.171130597290e-01	-6.575534863930e-01
-5.725284197669e-01	-3.600749847084e-01	-7.365848314664e-01
-3.966483636394e-01	-4.721175096192e-03	-9.179584882378e-01
-1.045287706232e-01	1.350397024844e-01	-9.853111259216e-01
7.721741916477e-02	1.350536945447e-01	-9.878248679636e-01
3.869014557831e-01	-1.023260904495e-03	-9.221204999619e-01
5.451834708804e-01	-3.035103891552e-01	-7.814450887642e-01
4.992315862539e-01	-5.709615123630e-01	-6.517444090183e-01
6.079113088853e-01	-3.796307492893e-01	-6.973695825912e-01
7.816301508752e-01	1.727258774534e-03	-6.237397885496e-01
7.940420317568e-01	4.863958945906e-01	-3.645768581918e-01
4.528869408491e-01	8.847834806599e-01	-1.097798303862e-01
4.799847602176e-02	9.969744969257e-01	-6.113917548838e-02
-5.172391385018e-02	9.967854486375e-01	-6.118338108128e-02
-4.326547469716e-01	8.957826097852e-01	-1.018989005304e-01
-7.958622580606e-01	4.834508380149e-01	-3.645251067037e-01
-7.663814430200e-01	-3.166347364328e-02	-6.416049471688e-01
-6.186009111166e-01	-3.478953927115e-01	-7.044868405413e-01
-5.183852362785e-01	-5.272201292305e-01	-6.732872211342e-01
-5.513520900814e-01	-3.890054224148e-01	-7.380282203918e-01
-3.929220088257e-01	-4.793173771523e-02	-9.183217537987e-01
-1.107887088796e-01	1.047549850062e-01	-9.883077734700e-01
6.838163439171e-02	1.066398155000e-01	-9.919434972961e-01
3.740486026701e-01	-3.283000194638e-02	-9.268278339653e-01
5.206558414012e-01	-3.182328751598e-01	-7.922407033107e-01
4.779644115766e-01	-5.642932813768e-01	-6.731441999002e-01
5.965448156404e-01	-3.570397938859e-01	-7.187884727195e-01
7.670937861610e-01	2.597627259037e-02	-6.410088583596e-01
7.734815558608e-01	5.076827007725e-01	-3.794529721579e-01
4.354478421262e-01	8.897176105627e-01	-1.370684144585e-01
3.792404365392e-02	9.950643677070e-01	-9.169880605964e-02
-6.089874537120e-02	9.939003206757e-01	-9.194289191050e-02
-4.342351875740e-01	8.908350374650e-01	-1.336141380894e-01
-7.797962141987e-01	4.885411063768e-01	-3.914657733461e-01
-7.459723698454e-01	-2.612372021099e-02	-6.654643301256e-01
-5.956217666031e-01	-3.438052154676e-01	-7.259701680964e-01
-4.904122249631e-01	-5.313061121120e-01	-6.908036369615e-01
-5.272727108146e-01	-4.098032757253e-01	-7.443418325172e-01
-3.838629062070e-01	-8.270082550067e-02	-9.196792064083e-01
-1.144697967503e-01	7.220248531243e-02	-9.907994079261e-01
5.582396818696e-02	7.912607855255e-02	-9.953003306886e-01
3.623580890975e-01	-6.489054681828e-02	-9.297773024758e-01
4.955544360384e-01	-3.224867226732e-01	-8.064912365439e-01
4.533132799180e-01	-5.617950161284e-01	-6.920212641987e-01
5.764905203561e-01	-3.468516743001e-01	-7.398328162326e-01
7.478746738322e-01	3.522891989679e-02	-6.629045145745e-01
7.560045607603e-01	5.163172100932e-01	-4.023352366761e-01
4.349432234174e-01	8.845094409434e-01	-1.687229720142e-01
4.420110444753e-02	9.915558474870e-01	-1.219149854610e-01
-5.354865282766e-02	9.910682414213e-01	-1.221322341828e-01
-4.196474366572e-01	8.931520572216e-01	-1.617882306841e-01
-7.600035095513e-01	5.051790514810e-01	-4.088872600296e-01
-7.299784041936e-01	-6.052240729392e-03	-6.834434137462e-01
-5.805328989078e-01	-3.250150827157e-01	-7.465565948359e-01
-4.711096547357e-01	-5.202121678190e-01	-7.123447154769e-01
-5.005419096831e-01	-4.135659220406e-01	-7.605399560691e-01
-3.519989221966e-01	-9.263488884300e-02	-9.314051407102e-01
-1.017311956413e-01	4.417367507178e-02	-9.938306949697e-01
5.760648769650e-02	4.664537591339e-02	-9.972490669242e-01
3.384115503316e-01	-8.269150023054e-02	-9.373578496987e-01
4.672219396392e-01	-3.294236526621e-01	-8.204777365575e-01
4.289867081714e-01	-5.583872222256e-01	-7.100521912278e-01
5.570313757922e-01	-3.350272831691e-01	-7.599162887552e-01
7.283397325631e-01	4.754659393419e-02	-6.835645948813e-01
7.365416755407e-01	5.266609402592e-01	-4.244226834149e-01
4.240073074821e-01	8.839217809263e-01	-1.972310533509e-01
4.135104898967e-02	9.874464824079e-01	-1.524451872896e-01
-5.529304843271e-02	9.867371744491e-01	-1.526185681863e-01
-4.147791468519e-01	8.894655793761e-01	-1.918573491998e-01
-7.407860456116e-01	5.154536841743e-01	-4.307476454936e-01
-7.101306544081e-01	5.570789808169e-03	-7.040478818737e-01
-5.607531226359e-01	-3.128551866197e-01	-7.666013094557e-01
-4.485123049598e-01	-5.132789159858e-01	-7.316976607206e-01
-4.718851933087e-01	-4.126300092560e-01	-7.791410910724e-01
-3.260147673284e-01	-1.072835352296e-01	-9.392574804346e-01
-8.935075359380e-02	1.511232690451e-02	-9.958855659200e-01
6.117835214440e-02	1.560378270717e-02	-9.980048753358e-01
3.224082950019e-01	-1.094998583693e-01	-9.402460700961e-01
4.407933611429e-01	-3.424793269607e-01	-8.297042384952e-01
4.014567329009e-01	-5.600962312446e-01	-7.246548856898e-01
5.340076322492e-01	-3.271350418129e-01	-7.796271628912e-01
7.068977923963e-01	5.441026026570e-02	-7.052198484749e-01
7.178708453717e-01	5.322138013438e-01	-4.487871645051e-01
4.211487873505e-01	8.779080417058e-01	-2.278402273998e-01
4.708374728749e-02	9.820410440676e-01	-1.826978612572e-01
-4.861132449045e-02	9.819613683482e-01	-1.827260523377e-01
-4.012302460053e-01	8.891492697501e-01	-2.200633222355e-01
-7.192148282048e-01	5.320826832727e-01	-4.467863572801e-01
-6.925118641157e-01	2.545086658872e-02	-7.209573991915e-01
-5.443732117620e-01	-2.939915946639e-01	-7.856377973232e-01
-4.283420561594e-01	-5.001664665463e-01	-7.525666672579e-01
-4.439452747886e-01	-4.151694958869e-01	-7.940698222939e-01
-3.046742996510e-01	-1.289337173686e-01	-9.436893915149e-01
-8.068168185975e-02	-1.481680982445e-02	-9.966297850049e-01
5.886360992956e-02	-1.498948479824e-02	-9.981534905873e-01
3.051985259766e-01	-1.359207298346e-01	-9.425388134941e-01
4.158815800315e-01	-3.653345015909e-01	-8.328104306130e-01
3.697445992774e-01	-5.676905641968e-01	-7.355381394783e-01
5.083279726693e-01	-3.226208554859e-01	-7.984475285248e-01
6.839840080305e-01	5.863283596673e-02	-7.271368972243e-01
6.991739476539e-01	5.349709441758e-01	-4.743014651145e-01
4.108332016306e-01	8.748662155478e-01	-2.565641933923e-01
4.626189027272e-02	9.760422097209e-01	-2.126063083532e-01
-4.814209631634e-02	9.759447656831e-01	-2.126361984661e-01
-3.946104235743e-01	8.842883527818e-01	-2.496331763628e-01
-7.003908922893e-01	5.351082674198e-01	-4.723470547565e-01
-6.696924436251e-01	3.160800983454e-02	-7.419656088160e-01
-5.194268989381e-01	-2.882816743607e-01	-8.044186552333e-01
-3.974556737356e-01	-5.053075638656e-01	-7.659590415392e-01
-4.184941392538e-01	-4.387505029880e-01	-7.952110735761e-01
-2.919775997244e-01	-1.604580257511e-01	-9.428691867016e-01
-8.438157786030e-02	-4.626705225487e-02	-9.953587841545e-01
4.546348831279e-02	-4.414695087459e-02	-9.979900390079e-01
2.791861930468e-01	-1.524422279305e-01	-9.480593002316e-01
3.844474602358e-01	-3.509962143287e-01	-8.538160269315e-01
3.537109245750e-01	-5.442627532599e-01	-7.607014113634e-01
4.976629403764e-01	-2.932680883833e-01	-8.162875878708e-01
6.670464885619e-01	8.634857946596e-02	-7.399952060125e-01
6.743733410525e-01	5.568975052174e-01	-4.848564380930e-01
3.974170293186e-01	8.724567217292e-01	-2.843922880759e-01
4.130350141676e-02	9.692709450077e-01	-2.425033111826e-01

Hair-24
-1.972504131297e-02	9.998054404501e-01	-6.317859042349e-05
2.063629725936e-03	9.999978579211e-01	1.599550021588e-04
-1.869038108720e-02	9.998253194399e-01	-1.617659998088e-05
4.180010765463e-03	9.999912623528e-01	5.223031809573e-05
-1.674993418347e-02	9.998597069030e-01	7.884590000387e-05
6.350740638253e-03	9.999798314388e-01	6.934677827958e-05
-1.482636832847e-02	9.998900826775e-01	-3.694978968539e-05
7.864643336090e-03	9.999690692455e-01	8.909271121596e-05
-1.340317830798e-02	9.999101733710e-01	6.762579350683e-07
9.226307922282e-03	9.999574354083e-01	5.112437974425e-05
-1.206679088842e-02	9.999271935603e-01	1.167213361855e-05
1.037101708732e-02	9.999462187750e-01	3.952384552658e-05
-1.135756591955e-02	9.999354725074e-01	2.377346110694e-04
1.148202396948e-02	9.999340760249e-01	8.203476331342e-05
-8.968804426051e-03	9.999597727891e-01	-1.155457670201e-04

Hair-25
9.999963519906e-01	-2.701107007590e-03	5.132862050145e-06
9.999968749209e-01	-2.500025382089e-03	4.628669901419e-06
9.999965853971e-01	-2.613271395116e-03	2.597702614043e-06
9.999951618606e-01	-3.110654381730e-03	9.200228950623e-06
9.999925470729e-01	-3.860799112411e-03	5.364413260878e-06
9.999894756430e-01	-4.587847671955e-03	1.603034685924e-05
9.999876575000e-01	-4.968384300418e-03	2.245293659109e-06

Hair-26
9.999982451825e-01	1.873397284038e-03	-3.814350279019e-06
9.999987672884e-01	1.570159443833e-03	-4.590326168008e-06
9.999988909934e-01	1.489297802153e-03	2.001296791732e-06
9.999985802712e-01	1.685065680015e-03	-3.041132169590e-06
9.999979181265e-01	2.040524989842e-03	7.284587855756e-07
9.999970975617e-01	2.409327409896e-03	-3.104023445631e-06
9.999964421267e-01	2.667529930762e-03	-4.241814421324e-06

