Hair-0
-1.925029117448e-02	5.215140857746e-01	8.530254888504e-01
-3.894675403253e-02	5.572941295003e-01	8.294012319588e-01
-9.717473927147e-02	4.493962842207e-01	8.880315589979e-01
2.844082061643e-02	4.898852635328e-01	8.713228725886e-01
-1.599004278645e-02	4.827468874409e-01	8.756139338760e-01
-7.109543575779e-02	5.221517947499e-01	8.498840757738e-01
1.977442632192e-02	5.939778531269e-01	8.042383241666e-01
9.458897928442e-02	5.886218563607e-01	8.028556752072e-01

Hair-1
8.386704126083e-02	6.036620304029e-01	-7.928167962651e-01
-5.313877510300e-02	8.233644132762e-01	-5.650197461425e-01
-1.011580169025e-01	6.247961771466e-01	-7.742072026527e-01
-1.897751558477e-02	5.432948784100e-01	-8.393274265718e-01
4.104700355384e-02	5.502179580382e-01	-8.340115959335e-01
8.096225444452e-02	6.076674711914e-01	-7.900540220840e-01
5.737829033340e-02	8.152210666796e-01	-5.763005676209e-01
-3.751361240369e-02	6.120027945736e-01	-7.899653842533e-01

Hair-2
-2.722670927298e-02	5.558262551256e-01	8.308525022019e-01
5.867437739054e-03	6.925717089938e-01	7.213251701389e-01
6.009008758421e-02	5.311620276440e-01	8.451367237100e-01
5.819147063086e-02	4.902560784838e-01	8.696336758978e-01
-2.645519191779e-03	4.855305793764e-01	8.742156814646e-01
-4.010829845396e-02	5.086456718370e-01	8.600412228007e-01
-3.005837613478e-04	6.050736652393e-01	7.961694350346e-01
1.038602534434e-01	6.361815041513e-01	7.645169334492e-01

Hair-3
5.046054834746e-02	6.057771943445e-01	-7.940325710401e-01
-3.277988876612e-02	8.251320755666e-01	-5.639880643804e-01
-1.115868642324e-01	6.259012177392e-01	-7.718782529411e-01
-7.917355548501e-02	5.529555648435e-01	-8.294405894460e-01
1.200575049364e-02	5.427293204906e-01	-8.398218541065e-01
4.980153829788e-02	5.964043721027e-01	-8.011377108338e-01
6.819595552199e-02	8.150915055926e-01	-5.753043969598e-01
-5.837626489305e-02	6.144206452203e-01	-7.868160410313e-01

Hair-4
-2.646724861786e-02	5.525633536417e-01	8.330505536658e-01
1.344793999746e-04	6.908249798937e-01	7.230220114701e-01
4.805200387255e-02	5.234095057387e-01	8.507252754128e-01
4.884651685217e-02	4.889528073430e-01	8.709415422305e-01
-6.016310785875e-03	4.850943869702e-01	8.744411013525e-01
-4.401014541616e-02	5.121865171625e-01	8.577459290124e-01
-3.244465137667e-03	6.092337239469e-01	7.929840749042e-01
1.034287351804e-01	6.369146582789e-01	7.639647994564e-01

Hair-5
6.774315822198e-02	5.874300925438e-01	-8.064345918226e-01
-6.416299720421e-02	8.051391913545e-01	-5.896049459890e-01
-8.515705618246e-02	6.164509874732e-01	-7.827748436336e-01
-5.806643349623e-02	5.472679162258e-01	-8.349407866255e-01
1.909971840723e-02	5.440323166867e-01	-8.388468508359e-01
3.041330207740e-02	5.911003241852e-01	-8.060244647682e-01
8.641107551806e-02	7.887371320973e-01	-6.086270306836e-01
-8.671344731201e-02	5.754301585900e-01	-8.132409917363e-01

Hair-6
-2.824101413362e-02	5.399413028603e-01	8.412287647164e-01
-1.063772952008e-02	6.820029808219e-01	7.312720238466e-01
3.110672086133e-02	5.106584971443e-01	8.592207348590e-01
6.596078847280e-02	4.951334310657e-01	8.663094480757e-01
-3.281942622325e-02	4.899177645651e-01	8.711506581676e-01
-4.756679845546e-02	5.115620136331e-01	8.579287300775e-01
-3.752871340078e-03	5.952993258162e-01	8.034952573846e-01
1.056385781213e-01	6.304156023603e-01	7.690361884289e-01

Hair-7
9.155124914600e-02	5.693869098200e-01	-8.169558835736e-01
-7.558635680676e-02	7.780117157113e-01	-6.236861974428e-01
-6.775928653643e-02	6.168485810613e-01	-7.841597459260e-01
-2.023701526812e-02	5.416461540710e-01	-8.403629614596e-01
5.301548352572e-02	5.485472313834e-01	-8.344371117395e-01
4.777947446405e-02	5.990261194008e-01	-7.993027149307e-01
8.559415117160e-02	7.700629167632e-01	-6.321999252700e-01
-7.918474687310e-02	5.571752781266e-01	-8.266108427230e-01

Hair-8
-2.381497475564e-02	5.380317026425e-01	8.425881164181e-01
-1.731840533180e-02	6.805197658247e-01	7.325250310799e-01
2.432064119450e-02	5.040718047812e-01	8.633192468818e-01
6.224977671266e-02	4.952000627545e-01	8.665459382786e-01
-4.285011372502e-02	4.912512245842e-01	8.699632762929e-01
-4.842467981606e-02	5.140971860486e-01	8.563639026031e-01
1.424643545091e-03	5.996154618225e-01	8.002869912313e-01
1.072692732181e-01	6.272053090560e-01	7.714316582273e-01

Hair-9
7.929703176410e-02	5.934900824840e-01	-8.009254039837e-01
-7.137046903446e-02	8.070784224916e-01	-5.861149000821e-01
-8.088675665075e-02	6.215413917890e-01	-7.791942189798e-01
-5.391910087083e-02	5.500550604314e-01	-8.333859616379e-01
4.640481624433e-02	5.480098662651e-01	-8.351836801000e-01
5.431900922657e-02	6.015265863327e-01	-7.970038965850e-01
5.806257894053e-02	8.090163031000e-01	-5.849114105958e-01
-4.643841177806e-02	5.988271428240e-01	-7.995308167474e-01

Hair-10
-2.775687592741e-02	5.370162002686e-01	8.431151501947e-01
-2.235291666419e-02	6.798066913471e-01	7.330506186590e-01
3.586753731010e-02	5.144549277850e-01	8.567669735961e-01
6.916648266567e-02	4.988210873851e-01	8.639406926726e-01
-9.124670598135e-03	4.846446585442e-01	8.746635326404e-01
-6.168624492801e-02	5.195184944544e-01	8.522296293292e-01
6.767633128628e-03	5.662363513198e-01	8.242151379257e-01
1.034150132332e-01	6.285841726288e-01	7.708354383126e-01

Hair-11
4.932859671320e-02	5.981446133010e-01	-7.998685586553e-01
-4.728275081904e-02	8.147260222793e-01	-5.779150890017e-01
-8.532872794031e-02	6.186257026985e-01	-7.810385702057e-01
-9.225140057083e-02	5.570376987320e-01	-8.253476123937e-01
5.176058815061e-02	5.503630245815e-01	-8.333194961644e-01
4.520168364616e-02	5.990547776350e-01	-7.994311610065e-01
6.789976642283e-02	8.061181297941e-01	-5.878462235458e-01
-6.411665299740e-02	6.001050324536e-01	-7.973474806082e-01

Hair-12
-2.410377945183e-02	5.440617832322e-01	8.386988636229e-01
-1.523757668295e-02	6.862505733315e-01	7.272055877528e-01
3.121910316600e-02	5.149722820770e-01	8.566381478138e-01
5.950103523263e-02	4.951520288335e-01	8.667664594043e-01
-2.566778979325e-02	4.865327638025e-01	8.732851964358e-01
-7.706652454930e-02	5.204602144445e-01	8.504010324396e-01
-1.230725204003e-02	6.008786794695e-01	7.992454842576e-01
1.003616882861e-01	6.377604162160e-01	7.636682414716e-01

Hair-13
4.176264397366e-02	5.793349669100e-01	-8.140189664152e-01
-5.616835827379e-02	7.942471316908e-01	-6.049930655221e-01
-6.499500685113e-02	5.993037985576e-01	-7.978788166876e-01
-6.751904346560e-02	5.501489509813e-01	-8.323324519107e-01
2.697561930788e-02	5.442041494547e-01	-8.385190276191e-01
3.573376720731e-02	5.948111419476e-01	-8.030708582038e-01
6.431173404974e-02	7.912752014980e-01	-6.080687102276e-01
-8.607224681268e-02	5.596930156176e-01	-8.242179909451e-01

Hair-14
-2.439414018544e-02	5.285993864080e-01	8.485208392336e-01
-2.367486981067e-02	6.715509937234e-01	7.405800182077e-01
1.205336787495e-01	5.850945216845e-01	8.019576254279e-01
1.846670959226e-01	5.073840614627e-01	8.417003492081e-01
8.333191600833e-02	4.733184363658e-01	8.769409612800e-01
1.298937130103e-01	4.620319417147e-01	8.772993264307e-01
2.863292142566e-01	4.399860968038e-01	8.511332537755e-01
2.453046785062e-01	4.550299774105e-01	8.560218071759e-01

Hair-15
3.157535673189e-02	5.002820056106e-01	-8.652866066856e-01
-3.671482661015e-02	7.371433559792e-01	-6.747382412778e-01
-1.555674388441e-03	6.502662544695e-01	-7.597047967305e-01
-9.433303207249e-02	5.750322522368e-01	-8.126740970078e-01

Hair-16
-6.598525935435e-02	9.978067697031e-01	-5.253178340676e-03
-4.707648231265e-01	8.809166645380e-01	-4.864474736264e-02
-8.107211655458e-01	5.523519344940e-01	-1.940065261705e-01
-8.454914486393e-01	4.180815962214e-02	-5.323497798129e-01

Hair-17
-2.830111268435e-03	9.991177836213e-01	4.190041672746e-02
-4.780091304805e-01	8.771383974605e-01	-4.621150157448e-02
-8.289893011750e-01	4.431534528652e-01	-3.411623598098e-01
-7.895781364634e-01	-9.361723821826e-02	-6.064669645805e-01
-6.347651261781e-01	-4.076220490644e-01	-6.564430666132e-01
-5.368490928333e-01	-5.864237631499e-01	-6.065477899862e-01
-6.076690015051e-01	-4.382652510891e-01	-6.623156002221e-01
-4.852838093190e-01	-3.578873862802e-02	-8.736239411785e-01
-1.385406325273e-01	1.554911216284e-01	-9.780741302343e-01
9.917966673062e-02	1.568400893883e-01	-9.826314568890e-01
4.734425470426e-01	-2.957552857938e-02	-8.803280313378e-01
5.784990333716e-01	-3.528015646763e-01	-7.354385931878e-01
5.191578151934e-01	-5.769479090148e-01	-6.305602851489e-01
6.304460685912e-01	-3.841462928158e-01	-6.745141809583e-01
8.018207678385e-01	2.350473039960e-03	-5.975599815411e-01
8.073903153025e-01	4.879443033756e-01	-3.317095650701e-01
4.365161887100e-01	8.971365886989e-01	-6.782004284707e-02
4.904681510388e-02	9.983708697785e-01	-2.915503911735e-02
-2.435179899695e-02	9.992566191653e-01	-2.988643404415e-02
-3.825913907864e-01	9.223025334504e-01	-5.460645096593e-02
-8.032321319448e-01	5.059410950865e-01	-3.143910789352e-01
-7.947911242209e-01	-9.072494232914e-03	-6.068152591260e-01
-6.549511290192e-01	-3.267818423304e-01	-6.813608780372e-01
-5.499043774761e-01	-5.117666295785e-01	-6.600758232828e-01
-5.791659478230e-01	-4.000605200738e-01	-7.102945763277e-01
-4.552585632493e-01	-4.930781513223e-02	-8.889929020836e-01
-1.197724523562e-01	1.319237191844e-01	-9.839973028282e-01
8.925013559179e-02	1.284063188049e-01	-9.876974387877e-01
4.416521299051e-01	-4.581720201506e-02	-8.960157253920e-01
5.507349427661e-01	-3.479165572811e-01	-7.587127862281e-01
5.004467295224e-01	-5.696788349088e-01	-6.519348862941e-01
6.167218771430e-01	-3.664882021269e-01	-6.966638529126e-01
7.862661486315e-01	2.111766472756e-02	-6.175269935417e-01
7.888110958837e-01	5.047141868550e-01	-3.507714991247e-01
4.280558663658e-01	8.985174389082e-01	-9.713180348169e-02
5.567623426897e-02	9.965942112367e-01	-6.082873553702e-02
-2.007344293413e-02	9.979874802282e-01	-6.015019697804e-02
-3.759835012127e-01	9.228982203788e-01	-8.303783256764e-02
-7.865325887401e-01	5.164435730654e-01	-3.386037842217e-01
-7.770509897716e-01	2.607753393569e-03	-6.294322512528e-01
-6.357432978916e-01	-3.168872135073e-01	-7.038557757818e-01
-5.277155426548e-01	-5.079719171891e-01	-6.807942695028e-01
-5.529390088275e-01	-4.039743584464e-01	-7.287408114238e-01
-4.279060647621e-01	-6.915318211014e-02	-9.011738107290e-01
-1.084852758400e-01	1.043644145853e-01	-9.886045791388e-01
8.881510108388e-02	9.969951697802e-02	-9.910458536989e-01
4.224719205472e-01	-6.966525364769e-02	-9.036947652738e-01
5.242877621453e-01	-3.539077445261e-01	-7.745138157768e-01
4.736792008763e-01	-5.720301510672e-01	-6.696338708035e-01
5.950483907929e-01	-3.605007275458e-01	-7.183012167981e-01
7.667350542912e-01	2.609564377863e-02	-6.414330626783e-01
7.728580751136e-01	5.098398203010e-01	-3.778276768146e-01
4.238013084997e-01	8.963917003115e-01	-1.299013877007e-01
5.691726779221e-02	9.941511463725e-01	-9.178193064677e-02
-2.026296537707e-02	9.957293028520e-01	-9.006979336086e-02
-3.713450211806e-01	9.219862679447e-01	-1.097460567209e-01
-7.690703299191e-01	5.251301506144e-01	-3.643750163689e-01
-7.575830439852e-01	1.208423606486e-02	-6.526269245939e-01
-6.152118605058e-01	-3.080416402415e-01	-7.256891308062e-01
-5.054787204771e-01	-5.043371457229e-01	-7.000966408924e-01
-5.249097357297e-01	-4.022182040505e-01	-7.501268463844e-01
-3.955334327620e-01	-8.609121016343e-02	-9.144077903759e-01
-9.579413077278e-02	7.545298544726e-02	-9.925373199515e-01
9.574554762532e-02	6.976679513537e-02	-9.929578965930e-01
4.069553583190e-01	-9.563372007228e-02	-9.084280532440e-01
4.965029632016e-01	-3.632230082988e-01	-7.883868680885e-01
4.362945434571e-01	-5.878011582023e-01	-6.812759130966e-01
5.627892987593e-01	-3.699798042244e-01	-7.391773465604e-01
7.418093094418e-01	1.385693501758e-02	-6.704676977882e-01
7.596465846937e-01	5.009231533165e-01	-4.147445730021e-01
4.232780675666e-01	8.912354534272e-01	-1.628958074091e-01
5.981093474174e-02	9.906443452441e-01	-1.226639039048e-01
-1.782685418262e-02	9.926841800364e-01	-1.194165900341e-01
-3.751897219527e-01	9.155480845564e-01	-1.449288701608e-01
-7.531920217132e-01	5.279350717147e-01	-3.924109306341e-01
-7.362621410862e-01	1.558458405730e-02	-6.765169475652e-01
-5.910826696979e-01	-3.056877120458e-01	-7.464424293186e-01
-4.809316677753e-01	-5.042644812073e-01	-7.172322245435e-01
-4.980792721054e-01	-4.112150102514e-01	-7.634259977515e-01
-3.678726542871e-01	-1.040295682057e-01	-9.240387216815e-01
-8.189109152575e-02	4.655773552317e-02	-9.955532262977e-01
9.688002948864e-02	3.861261073239e-02	-9.945467943635e-01
3.897459663048e-01	-1.172140415021e-01	-9.134325099447e-01
4.697906008860e-01	-3.601816254285e-01	-8.059565670822e-01
4.237243840874e-01	-5.666527842042e-01	-7.066556930241e-01
5.552918226264e-01	-3.357013701591e-01	-7.608913074793e-01
7.293050893669e-01	4.983148251462e-02	-6.823715336779e-01
7.358668760507e-01	5.295163967739e-01	-4.220335606075e-01
3.976707267967e-01	8.984941799291e-01	-1.859198797400e-01
3.659838090789e-02	9.876597931087e-01	-1.522783359226e-01
-3.450069110458e-02	9.879437045844e-01	-1.509203064049e-01
-3.777941287399e-01	9.084195383084e-01	-1.790126775099e-01
-7.353954098568e-01	5.350851118983e-01	-4.157854184387e-01
-7.160141450779e-01	2.502742252925e-02	-6.976369916868e-01
-5.704295561712e-01	-2.971526883682e-01	-7.657090839489e-01
-4.533654598551e-01	-5.048531214718e-01	-7.345631937080e-01
-4.725076641035e-01	-4.301526361866e-01	-7.692237755979e-01
-3.587359630518e-01	-1.326202663087e-01	-9.239698987399e-01
-8.939683968936e-02	1.328047807566e-02	-9.959075428752e-01
7.894763571285e-02	1.098722896022e-02	-9.968182139263e-01
3.627721479112e-01	-1.354492147102e-01	-9.219814959826e-01
4.438796732206e-01	-3.689707113421e-01	-8.165974833866e-01
4.006208555467e-01	-5.600423186901e-01	-7.251589697282e-01
5.385073935904e-01	-3.194302851067e-01	-7.797269265616e-01
7.104470165761e-01	6.743599579216e-02	-7.005122576441e-01
7.155503932365e-01	5.427969540762e-01	-4.397261663634e-01
3.817903065597e-01	8.993861588082e-01	-2.129335557427e-01
2.584815865000e-02	9.829823854104e-01	-1.818722152152e-01
-4.453698618077e-02	9.822905097780e-01	-1.819939868844e-01
-3.775405339867e-01	9.015481525402e-01	-2.113624229808e-01
-7.177598462194e-01	5.371652228489e-01	-4.430285843112e-01
-6.930592666169e-01	2.819814263527e-02	-7.203288955112e-01
-5.456769490229e-01	-2.939091152999e-01	-7.847637219244e-01
-4.236573615789e-01	-5.085591884218e-01	-7.495878813400e-01
-4.454527127155e-01	-4.472329856247e-01	-7.755994696385e-01
-3.420555580068e-01	-1.569797643956e-01	-9.264746887028e-01
-8.608440619913e-02	-1.865896916109e-02	-9.961131049631e-01
6.939015562814e-02	-1.822919144926e-02	-9.974230310560e-01
3.422458346825e-01	-1.564033851003e-01	-9.265018994971e-01
4.170040778523e-01	-3.785768936241e-01	-8.263093456258e-01
3.747236911521e-01	-5.566001365952e-01	-7.414704601207e-01
5.182732133191e-01	-3.077595741165e-01	-7.979203725282e-01
6.896254111924e-01	7.933628980802e-02	-7.198072973770e-01
6.948072018309e-01	5.535042987282e-01	-4.592123077329e-01
3.649084882978e-01	8.998614957689e-01	-2.389374051940e-01
1.121612936687e-02	9.774854857726e-01	-2.107043510369e-01
-5.630777709284e-02	9.754102445219e-01	-2.130828222089e-01
-3.768358440745e-01	8.939406550442e-01	-2.426207985309e-01
-7.007304703102e-01	5.340257900314e-01	-4.730679270044e-01
-6.683518531106e-01	2.546671956003e-02	-7.434092053765e-01
-5.173756099005e-01	-2.932993799162e-01	-8.039265837257e-01
-3.911595013511e-01	-5.157150670666e-01	-7.622546910995e-01
-4.181853094885e-01	-4.663559380543e-01	-7.795082975629e-01
-3.232886684636e-01	-1.813508745003e-01	-9.287606242520e-01
-7.018595881770e-02	-4.944946965351e-02	-9.963075233761e-01
1.006684919770e-01	-5.679180877862e-02	-9.932978129336e-01
3.495414340935e-01	-1.903821995727e-01	-9.173741897055e-01
3.985791073080e-01	-4.412229672499e-01	-8.040254898874e-01
3.258658188524e-01	-5.934198937765e-01	-7.359784628466e-01
4.821460835242e-01	-3.257488369421e-01	-8.132790722581e-01
6.602858061294e-01	5.728576255404e-02	-7.488264122163e-01
6.746269191126e-01	5.474563963983e-01	-4.951464571733e-01
4.181309063810e-01	8.667677984486e-01	-2.718089930475e-01
2.133510624849e-02	9.815399564465e-01	-1.900634818696e-01

Hair-18
7.111713098690e-02	9.919097568806e-01	1.051541149229e-01
-5.415584679532e-01	8.386342088992e-01	-5.837027884282e-02
-8.267882180407e-01	4.400833943820e-01	-3.503538903713e-01
-7.989230103330e-01	-8.453609567948e-02	-5.954625698461e-01
-6.419452813154e-01	-4.047474459634e-01	-6.512186735521e-01
-5.404305127001e-01	-5.858327503479e-01	-6.039328187494e-01
-6.176362011864e-01	-4.506805138317e-01	-6.445250944971e-01
-5.020892657798e-01	-3.487265966506e-02	-8.641124156014e-01
-1.390024852646e-01	1.554464459507e-01	-9.780157010660e-01
9.649060352348e-02	1.584416989499e-01	-9.826422499901e-01
4.752194872069e-01	-4.013681275726e-02	-8.789513497575e-01
5.781340485608e-01	-3.708376735229e-01	-7.268015147142e-01
5.233307115133e-01	-5.796232004881e-01	-6.246294196105e-01
6.326191627060e-01	-3.792126117732e-01	-6.752709012310e-01
8.001208031329e-01	-2.981207864122e-03	-5.998314869975e-01
8.073775057210e-01	4.854704115172e-01	-3.353506266537e-01
4.306323749099e-01	9.002202378254e-01	-6.449248862538e-02
1.793042265640e-02	9.996001219654e-01	-2.186540898387e-02
3.237507476360e-03	9.997220491085e-01	-2.335258168987e-02
-4.051945998658e-01	9.120441847847e-01	-6.318814160826e-02
-8.114510186169e-01	4.789767124729e-01	-3.348560187517e-01
-7.869411450240e-01	-4.080052377074e-02	-6.156776360469e-01
-6.391164129755e-01	-3.545469967566e-01	-6.825149359217e-01
-5.303369707192e-01	-5.429301200362e-01	-6.511294665777e-01
-5.842336402649e-01	-4.402000047246e-01	-6.818320976775e-01
-4.634858971285e-01	-5.175184887404e-02	-8.845917529014e-01
-1.245155626061e-01	1.297713789101e-01	-9.836947005472e-01
1.198258883839e-01	1.275496707776e-01	-9.845673354106e-01
4.727128820284e-01	-6.338363784988e-02	-8.789340394008e-01
5.568198185896e-01	-3.992377997089e-01	-7.283960934199e-01
4.806741949254e-01	-5.976619581607e-01	-6.416794387390e-01
5.971377743386e-01	-3.986156646408e-01	-6.960833501535e-01
7.782677944482e-01	-1.378401192416e-02	-6.277812048318e-01
7.971153128283e-01	4.771229321927e-01	-3.700822687329e-01
4.392415379238e-01	8.922977902428e-01	-1.042666048652e-01
2.702867149578e-02	9.980514214904e-01	-5.623887426152e-02
-9.582382665839e-03	9.983571217727e-01	-5.649102006638e-02
-4.034240315202e-01	9.101533832204e-01	-9.417998622033e-02
-7.975063082824e-01	4.819338450174e-01	-3.629372635546e-01
-7.659822114947e-01	-4.028850029937e-02	-6.415980738884e-01
-6.138389840488e-01	-3.569852872318e-01	-7.041045422108e-01
-5.031033058142e-01	-5.498519058915e-01	-6.667457875880e-01
-5.593402911090e-01	-4.546220553710e-01	-6.931502185763e-01
-4.429455528143e-01	-7.581555518764e-02	-8.933371361550e-01
-1.173946569584e-01	1.015197667597e-01	-9.878827012731e-01
1.204714258789e-01	9.540275850541e-02	-9.881219303387e-01
4.593723560679e-01	-8.829998071967e-02	-8.838439635397e-01
5.302625169598e-01	-4.174796705304e-01	-7.379243781047e-01
4.442336575358e-01	-6.123004617649e-01	-6.540218666335e-01
5.669789795545e-01	-4.095411575381e-01	-7.147103448431e-01
7.547356314652e-01	-2.460242327265e-02	-6.555675765060e-01
7.844907845988e-01	4.701256128564e-01	-4.044207178372e-01
4.427536649766e-01	8.856294076277e-01	-1.401061900660e-01
2.971062681585e-02	9.956525476502e-01	-8.827957301546e-02
-2.151609282867e-02	9.958131081974e-01	-8.884430928110e-02
-4.038926144275e-01	9.061956819764e-01	-1.252203736544e-01
-7.825767185277e-01	4.829540261978e-01	-3.928474108324e-01
-7.430199440228e-01	-4.129341691786e-02	-6.679941740042e-01
-5.876450941532e-01	-3.595541804891e-01	-7.248406960226e-01
-4.756811935665e-01	-5.561861694691e-01	-6.814575166351e-01
-5.311389957913e-01	-4.661769274495e-01	-7.075100278184e-01
-4.249301689634e-01	-1.020902057775e-01	-8.994509110502e-01
-1.053241072204e-01	7.375562052567e-02	-9.916990172825e-01
1.154600499836e-01	6.572025524493e-02	-9.911356238721e-01
4.423231530982e-01	-1.141871616411e-01	-8.895569236140e-01
5.024994200664e-01	-4.335205565397e-01	-7.480335954290e-01
4.097385355464e-01	-6.262469581637e-01	-6.632714978642e-01
5.380301289362e-01	-4.151644265065e-01	-7.335953103179e-01
7.317647531428e-01	-3.202598938040e-02	-6.808044374577e-01
7.703352994444e-01	4.655471141027e-01	-4.357171226616e-01
4.430209943638e-01	8.793732932804e-01	-1.744563258187e-01
3.358388821303e-02	9.922538026612e-01	-1.196014780719e-01
-2.534656773807e-02	9.925532080130e-01	-1.191456284006e-01
-4.058354388628e-01	9.000333079626e-01	-1.588635928113e-01
-7.675424078138e-01	4.812496615564e-01	-4.234116383134e-01
-7.185829423055e-01	-4.459043649486e-02	-6.940102650544e-01
-5.595083340698e-01	-3.635181510609e-01	-7.448523195612e-01
-4.454925027452e-01	-5.627081352510e-01	-6.963447310924e-01
-5.022481524779e-01	-4.789877880916e-01	-7.199427006308e-01
-4.041227855119e-01	-1.267397127374e-01	-9.058817910994e-01
-9.573260369396e-02	4.326549480096e-02	-9.944663722568e-01
1.092091990518e-01	3.660312210800e-02	-9.933446342002e-01
4.218245357625e-01	-1.312304373112e-01	-8.971302209556e-01
4.799010318672e-01	-4.337787877670e-01	-7.625817745633e-01
3.908598418845e-01	-6.148322257086e-01	-6.849889913219e-01
5.279623811547e-01	-3.908806868330e-01	-7.539681775423e-01
7.183349222995e-01	-6.197240047507e-03	-6.956698452719e-01
7.484578873650e-01	4.869161380099e-01	-4.502482264113e-01
4.217273239631e-01	8.844861826943e-01	-1.995751909577e-01
2.221605667950e-02	9.885767533321e-01	-1.490719611362e-01
-2.702730852013e-02	9.884566327369e-01	-1.490738400676e-01
-3.998566438169e-01	8.967398416964e-01	-1.896637042498e-01
-7.490514307195e-01	4.893474029885e-01	-4.466106507076e-01
-6.995435265051e-01	-3.394310563605e-02	-7.137833845814e-01
-5.400287533779e-01	-3.528914966154e-01	-7.640919690336e-01
-4.197799891978e-01	-5.603073148410e-01	-7.140311433017e-01
-4.773925384617e-01	-4.926251123865e-01	-7.276103784769e-01
-3.891196101034e-01	-1.500238677818e-01	-9.088887545397e-01
-9.751102722091e-02	1.216610611172e-02	-9.951600803049e-01
9.905038259325e-02	7.201844607165e-03	-9.950563577720e-01
3.969585262831e-01	-1.508725773638e-01	-9.053515305177e-01
4.538280536902e-01	-4.413320198287e-01	-7.741228235608e-01
3.687483832538e-01	-6.059787791069e-01	-7.048505863798e-01
5.123689104205e-01	-3.717088720165e-01	-7.741515446595e-01
6.995853677754e-01	1.299786570830e-02	-7.144308004850e-01
7.265084069496e-01	5.043864611114e-01	-4.666688681273e-01
4.063668149954e-01	8.855348262676e-01	-2.251534657465e-01
1.202028776939e-02	9.842325168196e-01	-1.764705797486e-01
-2.961454032313e-02	9.832296193330e-01	-1.799513675070e-01
-3.934759480551e-01	8.926934764602e-01	-2.197158059575e-01
-7.294749055742e-01	4.992849199719e-01	-4.675263958604e-01
-6.801370271245e-01	-2.063854575860e-02	-7.327944287201e-01
-5.197402229403e-01	-3.392400468134e-01	-7.840830895358e-01
-3.967838957495e-01	-5.526299536986e-01	-7.329138246404e-01
-4.503362109638e-01	-5.038467287754e-01	-7.371131331058e-01
-3.733368195134e-01	-1.759398167430e-01	-9.108593744811e-01
-1.010105804621e-01	-1.905658547517e-02	-9.947028245585e-01
8.780876584302e-02	-2.182647973170e-02	-9.958982003316e-01
3.690933345238e-01	-1.673106659403e-01	-9.142085382848e-01
4.250473381773e-01	-4.417729513628e-01	-7.900452010819e-01
3.446222124389e-01	-5.969056792044e-01	-7.245268392732e-01
4.938772224681e-01	-3.577679575897e-01	-7.925196386521e-01
6.792978577064e-01	2.559468586240e-02	-7.334162069187e-01
7.060025024527e-01	5.136733941721e-01	-4.875449832068e-01
3.927047800753e-01	8.839520241483e-01	-2.537947491775e-01
-6.406485807600e-03	9.792053024125e-01	-2.027706405446e-01
-3.990998533926e-02	9.768709873938e-01	-2.100720520642e-01
-3.755595110177e-01	8.954457025767e-01	-2.390231106423e-01
-7.028037146980e-01	5.258362111764e-01	-4.791275588216e-01
-6.632902097651e-01	1.191130526665e-02	-7.482674778691e-01
-5.143613395254e-01	-2.968225102933e-01	-8.045674675158e-01
-3.885668502806e-01	-5.260028426261e-01	-7.565294524421e-01
-4.182619894604e-01	-5.007085412652e-01	-7.578574172472e-01
-3.474296846938e-01	-2.026543523365e-01	-9.155456447784e-01
-9.105433581933e-02	-5.190707023559e-02	-9.944922141415e-01
7.167075852267e-02	-5.081972965447e-02	-9.961328513058e-01
3.395840465588e-01	-1.790860567315e-01	-9.233692975225e-01
4.081225605202e-01	-4.323294987148e-01	-8.040691389025e-01
3.365745531147e-01	-5.833460410778e-01	-7.392056321177e-01
4.902682643369e-01	-3.139617951817e-01	-8.130590508385e-01
6.659560744963e-01	7.308079906528e-02	-7.424026560092e-01
6.753949056940e-01	5.474592376767e-01	-4.940952382335e-01
4.041598248552e-01	8.683650358381e-01	-2.873969389309e-01
-5.748802716080e-02	9.982058897585e-01	-1.673703631655e-02

Hair-19
-3.258752348664e-02	9.984936610253e-01	4.414138880053e-02
-5.158531628494e-01	8.555752928776e-01	-4.343308181198e-02
-8.247112061320e-01	4.356495814941e-01	-3.606395272627e-01
-7.869032548455e-01	-1.137004759163e-01	-6.065108979152e-01
-6.237727153877e-01	-4.248975074083e-01	-6.560256913689e-01
-5.320131469656e-01	-5.972328434455e-01	-6.002290747421e-01
-6.055541085780e-01	-4.385683398416e-01	-6.640497216872e-01
-4.777725654889e-01	-3.103418573993e-02	-8.779352225430e-01
-1.316744953647e-01	1.525979687352e-01	-9.794772520117e-01
1.114620232097e-01	1.556307005478e-01	-9.815066492026e-01
4.807545566900e-01	-2.911857966275e-02	-8.763715904456e-01
5.797124208341e-01	-3.508741997613e-01	-7.354051978824e-01
5.216632031117e-01	-5.713241239960e-01	-6.336057511257e-01
6.340983137147e-01	-3.773523156098e-01	-6.749255947496e-01
8.045637535164e-01	1.106135399877e-02	-5.937632634100e-01
8.057988993048e-01	4.947209135500e-01	-3.254832585177e-01
4.330797154056e-01	8.987493064213e-01	-6.849557877234e-02
4.322937170224e-02	9.986385677341e-01	-2.919302067566e-02
-3.039556727021e-02	9.990966814576e-01	-2.969731622094e-02
-3.873191066814e-01	9.202982307645e-01	-5.509152431360e-02
-8.060983528349e-01	4.962591905533e-01	-3.223852685037e-01
-7.925670868265e-01	-1.974607935544e-02	-6.094649335519e-01
-6.479938049806e-01	-3.397852265910e-01	-6.816524249919e-01
-5.440363852788e-01	-5.227000050678e-01	-6.563605077965e-01
-5.806633203990e-01	-4.046447861597e-01	-7.064649357024e-01
-4.595287065662e-01	-4.853134842802e-02	-8.868359916362e-01
-1.254571408975e-01	1.232353282823e-01	-9.844153390013e-01
9.144803994272e-02	1.265836654953e-01	-9.877316597236e-01
4.408042429635e-01	-4.142895993256e-02	-8.966466754884e-01
5.515013667860e-01	-3.449339167669e-01	-7.595175017713e-01
4.973282593124e-01	-5.717769997436e-01	-6.524842259040e-01
6.141932878021e-01	-3.700801115607e-01	-6.969987921410e-01
7.859173970998e-01	1.733592622891e-02	-6.180884326677e-01
7.903808363936e-01	5.001057530661e-01	-3.538253371538e-01
4.290926985178e-01	8.978423509631e-01	-9.878546905171e-02
4.901430534197e-02	9.969734703892e-01	-6.034481926435e-02
-1.656586569083e-02	9.981564803449e-01	-5.838846495108e-02
-3.802697493941e-01	9.209638266545e-01	-8.497380590330e-02
-7.910740855487e-01	5.021703109644e-01	-3.493233029146e-01
-7.739001936821e-01	-1.038551999052e-02	-6.332224184228e-01
-6.283615534814e-01	-3.322693652712e-01	-7.033909489102e-01
-5.205811914370e-01	-5.216039806922e-01	-6.759619149391e-01
-5.539446589251e-01	-4.097187565670e-01	-7.247591705978e-01
-4.307848574991e-01	-6.672086705205e-02	-8.999848512332e-01
-1.121997762622e-01	9.781342745303e-02	-9.888598200031e-01
9.390845064165e-02	9.648488557499e-02	-9.908944796262e-01
4.266863714190e-01	-6.811480216713e-02	-9.018309787155e-01
5.242875526917e-01	-3.522131276357e-01	-7.752860599893e-01
4.709888269007e-01	-5.744502453048e-01	-6.694598125384e-01
5.930819428456e-01	-3.642001173412e-01	-7.180613369338e-01
7.664029579342e-01	2.367624922755e-02	-6.419236257470e-01
7.745560117827e-01	5.034249952588e-01	-3.829180836157e-01
4.218847861544e-01	8.974381657443e-01	-1.289106895371e-01
4.514216440581e-02	9.948463611171e-01	-9.079043322303e-02
-1.984696192114e-02	9.958673870674e-01	-8.862418111338e-02
-3.833717490986e-01	9.161617222277e-01	-1.169350277624e-01
-7.782600503423e-01	4.956367378933e-01	-3.855587090078e-01
-7.500485115423e-01	-1.712353945039e-02	-6.611611110236e-01
-5.989775713962e-01	-3.397534099106e-01	-7.251161902885e-01
-4.899041757462e-01	-5.322534621957e-01	-6.904347547503e-01
-5.259309987137e-01	-4.235447018592e-01	-7.375679427137e-01
-4.130006007893e-01	-9.298012667382e-02	-9.059719641310e-01
-1.130965650723e-01	7.064641126285e-02	-9.910692465941e-01
8.477043144961e-02	6.801461012440e-02	-9.940764491534e-01
4.053856987986e-01	-9.208154882274e-02	-9.094962471478e-01
4.952662310694e-01	-3.625705280461e-01	-7.894643580015e-01
4.374725346599e-01	-5.851772562536e-01	-6.827776799089e-01
5.640424217790e-01	-3.690305298955e-01	-7.386965645234e-01
7.422752779894e-01	1.551624770299e-02	-6.699154108863e-01
7.602213550733e-01	4.964091597907e-01	-4.190959763185e-01
4.262447858006e-01	8.898169100575e-01	-1.629148524647e-01
4.623104308377e-02	9.916270208730e-01	-1.205758770649e-01
-1.673977913795e-02	9.927277949918e-01	-1.192111775178e-01
-3.779811906778e-01	9.140013031421e-01	-1.474172220210e-01
-7.601816135934e-01	5.049808979189e-01	-4.088009382225e-01
-7.285133292979e-01	-1.316171670754e-02	-6.849051746400e-01
-5.768470466705e-01	-3.333956976226e-01	-7.457176366121e-01
-4.658304076036e-01	-5.280461652215e-01	-7.100487861737e-01
-4.988080565977e-01	-4.220438469750e-01	-7.570135493529e-01
-3.704743728275e-01	-1.050770953046e-01	-9.228800263958e-01
-7.478924280850e-02	4.796488189793e-02	-9.960451492099e-01
1.095604967343e-01	3.115518826239e-02	-9.934917472227e-01
4.080378257247e-01	-1.226593477200e-01	-9.046876904185e-01
4.706256299610e-01	-3.829015719588e-01	-7.949200605188e-01
4.080956895038e-01	-5.877462483396e-01	-6.985787398505e-01
5.435177628549e-01	-3.633288899560e-01	-7.566905306560e-01
7.244990416138e-01	2.443333673004e-02	-6.888426168269e-01
7.411756671596e-01	5.045209966437e-01	-4.428512101781e-01
4.089123701738e-01	8.919784732418e-01	-1.927824597627e-01
4.247731677365e-02	9.874206198933e-01	-1.523029775456e-01
-1.824476515599e-02	9.886952390202e-01	-1.488249067971e-01
-3.693379208924e-01	9.127129952334e-01	-1.747698158235e-01
-7.383517615982e-01	5.239797003191e-01	-4.245962197174e-01
-7.135803184138e-01	1.388825480846e-02	-7.004357540495e-01
-5.642205230080e-01	-3.094417012186e-01	-7.654417253870e-01
-4.468444695110e-01	-5.142005274663e-01	-7.320709239007e-01
-4.728181893001e-01	-4.341934757386e-01	-7.667587531245e-01
-3.569483445237e-01	-1.291004820911e-01	-9.251599563674e-01
-8.330666867005e-02	1.296581754523e-02	-9.964396050592e-01
9.248359032389e-02	3.956261070491e-03	-9.957063490403e-01
3.761528506858e-01	-1.382123544227e-01	-9.161912344079e-01
4.453921723922e-01	-3.821007178592e-01	-8.097066469921e-01
3.934580155521e-01	-5.698867743280e-01	-7.214013130317e-01
5.330418558124e-01	-3.339384592802e-01	-7.774004665330e-01
7.088313489543e-01	5.527587728339e-02	-7.032088566921e-01
7.176322946059e-01	5.296944804315e-01	-4.521367571201e-01
3.845090001745e-01	8.980735490933e-01	-2.135807322860e-01
2.248336360127e-02	9.834469165655e-01	-1.797961641945e-01
-2.944830559610e-02	9.831403791452e-01	-1.804654875364e-01
-3.693232448214e-01	9.056825856269e-01	-2.081811589141e-01
-7.189697512271e-01	5.301513943172e-01	-4.494685705630e-01
-6.932959505271e-01	2.363825599969e-02	-7.202651996563e-01
-5.426972263532e-01	-3.002875286948e-01	-7.844151455823e-01
-4.205240221155e-01	-5.118781327789e-01	-7.490930009062e-01
-4.458937695787e-01	-4.466915602631e-01	-7.756580407890e-01
-3.410032963802e-01	-1.527786503476e-01	-9.275642489099e-01
-8.899190006463e-02	-2.022580663593e-02	-9.958269721537e-01
8.217082677482e-02	-2.559954013159e-02	-9.962894252034e-01
3.498459849707e-01	-1.572552000782e-01	-9.235142602300e-01
4.177536730252e-01	-3.874816185088e-01	-8.217906448675e-01
3.675312844468e-01	-5.670771531891e-01	-7.371188895177e-01
5.121722699022e-01	-3.227017591280e-01	-7.959542327288e-01
6.885377165604e-01	6.666436342793e-02	-7.221299575025e-01
6.967938937790e-01	5.344748699288e-01	-4.783459867156e-01
3.770723944880e-01	8.937099323558e-01	-2.431027892142e-01
2.274784411333e-02	9.774677442548e-01	-2.098555325211e-01
-3.366656046476e-02	9.768876564577e-01	-2.110854551290e-01
-3.640450225024e-01	9.002413703374e-01	-2.388235681927e-01
-6.982028785650e-01	5.422430658504e-01	-4.674240022729e-01
-6.725527714182e-01	3.586937231410e-02	-7.391793813328e-01
-5.218031311172e-01	-2.863319498605e-01	-8.035766963056e-01
-3.951753900258e-01	-5.079689679138e-01	-7.653782978074e-01
-4.186183138952e-01	-4.609352716787e-01	-7.824943339054e-01
-3.299104106426e-01	-1.815471950553e-01	-9.263907042480e-01
-8.276673555768e-02	-4.887230406874e-02	-9.953698636086e-01
1.044380937850e-01	-6.684075975154e-02	-9.922827204998e-01
3.347130306484e-01	-1.832877257126e-01	-9.243228855315e-01
3.963795369070e-01	-4.460024161517e-01	-8.024743656393e-01
3.202608602394e-01	-6.085180110526e-01	-7.260432574050e-01
4.690771530691e-01	-3.478187972721e-01	-8.117811951091e-01
6.581784216513e-01	3.347201987951e-02	-7.521175367971e-01
6.713364376380e-01	5.324416051495e-01	-5.155708725338e-01
4.657723082564e-01	8.367190454858e-01	-2.880232556285e-01
3.531626766305e-02	9.856193568994e-01	-1.652490379506e-01

Hair-20
-3.813344777260e-02	9.991717167848e-01	1.420283557270e-02
-5.489209954029e-01	8.321263098486e-01	-7.906671400511e-02
-8.245795448835e-01	4.707948277468e-01	-3.137209019598e-01
-7.961629158846e-01	-7.743381598780e-02	-6.001071700220e-01
-6.470431999603e-01	-3.804209434304e-01	-6.607684943947e-01
-5.477032849205e-01	-5.614047910086e-01	-6.203593896443e-01
-6.058467476439e-01	-4.161777678145e-01	-6.780455618513e-01
-4.793481334677e-01	-3.195165114910e-02	-8.770430199995e-01
-1.322575711553e-01	1.569139401260e-01	-9.787164810435e-01
1.137410173799e-01	1.589300538662e-01	-9.807161765483e-01
4.722773220942e-01	-2.965482062613e-02	-8.809510330598e-01
5.758451442936e-01	-3.363709948527e-01	-7.451556371761e-01
5.427929885874e-01	-5.466008614115e-01	-6.376545066449e-01
6.491002944168e-01	-3.478399820715e-01	-6.765176676632e-01
8.108329549197e-01	3.646043557080e-02	-5.841408698715e-01
7.989241628669e-01	5.193616428404e-01	-3.032880906557e-01
4.317757723487e-01	8.993660334698e-01	-6.863250143761e-02
5.308119996636e-02	9.981339853136e-01	-3.018167610004e-02
-2.680855522855e-02	9.991887380835e-01	-3.005273787235e-02
-3.857853046422e-01	9.209788151367e-01	-5.447679131009e-02
-7.944644394101e-01	5.307397507210e-01	-2.951975127221e-01
-8.026834323453e-01	1.879929718928e-02	-5.961089614019e-01
-6.706520874397e-01	-2.957418868512e-01	-6.802665021699e-01
-5.652747748455e-01	-4.818373250294e-01	-6.695500139137e-01
-5.775795459514e-01	-3.839239143724e-01	-7.204195278250e-01
-4.464077504948e-01	-4.260365094096e-02	-8.938148853228e-01
-1.368841269035e-01	1.233076629002e-01	-9.828824731737e-01
1.112064470919e-01	1.298769134092e-01	-9.852741311374e-01
4.364338185552e-01	-4.622605367152e-02	-8.985480921928e-01
5.495814824606e-01	-3.296366406030e-01	-7.676586997542e-01
5.187559440224e-01	-5.459019221948e-01	-6.579387219836e-01
6.303628117729e-01	-3.389940766446e-01	-6.983736403485e-01
7.934182287122e-01	4.701838537117e-02	-6.068581265702e-01
7.834026925867e-01	5.277091841534e-01	-3.283340344954e-01
4.276316333349e-01	8.983743587483e-01	-1.002731156133e-01
5.909998321364e-02	9.963733819788e-01	-6.121499545327e-02
-1.598265850199e-02	9.981152319631e-01	-5.924979620600e-02
-3.757764725678e-01	9.229850101347e-01	-8.301032303950e-02
-7.784897485632e-01	5.428746112092e-01	-3.150251861144e-01
-7.852492553882e-01	3.673747179453e-02	-6.180889621069e-01
-6.536787825380e-01	-2.812408880824e-01	-7.025721401609e-01
-5.460308548718e-01	-4.729863857389e-01	-6.914724755430e-01
-5.508151023406e-01	-3.823275613289e-01	-7.419085919989e-01
-4.086111994877e-01	-5.859268305373e-02	-9.108258808059e-01
-1.232539742168e-01	9.648565108762e-02	-9.876735174003e-01
1.129437811208e-01	9.629262720647e-02	-9.889243814629e-01
4.173871501917e-01	-6.807291253286e-02	-9.061755047639e-01
5.225610381994e-01	-3.309623388596e-01	-7.857441642243e-01
4.952429324160e-01	-5.445868667568e-01	-6.768748646892e-01
6.111376442888e-01	-3.281678748271e-01	-7.202892652710e-01
7.746113949758e-01	5.810305020411e-02	-6.297628302231e-01
7.670589255537e-01	5.358660452162e-01	-3.528004908058e-01
4.194686604470e-01	8.984353408255e-01	-1.298459905371e-01
5.458646276360e-02	9.942924008411e-01	-9.166754994302e-02
-1.571050185370e-02	9.959082320473e-01	-8.899423280202e-02
-3.756370300396e-01	9.198379082910e-01	-1.131151808285e-01
-7.669385507086e-01	5.359062599623e-01	-3.530010481149e-01
-7.613008679833e-01	3.069679579006e-02	-6.476717495276e-01
-6.262191134262e-01	-2.881023937904e-01	-7.244629960681e-01
-5.169925012460e-01	-4.835819747746e-01	-7.063053357639e-01
-5.245569310249e-01	-3.889560140894e-01	-7.573329817309e-01
-3.786489938922e-01	-7.772142912466e-02	-9.222712826925e-01
-1.015936680577e-01	7.368927531474e-02	-9.920930487178e-01
1.186750838568e-01	6.332640550226e-02	-9.909116967913e-01
4.132776288967e-01	-9.869932913013e-02	-9.052403238272e-01
4.963192095920e-01	-3.395024458554e-01	-7.990027105387e-01
4.500342520756e-01	-5.723710630182e-01	-6.854637395064e-01
5.745759763953e-01	-3.484395229831e-01	-7.405756856478e-01
7.470957995166e-01	3.839200362536e-02	-6.636067513236e-01
7.572954383571e-01	5.149836844498e-01	-4.016160153605e-01
4.239865617051e-01	8.907637717335e-01	-1.636315937113e-01
5.742768894669e-02	9.908323191751e-01	-1.222839965833e-01
-1.206149925191e-02	9.928625009455e-01	-1.186531687404e-01
-3.739647903366e-01	9.159659977683e-01	-1.454531763865e-01
-7.516340862414e-01	5.368572064990e-01	-3.831847338167e-01
-7.401108553576e-01	3.062882213929e-02	-6.717870176151e-01
-5.968068999034e-01	-2.905488460868e-01	-7.479324115623e-01
-4.920450264535e-01	-4.903237378111e-01	-7.193568822784e-01
-4.985148717951e-01	-3.937591835052e-01	-7.722930972141e-01
-3.657409953623e-01	-1.050471443722e-01	-9.247694965615e-01
-9.160147721017e-02	4.603644802834e-02	-9.947310263714e-01
1.083983253806e-01	3.255509084908e-02	-9.935743400041e-01
3.924749941844e-01	-1.155271817992e-01	-9.124784102681e-01
4.701649924813e-01	-3.573147566549e-01	-8.070136582003e-01
4.285637903757e-01	-5.566718391965e-01	-7.116526828618e-01
5.592859476301e-01	-3.266516745627e-01	-7.619041358917e-01
7.317007325047e-01	6.125963427506e-02	-6.788676566611e-01
7.354682205920e-01	5.310332288828e-01	-4.208208720127e-01
4.069159303435e-01	8.933302068328e-01	-1.907369056912e-01
4.130441943234e-02	9.875085050088e-01	-1.520555736258e-01
-2.287240051912e-02	9.884053303249e-01	-1.501058169421e-01
-3.722337057281e-01	9.109805853298e-01	-1.776413281645e-01
-7.311974228215e-01	5.528191751938e-01	-3.996764796649e-01
-7.232094364683e-01	4.994829622059e-02	-6.888202078248e-01
-5.814528174575e-01	-2.718732627811e-01	-7.668099830177e-01
-4.693217614091e-01	-4.797389749228e-01	-7.413417566871e-01
-4.714417733035e-01	-4.068424388357e-01	-7.824460903773e-01
-3.506369914659e-01	-1.293733456583e-01	-9.275323377915e-01
-9.734189901225e-02	1.359393757050e-02	-9.951581580623e-01
9.316348885115e-02	6.773785286598e-03	-9.956277819436e-01
3.595541359315e-01	-1.331369134830e-01	-9.235774930144e-01
4.420941782764e-01	-3.549896555616e-01	-8.237324092072e-01
4.125909932850e-01	-5.392425243612e-01	-7.341567762956e-01
5.472038578341e-01	-2.995060488283e-01	-7.815779325741e-01
7.152943333024e-01	8.921951893479e-02	-6.931045333761e-01
7.126171776387e-01	5.523100155795e-01	-4.325857196265e-01
3.913590264493e-01	8.941217951338e-01	-2.176794153872e-01
3.335154307754e-02	9.827819851662e-01	-1.817339929872e-01
-3.213100116842e-02	9.829465413988e-01	-1.810626839413e-01
-3.700956910541e-01	9.051777456578e-01	-2.090034167878e-01
-7.117291446790e-01	5.618653772430e-01	-4.216028017816e-01
-7.026223158406e-01	6.050811260558e-02	-7.089856483680e-01
-5.605582050700e-01	-2.612510820215e-01	-7.858259163907e-01
-4.444853194357e-01	-4.767944455555e-01	-7.583533856280e-01
-4.448169822098e-01	-4.169499584585e-01	-7.926478313092e-01
-3.298309962650e-01	-1.532148313259e-01	-9.315238748227e-01
-9.484321373466e-02	-1.647018894677e-02	-9.953559653132e-01
8.293983642592e-02	-2.145328597553e-02	-9.963236121133e-01
3.353888443747e-01	-1.535134613040e-01	-9.294879989905e-01
4.138034881922e-01	-3.560676659061e-01	-8.378439535236e-01
3.900754996568e-01	-5.313364662715e-01	-7.520124095902e-01
5.295660861708e-01	-2.814638789803e-01	-8.002111253957e-01
6.956258017042e-01	1.072701350224e-01	-7.103505206134e-01
6.905085470014e-01	5.677844118324e-01	-4.481281158310e-01
3.702162997296e-01	8.969231932082e-01	-2.418029712383e-01
1.876335292317e-02	9.772482598620e-01	-2.112670707512e-01
-4.608158132453e-02	9.762369242051e-01	-2.117497477714e-01
-3.750120414467e-01	8.948436749141e-01	-2.421172572044e-01
-6.954099088149e-01	5.554659429759e-01	-4.559195596987e-01
-6.760470871736e-01	5.413923023161e-02	-7.348668448597e-01
-5.317991108235e-01	-2.642152500785e-01	-8.045992837141e-01
-4.084359565043e-01	-4.888281539602e-01	-7.708612750231e-01
-4.176072280228e-01	-4.471623866180e-01	-7.909804062663e-01
-3.167033130418e-01	-1.819483880114e-01	-9.309101973920e-01
-7.432596877810e-02	-4.527632770468e-02	-9.962056537256e-01
1.000782252743e-01	-6.145966427299e-02	-9.930795831621e-01
3.492790799344e-01	-1.889381767567e-01	-9.177725696947e-01
3.982240434288e-01	-4.365722471090e-01	-8.067355727185e-01
3.285297763905e-01	-5.918686296957e-01	-7.360432807974e-01
4.808484212154e-01	-3.228113828391e-01	-8.152162945649e-01
6.586069614894e-01	5.435284102111e-02	-7.505215779381e-01
6.764986079312e-01	5.576057056023e-01	-4.810670541067e-01
4.429947725550e-01	8.415389036239e-01	-3.091405912793e-01
6.098238602239e-02	9.754022207225e-01	-2.118293095975e-01

Hair-21
-5.508653145807e-02	9.976640521645e-01	4.039694382741e-02
-5.310415666408e-01	8.462915705704e-01	-4.225437351555e-02
-8.237611820304e-01	4.341769041099e-01	-3.645654000551e-01
-7.864433839443e-01	-1.164162558446e-01	-6.065921687801e-01
-6.223581418094e-01	-4.298632674489e-01	-6.541314199927e-01
-5.315059113220e-01	-5.951367140965e-01	-6.027551391437e-01
-6.043536573957e-01	-4.402611045640e-01	-6.640232048660e-01
-4.927907081762e-01	-3.962107221039e-02	-8.692453557955e-01
-1.497409242307e-01	1.416390116408e-01	-9.785274886236e-01
9.742429633246e-02	1.594075361859e-01	-9.823938842904e-01
4.642907418289e-01	-1.794174471892e-02	-8.855011015512e-01
5.791266831190e-01	-3.415253049486e-01	-7.402518159244e-01
5.197731543807e-01	-5.733622073193e-01	-6.333179669037e-01
6.313789264265e-01	-3.816105074906e-01	-6.750807891188e-01
8.037791980291e-01	5.501002991786e-03	-5.949022943155e-01
8.075130785793e-01	4.883403005888e-01	-3.308268108002e-01
4.369209081915e-01	8.966999999084e-01	-7.091706529088e-02
4.381785640518e-02	9.986001298386e-01	-2.962728719147e-02
-2.310699497490e-02	9.993477628904e-01	-2.775095654613e-02
-3.912642460837e-01	9.185005316912e-01	-5.717572054271e-02
-8.071964836863e-01	4.942240945644e-01	-3.227636613322e-01
-7.927811486025e-01	-1.986786189619e-02	-6.091825001460e-01
-6.464669794246e-01	-3.397206615249e-01	-6.831327225706e-01
-5.440756775500e-01	-5.227042795815e-01	-6.563245334479e-01
-5.801240674276e-01	-3.987709171814e-01	-7.102378629738e-01
-4.515915732245e-01	-4.451093893164e-02	-8.911138127692e-01
-1.267329114252e-01	1.220198614970e-01	-9.844033332745e-01
1.012291985969e-01	1.245648952190e-01	-9.870340603194e-01
4.430034011153e-01	-3.939653294049e-02	-8.956538950915e-01
5.505842876304e-01	-3.363520310316e-01	-7.640184902445e-01
4.989365088827e-01	-5.676793505550e-01	-6.548301421418e-01
6.149850918326e-01	-3.671161661186e-01	-6.978675070514e-01
7.878130572750e-01	2.019643085655e-02	-6.155832120581e-01
7.909037074301e-01	4.974941158647e-01	-3.563298054517e-01
4.234854243741e-01	9.004694609115e-01	-9.906990112287e-02
3.358658469682e-02	9.976983348106e-01	-5.890648558983e-02
-2.425380611459e-02	9.980550646079e-01	-5.742683083187e-02
-3.953413872402e-01	9.140977424222e-01	-9.016931203938e-02
-7.929968857495e-01	4.954943379356e-01	-3.544591658646e-01
-7.723920657839e-01	-1.566608798952e-02	-6.349528095860e-01
-6.249008303550e-01	-3.357299291322e-01	-7.048293175703e-01
-5.207209944155e-01	-5.214518701763e-01	-6.759715919065e-01
-5.527311857335e-01	-4.033414626397e-01	-7.292488607007e-01
-4.304022636256e-01	-6.590645482175e-02	-9.002278770838e-01
-1.288793518884e-01	9.050640292749e-02	-9.875214953032e-01
9.607657563345e-02	9.623029690019e-02	-9.907113714766e-01
4.120362884838e-01	-5.887929756637e-02	-9.092630671541e-01
5.222039266293e-01	-3.284965483206e-01	-7.870152963917e-01
4.888420255773e-01	-5.465854023200e-01	-6.799101940699e-01
6.061677983069e-01	-3.356553846855e-01	-7.210381841674e-01
7.736853093587e-01	5.408724923454e-02	-6.312571675258e-01
7.712915846379e-01	5.166500806320e-01	-3.717283761696e-01
4.115223179153e-01	9.025004763774e-01	-1.270522412086e-01
1.740079893329e-02	9.959990379801e-01	-8.765345708626e-02
-2.678880384607e-02	9.957453491996e-01	-8.816779194126e-02
-3.931079271728e-01	9.117347751086e-01	-1.191883276649e-01
-7.751108985537e-01	5.095225769264e-01	-3.736172353433e-01
-7.539923526117e-01	5.209017005043e-03	-6.568625414384e-01
-6.104713533492e-01	-3.168612322144e-01	-7.258950931502e-01
-5.046368095017e-01	-5.084818362127e-01	-6.977018795573e-01
-5.250268919247e-01	-4.027027053434e-01	-7.497848317117e-01
-3.955373744729e-01	-8.527076404228e-02	-9.144829589417e-01
-1.129564774306e-01	6.968976821101e-02	-9.911529500603e-01
1.011677440020e-01	6.632660407264e-02	-9.926559671738e-01
3.980779314341e-01	-8.840535132172e-02	-9.130818442850e-01
4.958924985457e-01	-3.186571825187e-01	-8.078045740867e-01
4.659577675322e-01	-5.515383875078e-01	-6.918733742396e-01
5.848015779234e-01	-3.257980734064e-01	-7.428746393726e-01
7.517103757663e-01	5.892075834901e-02	-6.568560384139e-01
7.564221966012e-01	5.205025249205e-01	-3.961093056725e-01
4.086738667471e-01	8.991504083902e-01	-1.565701559356e-01
2.661284237806e-02	9.926411403844e-01	-1.181326501730e-01
-3.048607832319e-02	9.921962394605e-01	-1.209017015136e-01
-3.881857627664e-01	9.091918443890e-01	-1.506054570129e-01
-7.569899152761e-01	5.171716513100e-01	-3.993741995317e-01
-7.346629258794e-01	9.666970486406e-03	-6.783634239992e-01
-5.861227198027e-01	-3.113842821305e-01	-7.479973169559e-01
-4.786894167329e-01	-5.094441252272e-01	-7.150686159939e-01
-4.985894905886e-01	-3.995765057894e-01	-7.692510226810e-01
-3.702466319157e-01	-1.066018110724e-01	-9.227965569025e-01
-9.556133812881e-02	4.464168756462e-02	-9.944220182530e-01
1.048245500517e-01	3.079684728046e-02	-9.940137664560e-01
3.869353288501e-01	-1.112402042079e-01	-9.153724205237e-01
4.691450182035e-01	-3.559200242513e-01	-8.082226724311e-01
4.247892690009e-01	-5.655435744388e-01	-7.069049033304e-01
5.556173304367e-01	-3.366686817479e-01	-7.602260064274e-01
7.293756050615e-01	5.380609683650e-02	-6.819942306826e-01
7.381452640228e-01	5.184650895229e-01	-4.316659821513e-01
4.119031661538e-01	8.907799035702e-01	-1.919555810806e-01
4.159956196744e-02	9.876045298360e-01	-1.513498235596e-01
-1.024780150039e-02	9.888659093642e-01	-1.484560401661e-01
-3.667015626747e-01	9.134931692015e-01	-1.762390244925e-01
-7.332322632534e-01	5.445363972805e-01	-4.072475416267e-01
-7.226589456859e-01	4.622825177385e-02	-6.896571589987e-01
-5.783588199139e-01	-2.772839427794e-01	-7.672122851626e-01
-4.649622745701e-01	-4.825610538540e-01	-7.422566352213e-01
-4.716199333145e-01	-4.069159057151e-01	-7.823005075906e-01
-3.499708882433e-01	-1.271955026192e-01	-9.280849538138e-01
-9.743974335826e-02	1.223890178954e-02	-9.951661698919e-01
9.280574258307e-02	3.573700262469e-03	-9.956778207885e-01
3.600715822261e-01	-1.308785185150e-01	-9.236986895436e-01
4.420719708121e-01	-3.579990750095e-01	-8.224409005604e-01
4.062271318111e-01	-5.507767432827e-01	-7.291258440348e-01
5.411710199946e-01	-3.127367948867e-01	-7.805956855133e-01
7.125835083338e-01	7.776984063138e-02	-6.972636485139e-01
7.162234098416e-01	5.359789759707e-01	-4.469346311401e-01
3.986284693695e-01	8.903671758260e-01	-2.198673136684e-01
2.834775953531e-02	9.833165703026e-01	-1.796800687268e-01
-2.117131237098e-02	9.835401220185e-01	-1.794452671775e-01
-3.683957798780e-01	9.057292137169e-01	-2.096166519815e-01
-7.151023989728e-01	5.497690271515e-01	-4.317204833781e-01
-6.997216905105e-01	5.091265139217e-02	-7.125990862731e-01
-5.547491050445e-01	-2.731511585782e-01	-7.859019500038e-01
-4.356716724567e-01	-4.860920906938e-01	-7.575649630122e-01
-4.444847807659e-01	-4.248377475580e-01	-7.886356369816e-01
-3.335124488115e-01	-1.500868533805e-01	-9.307219686513e-01
-9.631529737504e-02	-2.009544880556e-02	-9.951479972491e-01
8.276436816284e-02	-2.407254931336e-02	-9.962783605660e-01
3.339888413989e-01	-1.527111051719e-01	-9.301240627885e-01
4.142917206197e-01	-3.612352359699e-01	-8.353870207992e-01
3.854188550277e-01	-5.405551258062e-01	-7.478318408264e-01
5.237429306510e-01	-2.913393334975e-01	-8.005090476380e-01
6.929461594487e-01	9.734839609728e-02	-7.143870868671e-01
6.950931864885e-01	5.533408807962e-01	-4.589763956207e-01
3.902872306781e-01	8.862613417222e-01	-2.494327799996e-01
3.185455691743e-02	9.770905255599e-01	-2.104266904759e-01
-2.526257602628e-02	9.772885006980e-01	-2.104019692301e-01
-3.637077550657e-01	9.001685323817e-01	-2.396106888577e-01
-6.971822921098e-01	5.453615385099e-01	-4.653145644428e-01
-6.746987085690e-01	4.632028001179e-02	-7.366383673927e-01
-5.253367400287e-01	-2.793386959318e-01	-8.037357790537e-01
-4.014260826228e-01	-4.970794155034e-01	-7.692653345062e-01
-4.167476296306e-01	-4.417764166931e-01	-7.944526485896e-01
-3.118480975525e-01	-1.727841795386e-01	-9.342892439465e-01
-5.953371868779e-02	-4.537099482750e-02	-9.971946696446e-01
1.342678566517e-01	-8.676030211839e-02	-9.871397026999e-01
3.395500418099e-01	-1.902285831380e-01	-9.211508319837e-01
3.990776483737e-01	-4.615120089157e-01	-7.923027806307e-01
3.101623486729e-01	-6.263612639989e-01	-7.151719264816e-01
4.591003539123e-01	-3.662687281841e-01	-8.093664706373e-01
6.498724286823e-01	1.651172103648e-02	-7.598639282839e-01
6.745803183660e-01	5.165632139227e-01	-5.273555158478e-01
4.834824303269e-01	8.193476468196e-01	-3.080814392597e-01
3.795203203293e-02	9.881302480397e-01	-1.488564952345e-01

Hair-22
-4.052237001973e-02	9.987357889515e-01	2.974493898833e-02
-5.694271170084e-01	8.171710634093e-01	-8.935441534681e-02
-8.304129710582e-01	4.565401960478e-01	-3.193514472973e-01
-7.920964521185e-01	-8.221350988004e-02	-6.048339849368e-01
-6.422621107687e-01	-3.895083417183e-01	-6.601383436847e-01
-5.468841703262e-01	-5.680174304958e-01	-6.150397571699e-01
-6.050804469715e-01	-4.176828362743e-01	-6.778043235143e-01
-4.709236021449e-01	-3.219902411216e-02	-8.815861749081e-01
-1.453950314432e-01	1.526964976908e-01	-9.775193422253e-01
1.222345308166e-01	1.574550450653e-01	-9.799319508310e-01
4.710284398715e-01	-2.867060411288e-02	-8.816519751535e-01
5.756653068548e-01	-3.374178011942e-01	-7.448212415883e-01
5.374399148802e-01	-5.505711108630e-01	-6.387720953333e-01
6.429947916453e-01	-3.548542212613e-01	-6.787018340700e-01
8.085709989512e-01	3.047308853074e-02	-5.876089945963e-01
8.012562408573e-01	5.117097488671e-01	-3.100670401729e-01
4.350272098636e-01	8.976958720307e-01	-6.995318446883e-02
5.275987137085e-02	9.981363471242e-01	-3.066314599912e-02
-2.280503234342e-02	9.993263899940e-01	-2.875233488552e-02
-3.901787577168e-01	9.191408587042e-01	-5.422747354408e-02
-7.977918914641e-01	5.259057517270e-01	-2.948749535221e-01
-7.988609211048e-01	1.957238326233e-02	-6.011972642528e-01
-6.673563070951e-01	-3.004292327273e-01	-6.814527390093e-01
-5.651642094395e-01	-4.876291471514e-01	-6.654376238364e-01
-5.768376867380e-01	-3.866295668918e-01	-7.195664397147e-01
-4.358405543869e-01	-4.793252814388e-02	-8.987466182954e-01
-1.468662163729e-01	1.243058474126e-01	-9.813146135605e-01
1.178845331040e-01	1.269739173520e-01	-9.848760638614e-01
4.296651666060e-01	-4.400861419388e-02	-9.019152324260e-01
5.490947876073e-01	-3.296805316084e-01	-7.679880606499e-01
5.118145745982e-01	-5.539508573800e-01	-6.566462432976e-01
6.222115986017e-01	-3.512911397141e-01	-6.996050755418e-01
7.889342540977e-01	3.573750980551e-02	-6.134375054594e-01
7.887700095741e-01	5.107681619432e-01	-3.419908723075e-01
4.320079800654e-01	8.961352260942e-01	-1.015419209638e-01
4.686923670838e-02	9.970599694547e-01	-6.061923755143e-02
-1.819040097518e-02	9.981406495309e-01	-5.817519287793e-02
-3.912848308731e-01	9.162188081174e-01	-8.625124219698e-02
-7.855902644409e-01	5.242548045845e-01	-3.286408925952e-01
-7.782196878293e-01	2.192669978756e-02	-6.276092234116e-01
-6.427397427884e-01	-2.998538265113e-01	-7.049633364699e-01
-5.396930402734e-01	-4.890440011857e-01	-6.852498720793e-01
-5.502965012052e-01	-3.880772506992e-01	-7.393035968065e-01
-4.113192995629e-01	-6.626831381934e-02	-9.090791738846e-01
-1.277056033592e-01	9.887405169483e-02	-9.868714205874e-01
1.065638881530e-01	9.980887490975e-02	-9.892837440446e-01
4.164319058640e-01	-6.858556781982e-02	-9.065762448164e-01
5.217280416902e-01	-3.204625584034e-01	-7.906349341989e-01
4.920622884128e-01	-5.457390361070e-01	-6.782651463779e-01
6.067651410167e-01	-3.324553323021e-01	-7.220176699159e-01
7.718244777604e-01	5.610958466428e-02	-6.333551057967e-01
7.715128153500e-01	5.222577303142e-01	-3.633384632513e-01
4.139378048281e-01	9.014424882052e-01	-1.267159587126e-01
3.340530013155e-02	9.953415393889e-01	-9.043951509221e-02
-3.027107931261e-02	9.955425792539e-01	-8.932320331083e-02
-3.965297157467e-01	9.103860340511e-01	-1.181585948403e-01
-7.771796319927e-01	5.024895722672e-01	-3.788087239999e-01
-7.505000839651e-01	1.689002394343e-03	-6.608681950581e-01
-6.068165961803e-01	-3.221389325438e-01	-7.266361721933e-01
-5.001800809950e-01	-5.149768521343e-01	-6.961456229422e-01
-5.249107799591e-01	-4.052478353393e-01	-7.484937307924e-01
-4.007514786698e-01	-9.221667618107e-02	-9.115340569491e-01
-1.191848815014e-01	6.973957143693e-02	-9.904197878664e-01
8.010642599252e-02	7.361739818037e-02	-9.940641021583e-01
3.867131233132e-01	-8.541734894339e-02	-9.182357196041e-01
4.968620344507e-01	-3.380194786185e-01	-7.992940327539e-01
4.517603011674e-01	-5.712266224454e-01	-6.852829897924e-01
5.722390069477e-01	-3.495241691961e-01	-7.418728826931e-01
7.443810679202e-01	3.266410994860e-02	-6.669556819184e-01
7.607280698466e-01	5.035405580217e-01	-4.095603864813e-01
4.115483563272e-01	8.981369389708e-01	-1.548482781973e-01
3.292461848287e-02	9.922685835991e-01	-1.196621389583e-01
-4.049806978595e-02	9.917437566215e-01	-1.216726244723e-01
-3.933558945028e-01	9.069308292223e-01	-1.508231125063e-01
-7.627540102858e-01	4.945648302873e-01	-4.166676714551e-01
-7.243295304056e-01	-1.943253702030e-02	-6.891800257461e-01
-5.722794049865e-01	-3.399875881433e-01	-7.462604924132e-01
-4.633024280579e-01	-5.341689191482e-01	-7.071169818154e-01
-4.985661280574e-01	-4.193390795177e-01	-7.586742069842e-01
-3.667189345022e-01	-1.042584828251e-01	-9.244714121251e-01
-7.974255644032e-02	4.729359071386e-02	-9.956929451240e-01
1.023975186743e-01	3.801541881213e-02	-9.940168892438e-01
3.910369623367e-01	-1.217018385942e-01	-9.122931308353e-01
4.698808108899e-01	-3.653292390140e-01	-8.035835803940e-01
4.166721937418e-01	-5.807332438511e-01	-6.993805705398e-01
5.467542559179e-01	-3.527943861519e-01	-7.593391236696e-01
7.244533952939e-01	3.581987439398e-02	-6.883924859014e-01
7.409514234665e-01	5.084733570567e-01	-4.386864862593e-01
4.098767370783e-01	8.920208389964e-01	-1.905252823070e-01
4.260265332041e-02	9.873913633139e-01	-1.524575665000e-01
-2.290617116788e-02	9.884510329950e-01	-1.497994081882e-01
-3.692666450591e-01	9.129064651265e-01	-1.739078226445e-01
-7.363377597770e-01	5.365025128101e-01	-4.122763118044e-01
-7.164757228038e-01	3.400223863375e-02	-6.967828832575e-01
-5.723329214643e-01	-2.902426119248e-01	-7.669382329961e-01
-4.587335534513e-01	-4.960248734407e-01	-7.372400232394e-01
-4.718128619331e-01	-4.139161719952e-01	-7.785024250928e-01
-3.490354663736e-01	-1.288855105482e-01	-9.282040553586e-01
-8.403202452643e-02	1.571801097879e-02	-9.963390803260e-01
8.835573465749e-02	1.055954977176e-02	-9.960330115321e-01
3.636334284571e-01	-1.393582413861e-01	-9.210591784822e-01
4.426649306533e-01	-3.579951867653e-01	-8.221235949798e-01
4.045484066790e-01	-5.564801513816e-01	-7.257206265305e-01
5.390131998843e-01	-3.161524573623e-01	-7.807127474649e-01
7.096323259651e-01	7.416929966186e-02	-7.006574604848e-01
7.170762767558e-01	5.379358590948e-01	-4.432004341310e-01
3.880812194915e-01	8.965350234175e-01	-2.135835173038e-01
2.597614090898e-02	9.831497882482e-01	-1.809467710985e-01
-3.742495765467e-02	9.826898124678e-01	-1.814389842801e-01
-3.761169607546e-01	9.024377286116e-01	-2.101003993598e-01
-7.194492333771e-01	5.337965077164e-01	-4.443580638887e-01
-6.924784976013e-01	3.089450683929e-02	-7.207767059271e-01
-5.448854130179e-01	-2.935165656250e-01	-7.854603187839e-01
-4.257518558719e-01	-5.063334609868e-01	-7.499078500101e-01
-4.450066407100e-01	-4.373225128966e-01	-7.814845548300e-01
-3.340117745803e-01	-1.549254282611e-01	-9.297495609678e-01
-8.126850170351e-02	-1.464614354830e-02	-9.965846281727e-01
7.972263544160e-02	-1.898571207748e-02	-9.966362647100e-01
3.458508413428e-01	-1.633605720943e-01	-9.239591544151e-01
4.164489009655e-01	-3.768821895548e-01	-8.273633591603e-01
3.743085583118e-01	-5.614379574091e-01	-7.380247442700e-01
5.145465040161e-01	-3.128843378160e-01	-7.983390798115e-01
6.865943638311e-01	7.612876092994e-02	-7.230439760586e-01
6.981056602154e-01	5.412312231703e-01	-4.687400668184e-01
3.827275636396e-01	8.908890604727e-01	-2.446145824776e-01
3.165415146339e-02	9.768719027929e-01	-2.114693836679e-01
-2.848980252085e-02	9.771815708713e-01	-2.104863622704e-01
-3.615728892699e-01	9.020191250048e-01	-2.358528012777e-01
-6.974354424183e-01	5.480181188205e-01	-4.618007634285e-01
-6.734051125567e-01	4.803344106868e-02	-7.377115580778e-01
-5.248624033442e-01	-2.763385723898e-01	-8.050816424223e-01
-4.017632911094e-01	-4.982115046171e-01	-7.683563981540e-01
-4.169787384806e-01	-4.451176056422e-01	-7.924639100946e-01
-3.127745156022e-01	-1.785391625723e-01	-9.328964946969e-01
-4.521975351917e-02	-4.674273945416e-02	-9.978829040524e-01
1.095065842128e-01	-7.151373084329e-02	-9.914101544340e-01
3.568053374777e-01	-1.955336848119e-01	-9.134859217587e-01
4.028267471568e-01	-4.689221921865e-01	-7.860296364961e-01
3.105904885918e-01	-6.282744144266e-01	-7.133055506396e-01
4.610099088081e-01	-3.623203637648e-01	-8.100579102645e-01
6.478627343236e-01	2.739724349829e-02	-7.612642566963e-01
6.814008139763e-01	5.376184176913e-01	-4.966481326569e-01
4.289594892081e-01	8.598220813349e-01	-2.769471882277e-01
1.174364057607e-01	9.629979821892e-01	-2.425769504745e-01

Hair-23
-2.036152457022e-01	9.788250358372e-01	-2.103285372846e-02
-4.817395506499e-01	8.760871294192e-01	-1.995863235836e-02
-8.393655507813e-01	3.932916771496e-01	-3.752161095241e-01
-7.681143963652e-01	-1.356063936484e-01	-6.257884467599e-01
-6.218216019012e-01	-4.251048220358e-01	-6.577414276833e-01
-5.387597986229e-01	-5.866279383394e-01	-6.046532405830e-01
-6.039570629276e-01	-4.143590181608e-01	-6.808395333768e-01
-4.555657717162e-01	-3.009418647234e-02	-8.896932997282e-01
-1.234391166227e-01	1.634494846174e-01	-9.787987793544e-01
1.049226515779e-01	1.599002870138e-01	-9.815412041268e-01
4.470165568001e-01	-1.934316098093e-02	-8.943165211880e-01
5.783145934921e-01	-3.405493013336e-01	-7.413355544659e-01
5.208056662629e-01	-5.781080765486e-01	-6.281341495395e-01
6.262038333661e-01	-3.867311926360e-01	-6.769843009405e-01
8.005071292934e-01	1.194095525706e-03	-5.993220420494e-01
8.122684553130e-01	4.717749199685e-01	-3.429990982381e-01
4.587896481258e-01	8.849329947994e-01	-8.003532649978e-02
5.547206035258e-02	9.980068046656e-01	-3.008767789927e-02
-9.078902472739e-03	9.996028058746e-01	-2.667965549826e-02
-3.860591135747e-01	9.211544010997e-01	-4.932474187055e-02
-8.052460804980e-01	5.039758010223e-01	-3.123894073533e-01
-7.942971942928e-01	3.086358224533e-03	-6.075215564336e-01
-6.553060458188e-01	-3.115239314803e-01	-6.881328552164e-01
-5.666898317399e-01	-4.882222021130e-01	-6.637030329647e-01
-5.770147378480e-01	-3.512638463138e-01	-7.373382551984e-01
-4.136768002230e-01	-3.607883724720e-02	-9.097086470184e-01
-1.088010406341e-01	1.372022019313e-01	-9.845495870408e-01
6.003291616485e-02	1.424709504037e-01	-9.879767594776e-01
3.915797358101e-01	-1.612897141631e-02	-9.200028080305e-01
5.429937341583e-01	-2.855287937805e-01	-7.897031800538e-01
5.261906278301e-01	-5.285477532033e-01	-6.661536577753e-01
6.309233498929e-01	-3.234211022783e-01	-7.052194815524e-01
7.930012965882e-01	5.319103315589e-02	-6.068934483096e-01
7.867402242324e-01	5.198666921450e-01	-3.328339555588e-01
4.024061417858e-01	9.112352365133e-01	-8.786148638404e-02
1.589821928382e-02	9.981804482443e-01	-5.816390088651e-02
-4.482622712648e-02	9.971708091168e-01	-6.034059004425e-02
-4.075597118185e-01	9.087591836792e-01	-8.973197524360e-02
-7.951053422896e-01	4.887585888776e-01	-3.590578455638e-01
-7.686071706501e-01	-2.003594073840e-02	-6.394072085173e-01
-6.232552468958e-01	-3.355486255658e-01	-7.063710194351e-01
-5.265635364105e-01	-5.154427546833e-01	-6.760544421623e-01
-5.523029829955e-01	-3.895872505577e-01	-7.370096262446e-01
-4.085671000774e-01	-6.420462296457e-02	-9.104672927263e-01
-1.248554376722e-01	1.009166217927e-01	-9.870293587982e-01
4.534474672734e-02	1.124866624961e-01	-9.926180558023e-01
3.627854297349e-01	-2.986959798541e-02	-9.313938689342e-01
5.153212376120e-01	-2.895935050755e-01	-8.065851622018e-01
5.011018745950e-01	-5.243843659238e-01	-6.884169870450e-01
6.128279945144e-01	-3.094763216181e-01	-7.270943924259e-01
7.747494683269e-01	6.505106207173e-02	-6.289130469711e-01
7.696177685263e-01	5.271410785326e-01	-3.602926223114e-01
3.859248600709e-01	9.155580615996e-01	-1.132052923643e-01
3.651334828069e-04	9.961360905883e-01	-8.782229617231e-02
-5.666110000007e-02	9.941963697336e-01	-9.144997624583e-02
-4.081561815535e-01	9.049842449141e-01	-1.200501891579e-01
-7.809413861746e-01	4.857638038042e-01	-3.926373368307e-01
-7.451102559786e-01	-2.540931794838e-02	-6.664571051440e-01
-5.938872872544e-01	-3.447032077912e-01	-7.269646405267e-01
-4.892344599089e-01	-5.323088482124e-01	-6.908667985599e-01
-5.282366166984e-01	-4.123145701271e-01	-7.422686656730e-01
-3.949235437091e-01	-9.452422089336e-02	-9.138383698930e-01
-1.259624919233e-01	6.931473408265e-02	-9.896104881556e-01
4.468143523011e-02	8.090400219200e-02	-9.957198962435e-01
3.492218529879e-01	-5.453808388266e-02	-9.354515993904e-01
4.931222528139e-01	-3.101763917894e-01	-8.127859802902e-01
4.625629124255e-01	-5.489066963585e-01	-6.962305586092e-01
5.833446343267e-01	-3.258757163080e-01	-7.439852519526e-01
7.500660863563e-01	4.521914918650e-02	-6.598151973432e-01
7.564131182576e-01	5.169674489551e-01	-4.007291494870e-01
3.983937551211e-01	9.051624754330e-01	-1.482002326192e-01
2.314718565157e-02	9.927006198509e-01	-1.183625242384e-01
-3.173398898582e-02	9.922933992536e-01	-1.197779768606e-01
-3.768788325476e-01	9.147645242649e-01	-1.454929920097e-01
-7.575300304270e-01	5.159411818837e-01	-3.999411829729e-01
-7.329090784831e-01	3.530276919805e-03	-6.803174404805e-01
-5.853042935310e-01	-3.130523674811e-01	-7.479419089666e-01
-4.766477077869e-01	-5.099740372722e-01	-7.160540789422e-01
-5.009075846660e-01	-3.924563884280e-01	-7.714075283572e-01
-3.520078297152e-01	-9.860445422328e-02	-9.307887243766e-01
-9.310113817725e-02	4.728865551068e-02	-9.945330367213e-01
6.349664338029e-02	4.418992719027e-02	-9.970032229709e-01
3.477523048544e-01	-8.948319571644e-02	-9.333065370782e-01
4.693015368769e-01	-3.345502549852e-01	-8.172100062862e-01
4.273900378295e-01	-5.628915982282e-01	-7.074537470451e-01
5.563213185096e-01	-3.345379380619e-01	-7.606516670389e-01
7.276917275097e-01	4.622656689627e-02	-6.843448357567e-01
7.380224410658e-01	5.195635910803e-01	-4.305537728404e-01
4.007504000277e-01	8.976093898316e-01	-1.835660648483e-01
4.087341070391e-02	9.875292982950e-01	-1.520369997944e-01
-8.875988676901e-03	9.890049813964e-01	-1.476155940208e-01
-3.509982365299e-01	9.219175552029e-01	-1.639154030639e-01
-7.348711682959e-01	5.419015194736e-01	-4.078076865381e-01
-7.190989748264e-01	3.925984102296e-02	-6.937977582023e-01
-5.751012096373e-01	-2.754184479018e-01	-7.703267340740e-01
-4.655435507076e-01	-4.826394349815e-01	-7.418412082078e-01
-4.704599496539e-01	-3.905861101106e-01	-7.912710827272e-01
-3.296476101511e-01	-1.141245491179e-01	-9.371809005791e-01
-7.925362736180e-02	1.696428316654e-02	-9.967101261885e-01
6.035650059762e-02	1.978356118239e-02	-9.979808132136e-01
3.243077599303e-01	-1.162145368857e-01	-9.387857360790e-01
4.411050059632e-01	-3.308915838733e-01	-8.342284659708e-01
4.104414440122e-01	-5.461190786452e-01	-7.302682883550e-01
5.420951993165e-01	-3.040424513777e-01	-7.833843135003e-01
7.101927478445e-01	7.157150661056e-02	-7.003597506643e-01
7.170354365790e-01	5.383823507378e-01	-4.427240981740e-01
3.762788849112e-01	9.032391094362e-01	-2.063330122761e-01
1.963076543476e-02	9.836355870617e-01	-1.790968031939e-01
-3.202611085750e-02	9.829515439295e-01	-1.810541093430e-01
-3.610279978972e-01	9.106313781949e-01	-2.010205904408e-01
-7.178662118513e-01	5.395188830793e-01	-4.399857687279e-01
-6.952844684444e-01	3.833503711643e-02	-7.177115944927e-01
-5.494113943574e-01	-2.801959453251e-01	-7.871704719905e-01
-4.330242506197e-01	-4.927725256838e-01	-7.547617082937e-01
-4.469398362744e-01	-4.136468339907e-01	-7.931841397055e-01
-3.168183964785e-01	-1.451791399472e-01	-9.373095118353e-01
-8.897487263664e-02	-1.087598010610e-02	-9.959744901834e-01
5.103943217429e-02	-1.593883514709e-02	-9.985694417002e-01
3.084787199041e-01	-1.409198857163e-01	-9.407350664114e-01
4.136248501364e-01	-3.478913371555e-01	-8.413596739099e-01
3.825988006195e-01	-5.456321742347e-01	-7.455894904064e-01
5.173519353880e-01	-2.926069232758e-01	-8.041941080369e-01
6.884454819271e-01	8.217742399606e-02	-7.206175750005e-01
6.988618041657e-01	5.429803706163e-01	-4.655797416164e-01
3.647214649990e-01	9.017948367437e-01	-2.318282238885e-01
7.604504934459e-03	9.787594593085e-01	-2.048709162346e-01
-3.672104644517e-02	9.766106572777e-01	-2.118565289049e-01
-3.659472085720e-01	8.992670162060e-01	-2.395860473867e-01
-6.995904256506e-01	5.380174292319e-01	-4.702238638996e-01
-6.703134802586e-01	3.387590842890e-02	-7.413044320734e-01
-5.200632740674e-01	-2.869191118058e-01	-8.044946328267e-01
-3.975968556940e-01	-5.056848597663e-01	-7.656367042831e-01
-4.194926447378e-01	-4.457554365127e-01	-7.907768407271e-01
-3.014425009267e-01	-1.688848249949e-01	-9.384084049717e-01
-5.564766220549e-02	-4.320168433344e-02	-9.975153894361e-01
1.204121360855e-01	-7.039488146159e-02	-9.902249634034e-01
3.529599079240e-01	-2.204786576262e-01	-9.092900884369e-01
3.993700126085e-01	-4.831282581924e-01	-7.791602397229e-01
3.005728958052e-01	-6.495131746876e-01	-6.984186210394e-01
4.422939357166e-01	-4.083130439712e-01	-7.985339896030e-01
6.250767100543e-01	-2.828723005164e-02	-7.800506003867e-01
6.821547098154e-01	4.669672110042e-01	-5.626780391339e-01
4.697250521864e-01	8.292282537808e-01	-3.028842658181e-01
1.855157859949e-01	9.434901440797e-01	-2.746092517946e-01

Hair-24
-8.268145893181e-02	9.964376310807e-01	-1.660794132716e-02
-1.812849902858e-02	9.998356561025e-01	1.353110261164e-04
-4.200909996038e-02	9.991172265175e-01	-5.653743972989e-05
-1.895085085781e-02	9.998203811116e-01	2.660179066566e-04
-4.005987478591e-02	9.991969928434e-01	7.588971022621e-04
-1.714394544855e-02	9.998530113885e-01	2.018708127628e-04
-2.799238541659e-02	9.996080888568e-01	-3.083028560262e-04
-7.383526688860e-03	9.999727311609e-01	1.430674934057e-04
-3.486587776922e-02	9.993906508731e-01	-1.642411300717e-03
6.033526011670e-03	9.999817972216e-01	4.230111501041e-05
-1.872054056878e-02	9.998247548805e-01	2.981542597303e-05
5.453160852424e-03	9.999851313992e-01	4.145081687141e-06
-1.932049346450e-02	9.998133340913e-01	1.245210170306e-04
-2.282804218953e-03	9.999973898227e-01	9.567012860540e-05
-4.412160590990e-02	9.990229123711e-01	-2.550382242131e-03

Hair-25
9.999627079287e-01	8.462845493719e-03	-1.721336110365e-03
9.996804081316e-01	-2.527337478491e-02	-5.814850597403e-04
9.994791661928e-01	-3.226686247178e-02	4.959161601674e-04
9.997229862725e-01	-2.352213317813e-02	-8.123848580741e-04
9.994160524031e-01	-3.416645628925e-02	-4.554816585853e-04
9.998634469567e-01	-1.650099662767e-02	8.969671894977e-04
9.990473033181e-01	-4.363767214031e-02	-4.891861459835e-04

Hair-26
9.989087960111e-01	4.670011511418e-02	5.625832241293e-04
9.986500094193e-01	5.194331111872e-02	-2.260901910407e-04
9.989643583212e-01	4.549845565271e-02	-3.183347897259e-04
9.994269226722e-01	3.384909738995e-02	2.546446984430e-04
9.994304781617e-01	3.374225148615e-02	-4.240120198751e-04
9.994915441799e-01	3.185543135338e-02	-1.372809553832e-03
9.998495020176e-01	1.734588595019e-02	3.058687304214e-04

