Hair-0
-6.448571688183e-05	3.534859715283e-01	9.354398237056e-01
-3.107097617349e-02	5.060322440493e-01	8.619547333950e-01
-5.589284748880e-02	4.540094924432e-01	8.892420201335e-01
-4.775218872554e-03	4.804592483656e-01	8.770040524106e-01
2.652531025658e-02	4.804414304770e-01	8.766255984153e-01
4.147086088002e-02	4.732701784449e-01	8.799406263451e-01
6.539524057982e-02	4.259689508928e-01	9.023712735813e-01
6.493133257944e-02	4.229474212983e-01	9.038248728966e-01

Hair-1
6.315653270976e-05	3.340471717289e-01	-9.425563553821e-01
6.459782068944e-03	5.996250502793e-01	-8.002550032916e-01
7.220011267621e-02	5.228098196086e-01	-8.493862703449e-01
1.803361547955e-02	5.377461589187e-01	-8.429139085820e-01
-1.953406009808e-02	5.376545655071e-01	-8.429388997344e-01
-8.057782618985e-02	5.214781548272e-01	-8.494514394387e-01
-7.451489032643e-03	6.044738681620e-01	-7.965901192084e-01
7.731342045590e-03	3.328396964667e-01	-9.429517287784e-01

Hair-2
-5.566071655081e-05	3.534689187984e-01	9.354462680162e-01
-3.107011125238e-02	5.060413208119e-01	8.619494357662e-01
-5.588448235539e-02	4.540182726737e-01	8.892380630125e-01
-4.767864528608e-03	4.804604493212e-01	8.770034344892e-01
2.652555450042e-02	4.804413910532e-01	8.766256126314e-01
4.146715165002e-02	4.732736315725e-01	8.799389439002e-01
6.539407387897e-02	4.259806703609e-01	9.023658258048e-01
6.493706705935e-02	4.229592092543e-01	9.038189446060e-01

Hair-3
4.665438282459e-05	3.339879588693e-01	-9.425773396139e-01
6.472423544868e-03	5.995785320159e-01	-8.002897548258e-01
7.224761602633e-02	5.227840395065e-01	-8.493980986651e-01
1.808791608917e-02	5.377435471170e-01	-8.429144113287e-01
-1.947733388510e-02	5.376575732803e-01	-8.429382939213e-01
-8.052146999059e-02	5.215068056209e-01	-8.494391941520e-01
-7.434904440361e-03	6.045310464394e-01	-7.965468825416e-01
7.715054167345e-03	3.328935329353e-01	-9.429328574554e-01

Hair-4
-6.007797255923e-05	3.534775170814e-01	9.354430187396e-01
-3.106935758343e-02	5.060487630375e-01	8.619450936386e-01
-5.588129373252e-02	4.540216477326e-01	8.892365401854e-01
-4.766455681191e-03	4.804606035598e-01	8.770033576488e-01
2.653043078117e-02	4.804405155717e-01	8.766259448817e-01
4.147293900730e-02	4.732682210927e-01	8.799415811483e-01
6.539487893278e-02	4.259740206324e-01	9.023689065763e-01
6.493512962214e-02	4.229540509320e-01	9.038214977202e-01

Hair-5
4.431947684892e-05	3.339794796168e-01	-9.425803441780e-01
6.477985131971e-03	5.995622622043e-01	-8.003018989413e-01
7.225336214913e-02	5.227834932409e-01	-8.493979461083e-01
1.808320403438e-02	5.377460225522e-01	-8.429129332031e-01
-1.948965557563e-02	5.376591695595e-01	-8.429369909513e-01
-8.054346766410e-02	5.214981432010e-01	-8.494424268039e-01
-7.444248023323e-03	6.045034440012e-01	-7.965677431092e-01
7.718609575219e-03	3.328762044586e-01	-9.429389458345e-01

Hair-6
-5.484648112888e-05	3.534672904839e-01	9.354468833396e-01
-3.107028219073e-02	5.060279708442e-01	8.619572670892e-01
-5.589260165648e-02	4.540077714729e-01	8.892429142379e-01
-4.777122840697e-03	4.804575662292e-01	8.770049635837e-01
2.652622577791e-02	4.804399099551e-01	8.766264040447e-01
4.147274005529e-02	4.732665648008e-01	8.799424813440e-01
6.539395685572e-02	4.259685980423e-01	9.023715331772e-01
6.493125451002e-02	4.229493811436e-01	9.038239613874e-01

Hair-7
5.027085714357e-05	3.340007935456e-01	-9.425727915571e-01
6.473872362006e-03	5.995773849262e-01	-8.002906025074e-01
7.223797032499e-02	5.227918489854e-01	-8.493941124576e-01
1.806287408858e-02	5.377470031182e-01	-8.429127435370e-01
-1.951348368316e-02	5.376579097759e-01	-8.429372432216e-01
-8.057260887115e-02	5.214833322607e-01	-8.494487558847e-01
-7.453653339886e-03	6.044676820067e-01	-7.965947931422e-01
7.729228405169e-03	3.328442653423e-01	-9.429501333883e-01

Hair-8
-4.966308710505e-05	3.534571876637e-01	9.354507010112e-01
-3.107152300399e-02	5.060156565621e-01	8.619644515711e-01
-5.589906642341e-02	4.540009623925e-01	8.892459842584e-01
-4.780852319071e-03	4.804569593688e-01	8.770052757225e-01
2.652189871436e-02	4.804406213170e-01	8.766261451024e-01
4.146826684247e-02	4.732707695773e-01	8.799404306593e-01
6.539366707870e-02	4.259716853679e-01	9.023700967845e-01
6.493086146559e-02	4.229486533403e-01	9.038243302030e-01

Hair-9
6.020224424565e-05	3.340365543334e-01	-9.425601183716e-01
6.463432307427e-03	5.996158882815e-01	-8.002618387523e-01
7.220863646829e-02	5.228077812308e-01	-8.493868004060e-01
1.804252364182e-02	5.377479834208e-01	-8.429125539861e-01
-1.952720858449e-02	5.376571823936e-01	-8.429373893389e-01
-8.057508198317e-02	5.214820792203e-01	-8.494492905497e-01
-7.452561793834e-03	6.044719029459e-01	-7.965916004275e-01
7.731589001672e-03	3.328372730665e-01	-9.429525821531e-01

Hair-10
-5.414622070763e-05	3.534659645907e-01	9.354473843804e-01
-3.106946150948e-02	5.060362824437e-01	8.619524171392e-01
-5.588571476940e-02	4.540149988832e-01	8.892396570519e-01
-4.767746516022e-03	4.804590996591e-01	8.770041745328e-01
2.652742150766e-02	4.804397180584e-01	8.766264730318e-01
4.146813219788e-02	4.732708935091e-01	8.799403703485e-01
6.539316344653e-02	4.259769009306e-01	9.023676712117e-01
6.493310020860e-02	4.229532698323e-01	9.038220090458e-01

Hair-11
5.005939330858e-05	3.340001856164e-01	-9.425730069879e-01
6.471160022633e-03	5.995874486746e-01	-8.002830845894e-01
7.223641083670e-02	5.227927057244e-01	-8.493937177721e-01
1.807314934784e-02	5.377465074428e-01	-8.429128395070e-01
-1.949588467710e-02	5.376588408213e-01	-8.429370565869e-01
-8.054507607674e-02	5.214973299170e-01	-8.494427735929e-01
-7.443991972485e-03	6.045044626006e-01	-7.965669725010e-01
7.720473079031e-03	3.328706850781e-01	-9.429408790116e-01

Hair-12
-5.936765422067e-05	3.534761444951e-01	9.354435374454e-01
-3.106827233949e-02	5.060481037203e-01	8.619455198416e-01
-5.588040471235e-02	4.540206084418e-01	8.892371266874e-01
-4.766439374763e-03	4.804593114275e-01	8.770040656225e-01
2.652895285542e-02	4.804394657345e-01	8.766265649780e-01
4.147043687192e-02	4.732687155997e-01	8.799414331081e-01
6.539318688817e-02	4.259764891568e-01	9.023678638971e-01
6.493470154623e-02	4.229564705995e-01	9.038203961590e-01

Hair-13
4.511781556572e-05	3.339823529929e-01	-9.425793260271e-01
6.477521154970e-03	5.995639802150e-01	-8.003006156117e-01
7.225578479521e-02	5.227821791308e-01	-8.493985488255e-01
1.809024614470e-02	5.377456822374e-01	-8.429129992054e-01
-1.948106759887e-02	5.376596240599e-01	-8.429368995726e-01
-8.053331206512e-02	5.215033002161e-01	-8.494402236247e-01
-7.441336021928e-03	6.045145125367e-01	-7.965593704494e-01
7.714793973078e-03	3.328876722431e-01	-9.429349286258e-01

Hair-14
-5.343266419533e-05	3.534645460570e-01	9.354479204240e-01
-3.107061917840e-02	5.060246846828e-01	8.619591841355e-01
-5.589830440171e-02	4.540017880165e-01	8.892456106402e-01
-4.789888707237e-03	4.804554862241e-01	8.770060334589e-01
2.650807552275e-02	4.804428879896e-01	8.766253209395e-01
4.145533160140e-02	4.732828751910e-01	8.799345291172e-01
6.539242918505e-02	4.259835169539e-01	9.023646011945e-01
6.493701419056e-02	4.229610874788e-01	9.038180694514e-01

Hair-15
3.744096695742e-05	3.339547364081e-01	-9.425891112403e-01
6.481522366443e-03	5.995492484892e-01	-8.003116196232e-01
7.222989110831e-02	5.227962324720e-01	-8.493921015312e-01
1.801993138249e-02	5.377490677326e-01	-8.429123455174e-01

Hair-16
-5.284835083366e-02	9.986025494725e-01	-1.064859565528e-06
-4.448942419249e-01	8.946035483446e-01	-4.187606465984e-02
-8.290446190617e-01	4.592036040152e-01	-3.190878713839e-01
-7.999554068136e-01	-5.741474818171e-02	-5.973063651101e-01

Hair-17
-5.289258655427e-02	9.986002074331e-01	-1.467151664661e-06
-4.449203645454e-01	8.945903525343e-01	-4.188042938408e-02
-8.290368803129e-01	4.592271456073e-01	-3.190740976926e-01
-7.999617056332e-01	-5.739417050398e-02	-5.972999068413e-01
-6.544384465222e-01	-3.694985257304e-01	-6.596826200505e-01
-5.646230323075e-01	-5.296474708392e-01	-6.329884580476e-01
-5.997679269503e-01	-3.573553716662e-01	-7.159438330924e-01
-4.286771865554e-01	2.702341932991e-04	-9.034576894910e-01
-1.091521461595e-01	1.658959620711e-01	-9.800838427182e-01
8.565227792752e-02	1.657785243423e-01	-9.824363430537e-01
4.189640559539e-01	4.844047360070e-03	-9.079898980847e-01
5.718327409070e-01	-2.987472212696e-01	-7.640401914889e-01
5.221210355551e-01	-5.732377261016e-01	-6.314967407713e-01
6.261210013296e-01	-3.902519107639e-01	-6.750377306782e-01
7.990242637867e-01	-9.684504429410e-03	-6.012207882751e-01
8.108946899253e-01	4.751578523731e-01	-3.415769564522e-01
4.596451184820e-01	8.844985251108e-01	-7.992949475875e-02
4.776162640244e-02	9.983911929748e-01	-3.055900577110e-02
-5.242035982903e-02	9.981554347368e-01	-3.062407518398e-02
-4.388575331358e-01	8.956766938278e-01	-7.188411329149e-02
-8.127060993209e-01	4.720371278630e-01	-3.415988086124e-01
-7.836840152599e-01	-4.411664330340e-02	-6.195910635329e-01
-6.372943726402e-01	-3.581027400180e-01	-6.823623012687e-01
-5.428707279738e-01	-5.264623313219e-01	-6.543155098333e-01
-5.751204862294e-01	-3.682666869974e-01	-7.304902966961e-01
-4.094114260641e-01	-2.192265540592e-02	-9.120864440326e-01
-1.047075672501e-01	1.360186546742e-01	-9.851574751994e-01
8.105353349032e-02	1.359061648613e-01	-9.874005464154e-01
4.007785548572e-01	-1.846806927358e-02	-9.159887992677e-01
5.465882999503e-01	-3.080397803387e-01	-7.786865377585e-01
4.988203509576e-01	-5.717989970323e-01	-6.513249300183e-01
6.086573267595e-01	-3.785424630609e-01	-6.973104489693e-01
7.819555366925e-01	2.889929124612e-03	-6.233275117830e-01
7.938187150786e-01	4.872205711536e-01	-3.639614850994e-01
4.525239610345e-01	8.849771196698e-01	-1.097158254338e-01
4.743455245499e-02	9.970005068666e-01	-6.115515138721e-02
-5.200238834572e-02	9.967687543515e-01	-6.121929397510e-02
-4.324554333544e-01	8.958859666665e-01	-1.018363043924e-01
-7.956145497391e-01	4.843947805386e-01	-3.638120185347e-01
-7.666575971956e-01	-3.083446408417e-02	-6.413153393510e-01
-6.195382122431e-01	-3.463883145725e-01	-7.044058056960e-01
-5.205955485959e-01	-5.228026785199e-01	-6.750241729854e-01
-5.499324338496e-01	-3.788604605007e-01	-7.443380076749e-01
-3.897542029603e-01	-4.409355043316e-02	-9.198627180645e-01
-1.001522115755e-01	1.060113512053e-01	-9.893084089060e-01
7.638886306782e-02	1.059002040516e-01	-9.914382927752e-01
3.822336588545e-01	-4.178439392517e-02	-9.231205200097e-01
5.208286796198e-01	-3.170606475838e-01	-7.925970175563e-01
4.750283681177e-01	-5.698631293375e-01	-6.705252145185e-01
5.906067748532e-01	-3.665067179922e-01	-7.189273003330e-01
7.641517441779e-01	1.545073998971e-02	-6.448514452986e-01
7.760063670924e-01	4.988014963235e-01	-3.860196698324e-01
4.449564145622e-01	8.846380899853e-01	-1.393888047407e-01
4.704881419987e-02	9.946756007419e-01	-9.168892174670e-02
-5.155318689182e-02	9.944464624888e-01	-9.175239596266e-02
-4.256588438937e-01	8.952497816162e-01	-1.316904595296e-01
-7.777943532693e-01	4.962410051960e-01	-3.857211541832e-01
-7.489079945761e-01	-1.754785697254e-02	-6.624416112955e-01
-6.011757263960e-01	-3.343994447352e-01	-7.257856139061e-01
-4.978224450267e-01	-5.186814408728e-01	-6.950844381237e-01
-5.242382075235e-01	-3.891281671264e-01	-7.574652277969e-01
-3.697627006776e-01	-6.624458181928e-02	-9.267616740927e-01
-9.552669729157e-02	7.590884305013e-02	-9.925283359438e-01
7.163247473363e-02	7.580632644074e-02	-9.945462228751e-01
3.633193438789e-01	-6.504048607206e-02	-9.293916233402e-01
4.945856584563e-01	-3.257628544359e-01	-8.057689427616e-01
4.508181750179e-01	-5.673510379959e-01	-6.891123077978e-01
5.720246534718e-01	-3.540934638695e-01	-7.398686468998e-01
7.456390218464e-01	2.802082756575e-02	-6.657606794656e-01
7.574550295314e-01	5.099566722407e-01	-4.076837876035e-01
4.369613273113e-01	8.834747536517e-01	-1.689294470907e-01
4.659404496548e-02	9.914189045366e-01	-1.221374254728e-01
-5.107609209888e-02	9.911903157087e-01	-1.222006172704e-01
-4.184836930873e-01	8.937633265134e-01	-1.614264996823e-01
-7.592435098708e-01	5.076254683771e-01	-4.072661004479e-01
-7.304549456546e-01	-4.247079194519e-03	-6.829476807831e-01
-5.822610487517e-01	-3.220795804847e-01	-7.464829635976e-01
-4.745831664449e-01	-5.140745275712e-01	-7.144915662411e-01
-4.980512613039e-01	-3.990181620147e-01	-7.698892436552e-01
-3.494191352328e-01	-8.832795286580e-02	-9.327938897075e-01
-9.081156633054e-02	4.573514063751e-02	-9.948173482260e-01
6.680894470392e-02	4.564134109076e-02	-9.967213416452e-01
3.440509432443e-01	-8.822311939434e-02	-9.347971061450e-01
4.678774356033e-01	-3.341461395549e-01	-8.181913362251e-01
4.261933749177e-01	-5.642900214095e-01	-7.070615099933e-01
5.529161956167e-01	-3.413323188324e-01	-7.601157337835e-01
7.264313610859e-01	4.058047802186e-02	-6.860398694205e-01
7.381900651225e-01	5.206453128436e-01	-4.289567413719e-01
4.285612927368e-01	8.814801342885e-01	-1.983128619696e-01
4.609848811493e-02	9.872321920409e-01	-1.524714018815e-01
-5.054862135560e-02	9.870046378666e-01	-1.525341984897e-01
-4.109116816299e-01	8.914407983986e-01	-1.910101904365e-01
-7.399761289206e-01	5.185506399307e-01	-4.284163424230e-01
-7.113240649582e-01	9.079533105857e-03	-7.028055468548e-01
-5.628130108345e-01	-3.094366053856e-01	-7.664792900547e-01
-4.509116195449e-01	-5.089604718466e-01	-7.332379896439e-01
-4.713955527934e-01	-4.085176677293e-01	-7.816006320108e-01
-3.287249012682e-01	-1.103043809482e-01	-9.379620902946e-01
-8.599956385795e-02	1.552045251144e-02	-9.961742772076e-01
6.193560333887e-02	1.543143658735e-02	-9.979608468291e-01
3.244732499303e-01	-1.113355416114e-01	-9.393197044956e-01
4.407321846517e-01	-3.422343391154e-01	-8.298378146014e-01
4.011569643011e-01	-5.607239865606e-01	-7.243353511242e-01
5.332714003567e-01	-3.282785350537e-01	-7.796504453821e-01
7.065333734371e-01	5.306980300687e-02	-7.056870327762e-01
7.182405424813e-01	5.308168470348e-01	-4.498488613304e-01
4.197858772931e-01	8.786443452344e-01	-2.275168824788e-01
4.559296411986e-02	9.821179292545e-01	-1.826626799856e-01
-4.994163074455e-02	9.818949213748e-01	-1.827243741182e-01
-4.029296474104e-01	8.882946574792e-01	-2.204093934743e-01
-7.200092533561e-01	5.290101878024e-01	-4.491490802426e-01
-6.915315688358e-01	2.241429838918e-02	-7.219983992580e-01
-5.428430296671e-01	-2.964936241875e-01	-7.857563082521e-01
-4.268202588281e-01	-5.033629983700e-01	-7.512989807832e-01
-4.442972088387e-01	-4.176290350487e-01	-7.925818439142e-01
-3.077199629827e-01	-1.321748447534e-01	-9.422516833608e-01
-8.109784876918e-02	-1.470731417297e-02	-9.965976288527e-01
5.701226437919e-02	-1.479427199972e-02	-9.982638585196e-01
3.046078097745e-01	-1.343590502240e-01	-9.429537251887e-01
4.131757565658e-01	-3.500238363090e-01	-8.406956097196e-01
3.757339097849e-01	-5.566532458804e-01	-7.409191540840e-01
5.131147634815e-01	-3.149349503266e-01	-7.984542670436e-01
6.859673667350e-01	6.549017628163e-02	-7.246791073194e-01
6.976209668517e-01	5.404772293521e-01	-4.703289818423e-01
4.106186568262e-01	8.749834116279e-01	-2.565079882621e-01
4.503860409292e-02	9.760828066825e-01	-2.126825771902e-01
-4.929644708333e-02	9.758638048522e-01	-2.127432600209e-01
-3.945815129822e-01	8.843093679982e-01	-2.496044296148e-01
-6.993757691611e-01	5.389404607858e-01	-4.694855836320e-01
-6.710776560625e-01	3.568957600967e-02	-7.405275374339e-01
-5.223421180835e-01	-2.833084566298e-01	-8.042978491070e-01
-4.023072472456e-01	-4.973348746785e-01	-7.686396432934e-01
-4.167854960060e-01	-4.263820211788e-01	-8.028002381256e-01
-2.864596377044e-01	-1.539562588437e-01	-9.456417642686e-01
-7.614977386545e-02	-4.492613761530e-02	-9.960837585762e-01
5.200515115335e-02	-4.500112546354e-02	-9.976323786649e-01
2.844234188061e-01	-1.572254485454e-01	-9.457184978440e-01
3.852314453943e-01	-3.574812145683e-01	-8.507666629048e-01
3.499675551430e-01	-5.520417970410e-01	-7.568173918899e-01
4.924916063895e-01	-3.012731234238e-01	-8.165087401482e-01
6.647613273110e-01	7.786115445087e-02	-7.429872262289e-01
6.763487539882e-01	5.496244939322e-01	-4.903725916569e-01
4.011217888888e-01	8.704717223413e-01	-2.852723104033e-01
4.455168241227e-02	9.691269027052e-01	-2.425040083117e-01

Hair-18
-5.284237290757e-02	9.986028658203e-01	-9.405943024913e-07
-4.448816262016e-01	8.946100204731e-01	-4.187182748965e-02
-8.290404734640e-01	4.592151769940e-01	-3.190819872336e-01
-7.999576522659e-01	-5.740945559879e-02	-5.973038665446e-01
-6.544314680075e-01	-3.695123236403e-01	-6.596818144830e-01
-5.646196863158e-01	-5.296551753502e-01	-6.329849959118e-01
-5.997658638728e-01	-3.573390482227e-01	-7.159537088026e-01
-4.286632731499e-01	2.858148094176e-04	-9.034642862683e-01
-1.091389391237e-01	1.658998026672e-01	-9.800846634051e-01
8.568925988316e-02	1.657741435973e-01	-9.824338573437e-01
4.189833575232e-01	4.828193221547e-03	-9.079810761623e-01
5.718381401615e-01	-2.987874597567e-01	-7.640204155314e-01
5.220977417797e-01	-5.732884390468e-01	-6.314699626141e-01
6.260885206571e-01	-3.903041771163e-01	-6.750376386743e-01
7.990062348662e-01	-9.752196225794e-03	-6.012436538657e-01
8.109126876278e-01	4.750942540601e-01	-3.416226907033e-01
4.596663330979e-01	8.844872200327e-01	-7.993259544889e-02
4.779223781726e-02	9.983897769585e-01	-3.055740939832e-02
-5.239715434077e-02	9.981567170607e-01	-3.062199215624e-02
-4.388456649104e-01	8.956828840865e-01	-7.187943755900e-02
-8.127145666932e-01	4.720098103262e-01	-3.416164106722e-01
-7.836763870365e-01	-4.414659542289e-02	-6.195985785281e-01
-6.372820865347e-01	-3.581277963880e-01	-6.823606257957e-01
-5.428615342638e-01	-5.264842208212e-01	-6.543055248452e-01
-5.751219464452e-01	-3.682697916939e-01	-7.304875818540e-01
-4.093937546817e-01	-2.190055843398e-02	-9.120949068863e-01
-1.047130982771e-01	1.360212978986e-01	-9.851565223695e-01
8.107997836782e-02	1.359053763459e-01	-9.873984837887e-01
4.007739918293e-01	-1.845913207189e-02	-9.159909758924e-01
5.465938820247e-01	-3.080654037544e-01	-7.786724825900e-01
4.988066276672e-01	-5.718332649587e-01	-6.513053548697e-01
6.086374166257e-01	-3.785776805711e-01	-6.973087084331e-01
7.819447898182e-01	2.843725970003e-03	-6.233412058405e-01
7.938320856800e-01	4.871773629166e-01	-3.639901603156e-01
4.525310012906e-01	8.849738082342e-01	-1.097134978497e-01
4.744376018983e-02	9.970002916440e-01	-6.115151740344e-02
-5.200042393821e-02	9.967690840224e-01	-6.121559480493e-02
-4.324628173763e-01	8.958826742751e-01	-1.018339114472e-01
-7.956294763252e-01	4.843464953911e-01	-3.638436598386e-01
-7.666440247625e-01	-3.088645678095e-02	-6.413290622477e-01
-6.195161461852e-01	-3.464321521829e-01	-7.044036545545e-01
-5.205787545461e-01	-5.228423502171e-01	-6.750063978472e-01
-5.499369035017e-01	-3.788774170999e-01	-7.443260743643e-01
-3.897577524048e-01	-4.409113827143e-02	-9.198613297483e-01
-1.001762344396e-01	1.060128487239e-01	-9.893058161959e-01
7.639399850322e-02	1.059047830707e-01	-9.914374079665e-01
3.822231009648e-01	-4.176735367334e-02	-9.231256627654e-01
5.208352071118e-01	-3.170788447293e-01	-7.925854485530e-01
4.750208548089e-01	-5.698879786308e-01	-6.705094177629e-01
5.905945648214e-01	-3.665325832345e-01	-7.189241444206e-01
7.641450381901e-01	1.541409352687e-02	-6.448602688414e-01
7.760192897338e-01	4.987636618545e-01	-3.860425774114e-01
4.449545515732e-01	8.846400417729e-01	-1.393823644741e-01
4.705446986239e-02	9.946758400785e-01	-9.168342287465e-02
-5.155377716349e-02	9.944469394281e-01	-9.174689489206e-02
-4.256613159957e-01	8.952493923447e-01	-1.316851152228e-01
-7.778131025295e-01	4.961821716658e-01	-3.857590310730e-01
-7.488934610392e-01	-1.760716893862e-02	-6.624564677129e-01
-6.011524305354e-01	-3.344481222155e-01	-7.257824803672e-01
-4.978056068572e-01	-5.187243617977e-01	-6.950644677001e-01
-5.242447264825e-01	-3.891488677501e-01	-7.574500811830e-01
-3.697689931185e-01	-6.624239780594e-02	-9.267593195976e-01
-9.554302974478e-02	7.591347528056e-02	-9.925264095922e-01
7.164274290301e-02	7.581194106919e-02	-9.945450552794e-01
3.633223869106e-01	-6.503364523437e-02	-9.293909124567e-01
4.945948090987e-01	-3.257901821052e-01	-8.057522771029e-01
4.508071118877e-01	-5.673865692192e-01	-6.890902908481e-01
5.720069150477e-01	-3.541306236173e-01	-7.398645758205e-01
7.456301185185e-01	2.797105830023e-02	-6.657727437014e-01
7.574730842175e-01	5.099040213009e-01	-4.077160969930e-01
4.369591599364e-01	8.834774336078e-01	-1.689210373324e-01
4.660310340316e-02	9.914193758459e-01	-1.221301434970e-01
-5.107452700008e-02	9.911913010378e-01	-1.221932790241e-01
-4.184836458021e-01	8.937647506346e-01	-1.614187372001e-01
-7.592613225008e-01	5.075745517193e-01	-4.072963523053e-01
-7.304452460047e-01	-4.296565589725e-03	-6.829577454815e-01
-5.822447983769e-01	-3.221195982013e-01	-7.464783715673e-01
-4.745727962614e-01	-5.141081954506e-01	-7.144742293597e-01
-4.980588853698e-01	-3.990326517211e-01	-7.698768015498e-01
-3.494110175527e-01	-8.830794427898e-02	-9.327988249296e-01
-9.080989871132e-02	4.574459450182e-02	-9.948170657814e-01
6.683885301762e-02	4.564561562795e-02	-9.967191407318e-01
3.440669615744e-01	-8.822587112060e-02	-9.347909507574e-01
4.678890407277e-01	-3.341804346865e-01	-8.181706928506e-01
4.261785751827e-01	-5.643367875842e-01	-7.070331054727e-01
5.528922990850e-01	-3.413818737587e-01	-7.601108615731e-01
7.264209662286e-01	4.051981458711e-02	-6.860544617224e-01
7.382114546782e-01	5.205848148223e-01	-4.289933551447e-01
4.285701651304e-01	8.814775173806e-01	-1.983053199300e-01
4.611552225187e-02	9.872327864812e-01	-1.524624016076e-01
-5.053969096890e-02	9.870065184627e-01	-1.525249886048e-01
-4.109120991343e-01	8.914426456512e-01	-1.910006709396e-01
-7.399920908886e-01	5.185114744568e-01	-4.284361752689e-01
-7.113189008075e-01	9.038734186037e-03	-7.028112994527e-01
-5.628016516057e-01	-3.094716420945e-01	-7.664734853139e-01
-4.509055964549e-01	-5.089891711770e-01	-7.332217718468e-01
-4.714041603384e-01	-4.085243379605e-01	-7.815919542252e-01
-3.287099283664e-01	-1.102744576266e-01	-9.379708561509e-01
-8.600104914456e-02	1.553127395625e-02	-9.961739803244e-01
6.196865987215e-02	1.543708082013e-02	-9.979587074270e-01
3.244781484620e-01	-1.113253327780e-01	-9.393192223374e-01
4.407451569143e-01	-3.422640779096e-01	-8.298186594849e-01
4.011476761945e-01	-5.607632420111e-01	-7.243101050606e-01
5.332546380114e-01	-3.283200088544e-01	-7.796444464146e-01
7.065275602063e-01	5.301978379054e-02	-7.056966127138e-01
7.182599201610e-01	5.307685583688e-01	-4.498748987634e-01
4.197986699172e-01	8.786404140182e-01	-2.275084604794e-01
4.560395077709e-02	9.821194319101e-01	-1.826518577460e-01
-4.993912384855e-02	9.818970791450e-01	-1.827134638604e-01
-4.029387353370e-01	8.882928874403e-01	-2.203999130853e-01
-7.200300575324e-01	5.289576876533e-01	-4.491775605732e-01
-6.915230715614e-01	2.235835250558e-02	-7.220082725090e-01
-5.428246531248e-01	-2.965434324674e-01	-7.857502075217e-01
-4.268077555337e-01	-5.034079237543e-01	-7.512759826573e-01
-4.443090949040e-01	-4.176503283513e-01	-7.925639604559e-01
-3.077285775303e-01	-1.321669920305e-01	-9.422499714984e-01
-8.112503973013e-02	-1.469881053452e-02	-9.965955412792e-01
5.701804638187e-02	-1.478227896650e-02	-9.982637059492e-01
3.045987874732e-01	-1.343332494490e-01	-9.429603155819e-01
4.131891251186e-01	-3.500387862701e-01	-8.406828147347e-01
3.757343425067e-01	-5.566765186887e-01	-7.409014491832e-01
5.131104481044e-01	-3.149602220725e-01	-7.984470718577e-01
6.859681820476e-01	6.545789941759e-02	-7.246812517391e-01
6.976382302488e-01	5.404418810703e-01	-4.703439942006e-01
4.106147393786e-01	8.749894741636e-01	-2.564935786877e-01
4.503765385520e-02	9.760856115601e-01	-2.126699053474e-01
-4.930475143953e-02	9.758661173660e-01	-2.127307275935e-01
-3.945896705282e-01	8.843089731393e-01	-2.495929324676e-01
-6.994018566739e-01	5.388733117061e-01	-4.695237979187e-01
-6.710682248291e-01	3.562550494067e-02	-7.405391691345e-01
-5.223224654031e-01	-2.833636957885e-01	-8.042911525339e-01
-4.022947478827e-01	-4.973835292504e-01	-7.686147023421e-01
-4.167995410797e-01	-4.264064413779e-01	-8.027799756516e-01
-2.864741023716e-01	-1.539518315839e-01	-9.456381031993e-01
-7.616990608582e-02	-4.491461900584e-02	-9.960827387353e-01
5.201364789540e-02	-4.498772285858e-02	-9.976325401793e-01
2.844216109176e-01	-1.572038154500e-01	-9.457226378019e-01
3.852463173150e-01	-3.574922750133e-01	-8.507552810891e-01
3.499743351252e-01	-5.520561014799e-01	-7.568038223823e-01
4.924999544969e-01	-3.012819646540e-01	-8.165004424951e-01
6.647713219670e-01	7.785553176502e-02	-7.429788729593e-01
6.763605605391e-01	5.496147422447e-01	-4.903672371340e-01
4.010688082916e-01	8.705054439347e-01	-2.852439010664e-01
4.450153229185e-02	9.691329207577e-01	-2.424891657939e-01

Hair-19
-5.288907390382e-02	9.986003934806e-01	-1.433679440492e-06
-4.449243968320e-01	8.945883500987e-01	-4.188036498618e-02
-8.290457594901e-01	4.592094766582e-01	-3.190764566978e-01
-7.999630642664e-01	-5.740484568462e-02	-5.972970613534e-01
-6.544402175612e-01	-3.695013379816e-01	-6.596792878879e-01
-5.646256771352e-01	-5.296498875303e-01	-6.329840767024e-01
-5.997721469339e-01	-3.573544906024e-01	-7.159407376373e-01
-4.286765981974e-01	2.714447509230e-04	-9.034579682950e-01
-1.091609295152e-01	1.658987926145e-01	-9.800823853516e-01
8.566410658879e-02	1.657813649801e-01	-9.824348323770e-01
4.189646972945e-01	4.840205807966e-03	-9.079896226437e-01
5.718372082351e-01	-2.987614632381e-01	-7.640312790467e-01
5.221264773528e-01	-5.732358605901e-01	-6.314939348724e-01
6.261161969622e-01	-3.902635413764e-01	-6.750354629009e-01
7.990235113502e-01	-9.698237555063e-03	-6.012215668935e-01
8.109001495593e-01	4.751521346670e-01	-3.415719490328e-01
4.596684290616e-01	8.844865477028e-01	-7.992798168905e-02
4.777084463824e-02	9.983908579307e-01	-3.055554291758e-02
-5.241384062358e-02	9.981558867246e-01	-3.062050143588e-02
-4.388557244147e-01	8.956779757144e-01	-7.187918313831e-02
-8.127171839638e-01	4.720180570591e-01	-3.415987890789e-01
-7.836878655205e-01	-4.412765434495e-02	-6.195854094133e-01
-6.372981337024e-01	-3.581070940505e-01	-6.823565035743e-01
-5.428759458326e-01	-5.264653023301e-01	-6.543087901587e-01
-5.751276549192e-01	-3.682646077607e-01	-7.304857008991e-01
-4.094119969741e-01	-2.191776871870e-02	-9.120863052080e-01
-1.047176034270e-01	1.360248216737e-01	-9.851555569661e-01
8.106253042940e-02	1.359130158802e-01	-9.873988648336e-01
4.007777836311e-01	-1.846597153968e-02	-9.159891789988e-01
5.465953522684e-01	-3.080489210275e-01	-7.786779713928e-01
4.988312151056e-01	-5.717920577515e-01	-6.513227015302e-01
6.086584872141e-01	-3.785495058669e-01	-6.973056127338e-01
7.819587960229e-01	2.881567148552e-03	-6.233234616900e-01
7.938249696772e-01	4.872188864051e-01	-3.639500985673e-01
4.525388757345e-01	8.849703887405e-01	-1.097086003985e-01
4.743599775601e-02	9.970008698169e-01	-6.114811281887e-02
-5.200357460346e-02	9.967691219825e-01	-6.121230015871e-02
-4.324623092573e-01	8.958834027999e-01	-1.018296600186e-01
-7.956294515251e-01	4.843689252688e-01	-3.638138536391e-01
-7.666617767192e-01	-3.085279248486e-02	-6.413094614253e-01
-6.195405178940e-01	-3.464001815104e-01	-7.043979421728e-01
-5.206009704581e-01	-5.228111376765e-01	-6.750134397770e-01
-5.499429205390e-01	-3.788597720839e-01	-7.443306101764e-01
-3.897597779693e-01	-4.408894451683e-02	-9.198605766358e-01
-1.001610063643e-01	1.060212870451e-01	-9.893064537833e-01
7.639707668601e-02	1.059107524817e-01	-9.914365331087e-01
3.822380022399e-01	-4.178238930561e-02	-9.231188122813e-01
5.208391541323e-01	-3.170721157841e-01	-7.925855467487e-01
4.750412928175e-01	-5.698583107574e-01	-6.705201531490e-01
5.906098620545e-01	-3.665157073944e-01	-7.189201812978e-01
7.641573830300e-01	1.544131140659e-02	-6.448449890189e-01
7.760147200759e-01	4.987997567669e-01	-3.860051254514e-01
4.449773930126e-01	8.846290081357e-01	-1.393794736410e-01
4.705097419764e-02	9.946764676722e-01	-9.167840796029e-02
-5.155513512669e-02	9.944473273070e-01	-9.174192745983e-02
-4.256705104462e-01	8.952455865964e-01	-1.316812675220e-01
-7.778116909581e-01	4.962143425909e-01	-3.857204941612e-01
-7.489147683958e-01	-1.756717061533e-02	-6.624334413322e-01
-6.011802626738e-01	-3.344130286029e-01	-7.257755976003e-01
-4.978303770434e-01	-5.186912159894e-01	-6.950714626197e-01
-5.242520018908e-01	-3.891277669372e-01	-7.574558861821e-01
-3.697722930164e-01	-6.623914987082e-02	-9.267582351087e-01
-9.553353480900e-02	7.592268000499e-02	-9.925266194857e-01
7.164053761156e-02	7.582048366322e-02	-9.945445629170e-01
3.633274246764e-01	-6.503722351406e-02	-9.293886926553e-01
4.945996175958e-01	-3.257763050577e-01	-8.057549362784e-01
4.508324181044e-01	-5.673501642635e-01	-6.891037091007e-01
5.720274292274e-01	-3.541081326716e-01	-7.398594802983e-01
7.456457873404e-01	2.800527330645e-02	-6.657537566462e-01
7.574670398030e-01	5.099498252016e-01	-4.076700373941e-01
4.369887628646e-01	8.834633482708e-01	-1.689181262986e-01
4.660063231299e-02	9.914203102955e-01	-1.221235006114e-01
-5.107414671182e-02	9.911921372917e-01	-1.221866543804e-01
-4.184927316383e-01	8.937615015151e-01	-1.614131716293e-01
-7.592629217445e-01	5.076000794423e-01	-4.072615560229e-01
-7.304654636346e-01	-4.264376333175e-03	-6.829363231895e-01
-5.822694781809e-01	-3.220924086160e-01	-7.464708534771e-01
-4.745946687954e-01	-5.140838539311e-01	-7.144772155068e-01
-4.980683827373e-01	-3.990173345700e-01	-7.698785961631e-01
-3.494323434599e-01	-8.832121798326e-02	-9.327895795934e-01
-9.081842358431e-02	4.575256115370e-02	-9.948159212063e-01
6.681522559968e-02	4.565937957106e-02	-9.967200944524e-01
3.440599173065e-01	-8.821588960624e-02	-9.347944855015e-01
4.678945680983e-01	-3.341575249758e-01	-8.181768889709e-01
4.262108434319e-01	-5.642894939143e-01	-7.070514012425e-01
5.529210632524e-01	-3.413491908465e-01	-7.601046162999e-01
7.264405883894e-01	4.056305369160e-02	-6.860311291885e-01
7.382050268432e-01	5.206366337819e-01	-4.289415273760e-01
4.285888988687e-01	8.814700515366e-01	-1.982980181712e-01
4.610642285203e-02	9.872344971299e-01	-1.524540765230e-01
-5.054480361465e-02	9.870075218446e-01	-1.525168012047e-01
-4.109163735265e-01	8.914424511031e-01	-1.909923829346e-01
-7.399981954946e-01	5.185250020980e-01	-4.284092586114e-01
-7.113382674861e-01	9.063642652144e-03	-7.027913770044e-01
-5.628254538248e-01	-3.094487287783e-01	-7.664652586937e-01
-4.509275823744e-01	-5.089679002267e-01	-7.332230165460e-01
-4.714158116225e-01	-4.085137025012e-01	-7.815904857539e-01
-3.287389170902e-01	-1.102933535285e-01	-9.379584748579e-01
-8.600690582247e-02	1.554137713004e-02	-9.961733171230e-01
6.193949077331e-02	1.545345050027e-02	-9.979602649156e-01
3.244812912255e-01	-1.113226004020e-01	-9.393184605257e-01
4.407522278245e-01	-3.422401973542e-01	-8.298247531754e-01
4.011798789456e-01	-5.607195454908e-01	-7.243260978549e-01
5.332820048846e-01	-3.282921955622e-01	-7.796374398393e-01
7.065469072608e-01	5.305662874919e-02	-7.056744731007e-01
7.182573079583e-01	5.308112216184e-01	-4.498287302613e-01
4.198057204319e-01	8.786401206261e-01	-2.274965835322e-01
4.559521134072e-02	9.821216828072e-01	-1.826419362103e-01
-4.994276670681e-02	9.818987171246e-01	-1.827036654330e-01
-4.029394499453e-01	8.882952224927e-01	-2.203891952306e-01
-7.200352270442e-01	5.289801995940e-01	-4.491427615503e-01
-6.915476439729e-01	2.239396968445e-02	-7.219836329428e-01
-5.428563403267e-01	-2.965104625913e-01	-7.857407583554e-01
-4.268385028603e-01	-5.033730266892e-01	-7.512818968122e-01
-4.443208425466e-01	-4.176235734846e-01	-7.925714729592e-01
-3.077361531347e-01	-1.321609332480e-01	-9.422483471871e-01
-8.110212784805e-02	-1.468232041738e-02	-9.965976491672e-01
5.701697518435e-02	-1.476882710157e-02	-9.982639662368e-01
3.046211707076e-01	-1.343462236968e-01	-9.429512365627e-01
4.131995761713e-01	-3.500322423357e-01	-8.406804027556e-01
3.757601011701e-01	-5.566495796003e-01	-7.409086258773e-01
5.131292504715e-01	-3.149484933612e-01	-7.984396150242e-01
6.859844433216e-01	6.547803690225e-02	-7.246640395412e-01
6.976399581506e-01	5.404737364925e-01	-4.703048255689e-01
4.106434568300e-01	8.749783803593e-01	-2.564854484498e-01
4.504078368146e-02	9.760879462152e-01	-2.126585268895e-01
-4.929883080521e-02	9.758689165508e-01	-2.127192586279e-01
-3.945964213998e-01	8.843090774266e-01	-2.495818899668e-01
-6.994048376422e-01	5.389098522440e-01	-4.694774161098e-01
-6.710966744688e-01	3.566765227223e-02	-7.405113585208e-01
-5.223576592882e-01	-2.833279837389e-01	-8.042808771899e-01
-4.023277869517e-01	-4.973477174329e-01	-7.686205824793e-01
-4.168128690147e-01	-4.263780505407e-01	-8.027881353389e-01
-2.864808983171e-01	-1.539424938840e-01	-9.456375645438e-01
-7.615287962547e-02	-4.489740852430e-02	-9.960848164853e-01
5.200899648696e-02	-4.497199674703e-02	-9.976334917158e-01
2.844406092137e-01	-1.572113346591e-01	-9.457156740188e-01
3.852588721167e-01	-3.574898464237e-01	-8.507506163144e-01
3.499959124623e-01	-5.520414104103e-01	-7.568045602743e-01
4.925065497134e-01	-3.012920658679e-01	-8.164927369760e-01
6.647801870750e-01	7.784328876712e-02	-7.429722237516e-01
6.763719641265e-01	5.496163910117e-01	-4.903496598092e-01
4.011533025633e-01	8.704651571488e-01	-2.852480289723e-01
4.455867186077e-02	9.691333985325e-01	-2.424767630328e-01

Hair-20
-5.289427102194e-02	9.986001182109e-01	-1.491768890363e-06
-4.449262565040e-01	8.945873723831e-01	-4.188149288167e-02
-8.290387345160e-01	4.592217787975e-01	-3.190770041074e-01
-7.999600960318e-01	-5.740116089687e-02	-5.973013908275e-01
-6.544347221946e-01	-3.695060420163e-01	-6.596821047289e-01
-5.646212840585e-01	-5.296515021485e-01	-6.329866442983e-01
-5.997662575916e-01	-3.573430665123e-01	-7.159513733978e-01
-4.286673037783e-01	2.733730380837e-04	-9.034623777107e-01
-1.091623461950e-01	1.658928945931e-01	-9.800832259032e-01
8.567652076437e-02	1.657736543186e-01	-9.824350509441e-01
4.189605490572e-01	4.836628063441e-03	-9.079915557772e-01
5.718333621765e-01	-2.987712373881e-01	-7.640303355310e-01
5.221165258647e-01	-5.732484100063e-01	-6.314907709890e-01
6.261083348577e-01	-3.902706272075e-01	-6.750386585676e-01
7.990172967198e-01	-9.707762362120e-03	-6.012296723321e-01
8.109002115383e-01	4.751363152194e-01	-3.415938068626e-01
4.596536139249e-01	8.844938893133e-01	-7.993193963126e-02
4.777850975381e-02	9.983903633827e-01	-3.055971711595e-02
-5.240682252105e-02	9.981561316425e-01	-3.062452967226e-02
-4.388503788828e-01	8.956802923542e-01	-7.188295237885e-02
-8.127059622130e-01	4.720384716079e-01	-3.415972779540e-01
-7.836845077157e-01	-4.411618655914e-02	-6.195904731755e-01
-6.372944860785e-01	-3.581032037631e-01	-6.823619519497e-01
-5.428704060610e-01	-5.264627086333e-01	-6.543154733319e-01
-5.751186952997e-01	-3.682581538875e-01	-7.304960084848e-01
-4.093864077151e-01	-2.190450657932e-02	-9.120981097281e-01
-1.047206982148e-01	1.360145108868e-01	-9.851566516010e-01
8.107537860711e-02	1.359010939978e-01	-9.873994508981e-01
4.007571128157e-01	-1.845958118348e-02	-9.159983517398e-01
5.465872197378e-01	-3.080520256513e-01	-7.786824517809e-01
4.988241459449e-01	-5.717918089082e-01	-6.513283340128e-01
6.086583339313e-01	-3.785391920235e-01	-6.973113455539e-01
7.819555564729e-01	2.893254440776e-03	-6.233274715427e-01
7.938172125423e-01	4.872238317600e-01	-3.639603973465e-01
4.525043544689e-01	8.849876328785e-01	-1.097118901435e-01
4.741760368629e-02	9.970012526737e-01	-6.115613646815e-02
-5.202218234066e-02	9.967676357505e-01	-6.122068984285e-02
-4.324763745026e-01	8.958752290132e-01	-1.018418358910e-01
-7.956216436427e-01	4.843676394003e-01	-3.638326401919e-01
-7.666476999375e-01	-3.086397133597e-02	-6.413257514352e-01
-6.195227090253e-01	-3.464137350977e-01	-7.044069400124e-01
-5.205836787707e-01	-5.228245830499e-01	-6.750163618434e-01
-5.499315807844e-01	-3.788665138510e-01	-7.443355568145e-01
-3.897456086439e-01	-4.409356293221e-02	-9.198663589080e-01
-1.001758467122e-01	1.060048896847e-01	-9.893067083056e-01
7.639557212141e-02	1.058970171876e-01	-9.914381162286e-01
3.822100758220e-01	-4.177478487381e-02	-9.231307195023e-01
5.208270523818e-01	-3.170729778571e-01	-7.925931542854e-01
4.750343061384e-01	-5.698505941740e-01	-6.705316609312e-01
5.906129728695e-01	-3.664945646726e-01	-7.189284041848e-01
7.641541968021e-01	1.546440893567e-02	-6.448482112607e-01
7.760023005575e-01	4.988130005541e-01	-3.860129790663e-01
4.449356911090e-01	8.846490811171e-01	-1.393852002760e-01
4.703170376918e-02	9.946762652767e-01	-9.169049097765e-02
-5.157215869307e-02	9.944452969598e-01	-9.175436666608e-02
-4.256758783320e-01	8.952409043523e-01	-1.316957470105e-01
-7.778012849391e-01	4.962133626753e-01	-3.857427379091e-01
-7.488980736351e-01	-1.757612097211e-02	-6.624520777213e-01
-6.011603601179e-01	-3.344238088170e-01	-7.257871158399e-01
-4.978096445460e-01	-5.187041703977e-01	-6.950766442696e-01
-5.242372332432e-01	-3.891384394892e-01	-7.574606248468e-01
-3.697562427737e-01	-6.624774584585e-02	-9.267640244961e-01
-9.554216996996e-02	7.590310898711e-02	-9.925272851683e-01
7.164309388849e-02	7.580189302471e-02	-9.945457958847e-01
3.633077135250e-01	-6.504293745791e-02	-9.293959982591e-01
4.945848249959e-01	-3.257890718788e-01	-8.057588544522e-01
4.508154966892e-01	-5.673550667512e-01	-6.891107430426e-01
5.720185735192e-01	-3.540994663567e-01	-7.398704747961e-01
7.456351158716e-01	2.801338631983e-02	-6.657653672024e-01
7.574562415310e-01	5.099473905251e-01	-4.076931457142e-01
4.369547633106e-01	8.834779004811e-01	-1.689299682756e-01
4.659509768341e-02	9.914185695059e-01	-1.221397433708e-01
-5.107734508166e-02	9.911899596554e-01	-1.222029815416e-01
-4.184866991173e-01	8.937614046220e-01	-1.614293476104e-01
-7.592451812130e-01	5.076165829974e-01	-4.072740594132e-01
-7.304512728614e-01	-4.255196059353e-03	-6.829515585176e-01
-5.822554033516e-01	-3.220870466267e-01	-7.464841456208e-01
-4.745767690725e-01	-5.140837754119e-01	-7.144891616497e-01
-4.980492295830e-01	-3.990234513247e-01	-7.698878166361e-01
-3.494008975862e-01	-8.831964818731e-02	-9.328015075620e-01
-9.081317114092e-02	4.573106594956e-02	-9.948173890491e-01
6.682989262140e-02	4.563460772044e-02	-9.967202456208e-01
3.440463826034e-01	-8.823305652328e-02	-9.347978467851e-01
4.678763718720e-01	-3.341760116448e-01	-8.181797442403e-01
4.261855496714e-01	-5.643034857634e-01	-7.070554809961e-01
5.529012387001e-01	-3.413511589561e-01	-7.601181530020e-01
7.264230137704e-01	4.055888865080e-02	-6.860499847797e-01
7.381942899841e-01	5.206234796352e-01	-4.289759698253e-01
4.285634105391e-01	8.814783665809e-01	-1.983161425525e-01
4.611133459148e-02	9.872311286109e-01	-1.524744028479e-01
-5.053875038622e-02	9.870047075132e-01	-1.525370186417e-01
-4.109045636227e-01	8.914438118374e-01	-1.910114392669e-01
-7.399753195028e-01	5.185498227948e-01	-4.284187295231e-01
-7.113226360110e-01	9.079617492406e-03	-7.028069920288e-01
-5.628113591407e-01	-3.094365665631e-01	-7.664805185364e-01
-4.509093759684e-01	-5.089605619800e-01	-7.332393067838e-01
-4.713917055577e-01	-4.085106431182e-01	-7.816066238144e-01
-3.286961523440e-01	-1.102859301968e-01	-9.379743349553e-01
-8.599920551734e-02	1.551609455138e-02	-9.961743760308e-01
6.195764806524e-02	1.542392355292e-02	-9.979595945871e-01
3.244545547690e-01	-1.113331260869e-01	-9.393264485393e-01
4.407296002388e-01	-3.422548453422e-01	-8.298307299161e-01
4.011558563485e-01	-5.607226063757e-01	-7.243370331666e-01
5.332667324204e-01	-3.282804648788e-01	-7.796528256042e-01
7.065298295825e-01	5.306733190305e-02	-7.056907666923e-01
7.182394085163e-01	5.308132112338e-01	-4.498549619975e-01
4.197720657955e-01	8.786509658078e-01	-2.275167973202e-01
4.558483225140e-02	9.821176796699e-01	-1.826660514390e-01
-4.995289403143e-02	9.818936766935e-01	-1.827279837553e-01
-4.029409036233e-01	8.882881075454e-01	-2.204152131336e-01
-7.200142763528e-01	5.289857110429e-01	-4.491698558013e-01
-6.915210067901e-01	2.238850513072e-02	-7.220093157335e-01
-5.428268823366e-01	-2.965165096159e-01	-7.857588277187e-01
-4.268065206601e-01	-5.033843149534e-01	-7.512925032109e-01
-4.442943560892e-01	-4.176377651345e-01	-7.925788429429e-01
-3.077097094292e-01	-1.321767329535e-01	-9.422547670289e-01
-8.111513558467e-02	-1.471515192006e-02	-9.965961062953e-01
5.701283599871e-02	-1.479885952123e-02	-9.982637578758e-01
3.045790875016e-01	-1.343481207765e-01	-9.429645602569e-01
4.131717800811e-01	-3.500363646287e-01	-8.406923477599e-01
3.757386146297e-01	-5.566388191643e-01	-7.409276067711e-01
5.131204134195e-01	-3.149198867475e-01	-7.984565775690e-01
6.859685473854e-01	6.550661930956e-02	-7.246765035687e-01
6.976152506470e-01	5.404888272456e-01	-4.703241325803e-01
4.105959409173e-01	8.749945733089e-01	-2.565062766917e-01
4.502192297129e-02	9.760827377825e-01	-2.126864251781e-01
-4.931457970337e-02	9.758619649343e-01	-2.127474973374e-01
-3.945942208543e-01	8.843018021274e-01	-2.496111448286e-01
-6.993812415859e-01	5.389126852244e-01	-4.695093147340e-01
-6.710667740604e-01	3.566443639945e-02	-7.405386098837e-01
-5.223260887610e-01	-2.833301447336e-01	-8.043006192244e-01
-4.022931726045e-01	-4.973556678286e-01	-7.686335557043e-01
-4.167821456554e-01	-4.263917638255e-01	-8.027968029363e-01
-2.864504959729e-01	-1.539602146907e-01	-9.456438894474e-01
-7.615318489444e-02	-4.493230532941e-02	-9.960832195998e-01
5.201533765233e-02	-4.500789027670e-02	-9.976315424353e-01
2.844073727893e-01	-1.572272263993e-01	-9.457230279431e-01
3.852283122786e-01	-3.575085000850e-01	-8.507566160695e-01
3.499656928635e-01	-5.520395516854e-01	-7.568198908549e-01
4.924914121068e-01	-3.012660916098e-01	-8.165114518776e-01
6.647602974195e-01	7.787170557833e-02	-7.429870419092e-01
6.763440119520e-01	5.496307394109e-01	-4.903721319480e-01
4.011003558850e-01	8.704818647620e-01	-2.852714981019e-01
4.453619242623e-02	9.691265127483e-01	-2.425084119211e-01

Hair-21
-5.288147551558e-02	9.986007958866e-01	-1.427591871691e-06
-4.449111176140e-01	8.945949843087e-01	-4.187972627806e-02
-8.290439114243e-01	4.592062988906e-01	-3.190858316967e-01
-7.999576110075e-01	-5.740813386065e-02	-5.973040488377e-01
-6.544339939022e-01	-3.695032393560e-01	-6.596843970647e-01
-5.646201973886e-01	-5.296509566424e-01	-6.329880700524e-01
-5.997666387979e-01	-3.573540730247e-01	-7.159455604149e-01
-4.286724415021e-01	2.667606155286e-04	-9.034599419650e-01
-1.091564624469e-01	1.658929781706e-01	-9.800838670745e-01
8.566939822428e-02	1.657739464446e-01	-9.824356227703e-01
4.189714192408e-01	4.825309138398e-03	-9.079866002596e-01
5.718329762743e-01	-2.987748964931e-01	-7.640291934677e-01
5.221146826567e-01	-5.732496021820e-01	-6.314912127279e-01
6.261027139502e-01	-3.902762632586e-01	-6.750406135345e-01
7.990153620766e-01	-9.711939396021e-03	-6.012321759510e-01
8.109002170710e-01	4.751413266898e-01	-3.415868229685e-01
4.596720896732e-01	8.844839517842e-01	-7.993565544609e-02
4.775547134076e-02	9.983914697991e-01	-3.055958097564e-02
-5.240135951586e-02	9.981564222469e-01	-3.062440608808e-02
-4.388380091855e-01	8.956864586935e-01	-7.188163470037e-02
-8.127122517366e-01	4.720192940855e-01	-3.416088141256e-01
-7.836808661293e-01	-4.412691570537e-02	-6.195943151556e-01
-6.372899685327e-01	-3.581066933453e-01	-6.823643397693e-01
-5.428664804577e-01	-5.264678164606e-01	-6.543146205204e-01
-5.751194599094e-01	-3.682719842406e-01	-7.304884341706e-01
-4.094067763385e-01	-2.192693922815e-02	-9.120884281824e-01
-1.047192515957e-01	1.360140074196e-01	-9.851568748838e-01
8.105973854645e-02	1.359029211045e-01	-9.874004835030e-01
4.007710803638e-01	-1.847362100101e-02	-9.159919576455e-01
5.465867844218e-01	-3.080540825498e-01	-7.786819436200e-01
4.988212006455e-01	-5.717954005221e-01	-6.513274366464e-01
6.086490966501e-01	-3.785505180570e-01	-6.973132598952e-01
7.819511011937e-01	2.879786000850e-03	-6.233331229563e-01
7.938203719494e-01	4.872177926814e-01	-3.639615907933e-01
4.525354361774e-01	8.849709086341e-01	-1.097185940261e-01
4.741419845010e-02	9.970014205440e-01	-6.115603991942e-02
-5.199634549339e-02	9.967690134161e-01	-6.122020866398e-02
-4.324479070598e-01	8.958895337382e-01	-1.018368843692e-01
-7.956233411853e-01	4.843664821643e-01	-3.638304686484e-01
-7.666503387849e-01	-3.085614574273e-02	-6.413229734782e-01
-6.195264302602e-01	-3.464037109427e-01	-7.044085968060e-01
-5.205861754951e-01	-5.228173450445e-01	-6.750200423721e-01
-5.499313786255e-01	-3.788696285670e-01	-7.443341207768e-01
-3.897552904376e-01	-4.410456970280e-02	-9.198617290154e-01
-1.001581927403e-01	1.060071726927e-01	-9.893082511355e-01
7.639548376864e-02	1.058964307057e-01	-9.914381856795e-01
3.822314447767e-01	-4.179556189647e-02	-9.231209312055e-01
5.208271836522e-01	-3.170796709409e-01	-7.925903904571e-01
4.750275960805e-01	-5.698620414697e-01	-6.705266860118e-01
5.905977573832e-01	-3.665152530805e-01	-7.189303570120e-01
7.641471618366e-01	1.544141231844e-02	-6.448570987767e-01
7.760075754405e-01	4.987997602899e-01	-3.860194839561e-01
4.449714787631e-01	8.846298630218e-01	-1.393929285774e-01
4.702908860386e-02	9.946764102210e-01	-9.169025997885e-02
-5.154789205023e-02	9.944466108984e-01	-9.175376230930e-02
-4.256540764183e-01	8.952518079003e-01	-1.316920942189e-01
-7.778027293797e-01	4.962137540044e-01	-3.857393219602e-01
-7.489012121277e-01	-1.756711238811e-02	-6.624487686124e-01
-6.011646019186e-01	-3.344130069105e-01	-7.257885795527e-01
-4.978130835395e-01	-5.186952586228e-01	-6.950808316585e-01
-5.242368872841e-01	-3.891389689682e-01	-7.574605922694e-01
-3.697637288731e-01	-6.625624635341e-02	-9.267604300082e-01
-9.553169111825e-02	7.590436208050e-02	-9.925281979920e-01
7.163609966920e-02	7.580258449281e-02	-9.945462469933e-01
3.633165676380e-01	-6.505181791228e-02	-9.293919155373e-01
4.945838645288e-01	-3.257834746481e-01	-8.057617070784e-01
4.508162657078e-01	-5.673514261298e-01	-6.891132373143e-01
5.720137635451e-01	-3.541041307736e-01	-7.398719611419e-01
7.456331906311e-01	2.800842220885e-02	-6.657677322570e-01
7.574569797551e-01	5.099514944180e-01	-4.076866408912e-01
4.369807732990e-01	8.834640508002e-01	-1.689351198264e-01
4.657817032667e-02	9.914194269125e-01	-1.221392401711e-01
-5.106729916541e-02	9.911905506754e-01	-1.222023862606e-01
-4.184750778661e-01	8.937671337470e-01	-1.614277542388e-01
-7.592507647921e-01	5.076018485807e-01	-4.072820146778e-01
-7.304497270850e-01	-4.260581004364e-03	-6.829531782274e-01
-5.822522067643e-01	-3.220886016446e-01	-7.464859679919e-01
-4.745748281582e-01	-5.140854948472e-01	-7.144892136809e-01
-4.980495854988e-01	-3.990298043643e-01	-7.698842936529e-01
-3.494203470827e-01	-8.834051810737e-02	-9.327922458432e-01
-9.081828072259e-02	4.572991562831e-02	-9.948169754800e-01
6.680799832686e-02	4.563789006202e-02	-9.967215631009e-01
3.440476669211e-01	-8.823466773369e-02	-9.347972220199e-01
4.678750727002e-01	-3.341657095476e-01	-8.181846948632e-01
4.261902519175e-01	-5.642920075476e-01	-7.070618073326e-01
5.529026274814e-01	-3.413463381894e-01	-7.601193076937e-01
7.264242810960e-01	4.056505478993e-02	-6.860482783041e-01
7.381924770995e-01	5.206376301779e-01	-4.289619153216e-01
4.285805871604e-01	8.814693827835e-01	-1.983189540222e-01
4.608410768636e-02	9.872325138019e-01	-1.524736656314e-01
-5.053823330346e-02	9.870048319753e-01	-1.525363846168e-01
-4.108986585882e-01	8.914466411497e-01	-1.910109377846e-01
-7.399830208627e-01	5.185276701688e-01	-4.284322398048e-01
-7.113193794146e-01	9.068742425330e-03	-7.028104284799e-01
-5.628049550114e-01	-3.094435195844e-01	-7.664824138894e-01
-4.509040455196e-01	-5.089690608541e-01	-7.332366854075e-01
-4.713932855394e-01	-4.085278986567e-01	-7.815966519679e-01
-3.287242207553e-01	-1.103156641492e-01	-9.379610018184e-01
-8.600838840882e-02	1.551442375668e-02	-9.961736092563e-01
6.193158298684e-02	1.542803092070e-02	-9.979611489886e-01
3.244634896932e-01	-1.113417038449e-01	-9.393223455455e-01
4.407287165548e-01	-3.422474933471e-01	-8.298342314593e-01
4.011561588912e-01	-5.607203237086e-01	-7.243386326600e-01
5.332612174316e-01	-3.282864833456e-01	-7.796540635666e-01
7.065277494392e-01	5.306113713429e-02	-7.056933151153e-01
7.182414749534e-01	5.308137270666e-01	-4.498510540328e-01
4.197962543381e-01	8.786382664607e-01	-2.275212112193e-01
4.557332624094e-02	9.821183493774e-01	-1.826653216996e-01
-4.993505311031e-02	9.818947615771e-01	-1.827270304536e-01
-4.029196729715e-01	8.882987230226e-01	-2.204112424740e-01
-7.200170495998e-01	5.289829530944e-01	-4.491686583245e-01
-6.915252252268e-01	2.239969219952e-02	-7.220049284211e-01
-5.428320642002e-01	-2.965044930877e-01	-7.857597824112e-01
-4.268115335997e-01	-5.033728995974e-01	-7.512973038266e-01
-4.442940781305e-01	-4.176352531225e-01	-7.925803224201e-01
-3.077173757572e-01	-1.321848209780e-01	-9.422511288187e-01
-8.109684839151e-02	-1.471219471789e-02	-9.965976382209e-01
5.701310148131e-02	-1.479893210347e-02	-9.982637416375e-01
3.046049042199e-01	-1.343722928275e-01	-9.429527767844e-01
4.131725496609e-01	-3.500444980199e-01	-8.406885830155e-01
3.757324478095e-01	-5.566499753634e-01	-7.409223526059e-01
5.131059648354e-01	-3.149399034414e-01	-7.984579676293e-01
6.859624828424e-01	6.548575969490e-02	-7.246841294039e-01
6.976204826019e-01	5.404783578701e-01	-4.703284032763e-01
4.106307803782e-01	8.749761935179e-01	-2.565132023561e-01
4.501763432589e-02	9.760831096050e-01	-2.126856265559e-01
-4.929298799005e-02	9.758633014370e-01	-2.127463706943e-01
-3.945763552805e-01	8.843107301728e-01	-2.496077570006e-01
-6.993836048170e-01	5.389121628492e-01	-4.695063940421e-01
-6.710709388239e-01	3.567507275392e-02	-7.405343234787e-01
-5.223302485019e-01	-2.833199492157e-01	-8.043015093088e-01
-4.022967604267e-01	-4.973472406240e-01	-7.686371307671e-01
-4.167824513652e-01	-4.263937370861e-01	-8.027955961562e-01
-2.864610797652e-01	-1.539711614475e-01	-9.456389010728e-01
-7.614846355951e-02	-4.493142040261e-02	-9.960836204647e-01
5.200259393118e-02	-4.500567813332e-02	-9.976323065941e-01
2.844196655218e-01	-1.572385546098e-01	-9.457174476601e-01
3.852272703161e-01	-3.574969949088e-01	-8.507619225353e-01
3.499654271516e-01	-5.520389061989e-01	-7.568204845545e-01
4.924792868301e-01	-3.012826635836e-01	-8.165126506475e-01
6.647540647475e-01	7.784984864296e-02	-7.429949087766e-01
6.763499982351e-01	5.496181879384e-01	-4.903779434015e-01
4.011439102766e-01	8.704588572324e-01	-2.852804604485e-01
4.454195651145e-02	9.691264586514e-01	-2.425075694733e-01

Hair-22
-5.287519193476e-02	9.986011286174e-01	-1.368962983868e-06
-4.449107544880e-01	8.945951689579e-01	-4.187963966067e-02
-8.290390357973e-01	4.592248383660e-01	-3.190718178592e-01
-7.999638165757e-01	-5.738951503598e-02	-5.972975269776e-01
-6.544420764732e-01	-3.694899151352e-01	-6.596838418173e-01
-5.646273950615e-01	-5.296369727651e-01	-6.329933505387e-01
-5.997646881523e-01	-3.573347462107e-01	-7.159568408753e-01
-4.286623727310e-01	2.773456036459e-04	-9.034647161257e-01
-1.091561829379e-01	1.658930237163e-01	-9.800838904955e-01
8.567978104811e-02	1.657722420199e-01	-9.824350049216e-01
4.189635257470e-01	4.832689521853e-03	-9.079902032542e-01
5.718329349921e-01	-2.987744513680e-01	-7.640293984318e-01
5.221161054305e-01	-5.732466935080e-01	-6.314926767843e-01
6.261066815932e-01	-3.902701128271e-01	-6.750404893770e-01
7.990168530392e-01	-9.706589404637e-03	-6.012302809086e-01
8.108992509022e-01	4.751448877763e-01	-3.415841631374e-01
4.596800021628e-01	8.844796617454e-01	-7.993762299679e-02
4.775836064585e-02	9.983913307131e-01	-3.055960970422e-02
-5.239831378988e-02	9.981565831296e-01	-3.062437374085e-02
-4.388437239579e-01	8.956835592329e-01	-7.188287461292e-02
-8.127081616336e-01	4.720348460439e-01	-3.415970552191e-01
-7.836859016451e-01	-4.411180106085e-02	-6.195890223123e-01
-6.372973480987e-01	-3.580945296652e-01	-6.823638310537e-01
-5.428730412190e-01	-5.264550603384e-01	-6.543194407640e-01
-5.751177890514e-01	-3.682553712886e-01	-7.304981247298e-01
-4.093867283619e-01	-2.190586895528e-02	-9.120979330897e-01
-1.047188092271e-01	1.360140804158e-01	-9.851569118281e-01
8.107299249884e-02	1.359007460767e-01	-9.873996947048e-01
4.007579972128e-01	-1.846138272041e-02	-9.159979285009e-01
5.465863227357e-01	-3.080493791036e-01	-7.786841284065e-01
4.988261441741e-01	-5.717853039169e-01	-6.513325142453e-01
6.086593829410e-01	-3.785345697764e-01	-6.973129391041e-01
7.819562356462e-01	2.898209400260e-03	-6.233265965096e-01
7.938156553180e-01	4.872351767561e-01	-3.639486061295e-01
4.525279020738e-01	8.849749935139e-01	-1.097167202378e-01
4.739506843442e-02	9.970023408840e-01	-6.115586447770e-02
-5.201606710629e-02	9.967679716203e-01	-6.122041746664e-02
-4.324724999194e-01	8.958770563191e-01	-1.018422150900e-01
-7.956245433818e-01	4.843619115922e-01	-3.638339244314e-01
-7.666483048275e-01	-3.086225058603e-02	-6.413251111518e-01
-6.195233959220e-01	-3.464087114760e-01	-7.044088063893e-01
-5.205844424869e-01	-5.228207142833e-01	-6.750187693367e-01
-5.499311668905e-01	-3.788675155170e-01	-7.443353527600e-01
-3.897468628129e-01	-4.409571640064e-02	-9.198657242895e-01
-1.001753947412e-01	1.060043647417e-01	-9.893068103193e-01
7.639287937139e-02	1.058968598441e-01	-9.914383405217e-01
3.822121845906e-01	-4.177754910980e-02	-9.231297212965e-01
5.208263566801e-01	-3.170712265792e-01	-7.925943120303e-01
4.750361885762e-01	-5.698444929749e-01	-6.705355123849e-01
5.906141776845e-01	-3.664897962701e-01	-7.189298452199e-01
7.641551673033e-01	1.547013524053e-02	-6.448469238504e-01
7.760005387272e-01	4.988256981892e-01	-3.860001123332e-01
4.449595151596e-01	8.846363495622e-01	-1.393899526584e-01
4.700856562427e-02	9.946773976784e-01	-9.169007201270e-02
-5.156647923835e-02	9.944456292173e-01	-9.175395767790e-02
-4.256733384244e-01	8.952420351753e-01	-1.316962695361e-01
-7.778040208283e-01	4.962088422707e-01	-3.857430362764e-01
-7.488993053794e-01	-1.757283671181e-02	-6.624507723689e-01
-6.011615178429e-01	-3.344180901536e-01	-7.257887918966e-01
-4.978108601313e-01	-5.186995802510e-01	-6.950791990721e-01
-5.242368818939e-01	-3.891389093881e-01	-7.574606266087e-01
-3.697576098338e-01	-6.624982192586e-02	-9.267633306647e-01
-9.554158529103e-02	7.590274731075e-02	-9.925273691092e-01
7.164146767236e-02	7.580170280527e-02	-9.945459275275e-01
3.633084080245e-01	-6.504419300812e-02	-9.293956389045e-01
4.945842583285e-01	-3.257874251975e-01	-8.057598680729e-01
4.508174719505e-01	-5.673489582486e-01	-6.891144800093e-01
5.720197737890e-01	-3.540948146433e-01	-7.398717731047e-01
7.456361981488e-01	2.801921251169e-02	-6.657639099113e-01
7.574544756496e-01	5.099607238328e-01	-4.076797486585e-01
4.369802082154e-01	8.834643572241e-01	-1.689349790380e-01
4.657330562858e-02	9.914196608407e-01	-1.221391964171e-01
-5.106990545890e-02	9.911904129986e-01	-1.222024137897e-01
-4.184817318592e-01	8.937637576506e-01	-1.614291968954e-01
-7.592476439849e-01	5.076137120164e-01	-4.072730465870e-01
-7.304535896900e-01	-4.248991573936e-03	-6.829491191733e-01
-5.822581419044e-01	-3.220788190106e-01	-7.464855594925e-01
-4.745793654431e-01	-5.140766741183e-01	-7.144925465133e-01
-4.980487628799e-01	-3.990215781448e-01	-7.698890893945e-01
-3.494021253538e-01	-8.832137847416e-02	-9.328008838454e-01
-9.081143916384e-02	4.573103437885e-02	-9.948175486046e-01
6.682924260497e-02	4.563440018308e-02	-9.967202987061e-01
3.440464506641e-01	-8.823353873351e-02	-9.347977762211e-01
4.678760441587e-01	-3.341755395682e-01	-8.181801244571e-01
4.261870690928e-01	-5.642985039409e-01	-7.070585411323e-01
5.529018442920e-01	-3.413475527070e-01	-7.601193319732e-01
7.264238796354e-01	4.056361420729e-02	-6.860487885696e-01
7.381928626847e-01	5.206362092618e-01	-4.289629763591e-01
4.285887174597e-01	8.814649747504e-01	-1.983209760832e-01
4.608933146912e-02	9.872322623664e-01	-1.524737146780e-01
-5.053192809909e-02	9.870051649725e-01	-1.525363188234e-01
-4.108994900999e-01	8.914462192086e-01	-1.910111182478e-01
-7.399783221978e-01	5.185455343588e-01	-4.284187338036e-01
-7.113249693649e-01	9.085517142827e-03	-7.028045541516e-01
-5.628141905032e-01	-3.094282972877e-01	-7.664817778694e-01
-4.509123545568e-01	-5.089529029720e-01	-7.332427913484e-01
-4.713912256903e-01	-4.085073965275e-01	-7.816086100629e-01
-3.286964050796e-01	-1.102864354338e-01	-9.379741869833e-01
-8.599643015665e-02	1.551637670289e-02	-9.961746112275e-01
6.195676808726e-02	1.542389699384e-02	-9.979596496300e-01
3.244551216926e-01	-1.113338838333e-01	-9.393261629051e-01
4.407293156366e-01	-3.422535273115e-01	-8.298314246769e-01
4.011576068639e-01	-5.607173637753e-01	-7.243401220532e-01
5.332674273831e-01	-3.282768562657e-01	-7.796538696964e-01
7.065307293447e-01	5.307183081282e-02	-7.056895275302e-01
7.182382732712e-01	5.308255299487e-01	-4.498422385272e-01
4.197959613590e-01	8.786384251535e-01	-2.275211389528e-01
4.556189438097e-02	9.821188992541e-01	-1.826652170183e-01
-4.994756549602e-02	9.818941004699e-01	-1.827271631788e-01
-4.029378684294e-01	8.882894908749e-01	-2.204151868332e-01
-7.200180386516e-01	5.289791906966e-01	-4.491715038004e-01
-6.915224582577e-01	2.239138534629e-02	-7.220078362369e-01
-5.428274771804e-01	-2.965120513836e-01	-7.857600991411e-01
-4.268076730075e-01	-5.033804073602e-01	-7.512944667357e-01
-4.442943434775e-01	-4.176378749396e-01	-7.925787921524e-01
-3.077100398088e-01	-1.321771172040e-01	-9.422546052360e-01
-8.111533761491e-02	-1.471521121345e-02	-9.965960889762e-01
5.700959020067e-02	-1.479835347297e-02	-9.982639507463e-01
3.045812681765e-01	-1.343501938789e-01	-9.429635605264e-01
4.131715522580e-01	-3.500343053893e-01	-8.406933171231e-01
3.757411505451e-01	-5.566321985053e-01	-7.409312946382e-01
5.131224068183e-01	-3.149144134600e-01	-7.984574552324e-01
6.859701593047e-01	6.551330128894e-02	-7.246743737001e-01
6.976137801588e-01	5.405030671723e-01	-4.703099489804e-01
4.106193452019e-01	8.749823939906e-01	-2.565103575929e-01
4.499898191421e-02	9.760840069419e-01	-2.126854555885e-01
-4.930909195186e-02	9.758624508104e-01	-2.127465406280e-01
-3.945919082817e-01	8.843028385855e-01	-2.496111287348e-01
-6.993847614758e-01	5.389077626067e-01	-4.695097217500e-01
-6.710690427576e-01	3.566937984882e-02	-7.405363159181e-01
-5.223274735466e-01	-2.833245229525e-01	-8.043017002793e-01
-4.022947877871e-01	-4.973510734213e-01	-7.686356831985e-01
-4.167822544261e-01	-4.263917675949e-01	-8.027967444645e-01
-2.864522463011e-01	-1.539618854558e-01	-9.456430872248e-01
-7.615425015658e-02	-4.493236173056e-02	-9.960831356129e-01
5.201165123130e-02	-4.500716752922e-02	-9.976317672404e-01
2.844040832856e-01	-1.572239875496e-01	-9.457245556448e-01
3.852277140272e-01	-3.575013452716e-01	-8.507598935507e-01
3.499705438116e-01	-5.520284450865e-01	-7.568257489539e-01
4.924960322587e-01	-3.012567061273e-01	-8.165121280317e-01
6.647631203871e-01	7.788233796063e-02	-7.429834017036e-01
6.763418059964e-01	5.496483948300e-01	-4.903553849224e-01
4.011199013612e-01	8.704718806395e-01	-2.852744814173e-01
4.450705141243e-02	9.691281407959e-01	-2.425072557513e-01

Hair-23
-5.292968214782e-02	9.985982419091e-01	-1.948895285139e-06
-4.449567301238e-01	8.945718358808e-01	-4.188960212688e-02
-8.290476612068e-01	4.591920201563e-01	-3.190966375133e-01
-7.999531509056e-01	-5.742153175186e-02	-5.973087342802e-01
-6.544284176444e-01	-3.695124320705e-01	-6.596847798189e-01
-5.646209078524e-01	-5.296495887153e-01	-6.329885809315e-01
-5.997641554353e-01	-3.573294625383e-01	-7.159599241976e-01
-4.286434903778e-01	2.971894104329e-04	-9.034736685899e-01
-1.091702197609e-01	1.658907356154e-01	-9.800827143432e-01
8.567891920780e-02	1.657723852882e-01	-9.824350559092e-01
4.189308664418e-01	4.863245033289e-03	-9.080051090110e-01
5.718347368934e-01	-2.987926038602e-01	-7.640209509958e-01
5.221101955253e-01	-5.732587593969e-01	-6.314866099160e-01
6.261004519664e-01	-3.902797712230e-01	-6.750406833825e-01
7.990137072367e-01	-9.717877153465e-03	-6.012342792220e-01
8.109017378592e-01	4.751357216417e-01	-3.415910091864e-01
4.596886020000e-01	8.844749989282e-01	-7.993976146019e-02
4.776282121564e-02	9.983911160512e-01	-3.055965149636e-02
-5.239645568526e-02	9.981566812747e-01	-3.062435400671e-02
-4.388460509084e-01	8.956823786298e-01	-7.188337926221e-02
-8.127090364990e-01	4.720315194402e-01	-3.415995706200e-01
-7.836846431083e-01	-4.411557776955e-02	-6.195903452719e-01
-6.372968413019e-01	-3.580953647167e-01	-6.823638661558e-01
-5.428734824325e-01	-5.264542019837e-01	-6.543197653176e-01
-5.751176073988e-01	-3.682534742438e-01	-7.304992240703e-01
-4.093132839574e-01	-2.182858827779e-02	-9.121327470877e-01
-1.047427631375e-01	1.360101944178e-01	-9.851549018224e-01
8.109996509028e-02	1.358963477836e-01	-9.873980850303e-01
4.006931640737e-01	-1.840065570725e-02	-9.160275127605e-01
5.465876088826e-01	-3.080622856339e-01	-7.786781196271e-01
4.988229191846e-01	-5.717918895559e-01	-6.513292027342e-01
6.086562971551e-01	-3.785393531442e-01	-6.973130359133e-01
7.819548630327e-01	2.893285789967e-03	-6.233283413073e-01
7.938162710279e-01	4.872329075059e-01	-3.639503011328e-01
4.525265237358e-01	8.849757407426e-01	-1.097163780509e-01
4.738487413521e-02	9.970028312640e-01	-6.115576959486e-02
-5.203003563765e-02	9.967672334531e-01	-6.122056603647e-02
-4.324896079652e-01	8.958683760048e-01	-1.018459222381e-01
-7.956284878210e-01	4.843469114467e-01	-3.638452675793e-01
-7.666423960787e-01	-3.087998820249e-02	-6.413313206630e-01
-6.195149122980e-01	-3.464226951317e-01	-7.044093907226e-01
-5.205793078520e-01	-5.228306962322e-01	-6.750149978435e-01
-5.499315397784e-01	-3.788711497180e-01	-7.443332274380e-01
-3.897076416677e-01	-4.405447753089e-02	-9.198843172026e-01
-1.001693093005e-01	1.060053566501e-01	-9.893073202174e-01
7.641542894065e-02	1.058931679346e-01	-9.914369970929e-01
3.821679224146e-01	-4.173612703381e-02	-9.231499199900e-01
5.208300750534e-01	-3.171086094085e-01	-7.925769128349e-01
4.750292710279e-01	-5.698586104199e-01	-6.705284153539e-01
5.906146767368e-01	-3.664890220629e-01	-7.189298299072e-01
7.641561839211e-01	1.547378398560e-02	-6.448456315928e-01
7.759989943758e-01	4.988313891409e-01	-3.859958625885e-01
4.449486616919e-01	8.846422337129e-01	-1.393872547619e-01
4.699057865193e-02	9.946782629472e-01	-9.168990532334e-02
-5.158633403122e-02	9.944445800720e-01	-9.175416778902e-02
-4.256939138429e-01	8.952315956771e-01	-1.317007282383e-01
-7.778078397879e-01	4.961943188560e-01	-3.857540178658e-01
-7.488937673277e-01	-1.758946073747e-02	-6.624565918826e-01
-6.011533736572e-01	-3.344315158613e-01	-7.257893513543e-01
-4.978042145543e-01	-5.187124954753e-01	-6.950743204937e-01
-5.242380219906e-01	-3.891501081399e-01	-7.574540841754e-01
-3.697242805941e-01	-6.621480096094e-02	-9.267791303611e-01
-9.554672958274e-02	7.590191091645e-02	-9.925269378638e-01
7.165024651505e-02	7.580026499488e-02	-9.945454046956e-01
3.632627780199e-01	-6.500150388974e-02	-9.294164613333e-01
4.945862489640e-01	-3.258073749232e-01	-8.057505797586e-01
4.508142255823e-01	-5.673555830965e-01	-6.891111494831e-01
5.720201951855e-01	-3.540941621145e-01	-7.398717596019e-01
7.456361663197e-01	2.801909806942e-02	-6.657639503754e-01
7.574545205902e-01	5.099605581166e-01	-4.076798724524e-01
4.369852345605e-01	8.834616320971e-01	-1.689362287622e-01
4.657675754438e-02	9.914194947358e-01	-1.221392284012e-01
-5.106680444847e-02	9.911905767955e-01	-1.222023811359e-01
-4.184809969731e-01	8.937641303897e-01	-1.614290382837e-01
-7.592481021890e-01	5.076119702682e-01	-4.072743632526e-01
-7.304525707608e-01	-4.252048360416e-03	-6.829501899506e-01
-5.822555514384e-01	-3.220830918885e-01	-7.464857364603e-01
-4.745724268786e-01	-5.140901504461e-01	-7.144874588549e-01
-4.980512966872e-01	-3.990464919598e-01	-7.698745372610e-01
-3.493626123067e-01	-8.827986017498e-02	-9.328196135426e-01
-9.083129838374e-02	4.572779950652e-02	-9.948158842651e-01
6.682038524045e-02	4.563585317065e-02	-9.967208260199e-01
3.440032941953e-01	-8.819315652324e-02	-9.348174692020e-01
4.678762675019e-01	-3.341777001335e-01	-8.181791142787e-01
4.261876816835e-01	-5.642972522926e-01	-7.070591708169e-01
5.529036319176e-01	-3.413447816294e-01	-7.601192760789e-01
7.264247902855e-01	4.056688238391e-02	-6.860476310814e-01
7.381914180110e-01	5.206415343436e-01	-4.289589993126e-01
4.285834577749e-01	8.814678263146e-01	-1.983196684493e-01
4.607744440436e-02	9.872328343147e-01	-1.524736041687e-01
-5.054578873436e-02	9.870044324470e-01	-1.525364663654e-01
-4.109152155301e-01	8.914382403134e-01	-1.910145265490e-01
-7.399823557515e-01	5.185301945379e-01	-4.284303333436e-01
-7.113190066561e-01	9.067620167352e-03	-7.028108202314e-01
-5.628052178026e-01	-3.094430884563e-01	-7.664823949842e-01
-4.509044703896e-01	-5.089682277734e-01	-7.332370024077e-01
-4.713923279765e-01	-4.085182158178e-01	-7.816022904712e-01
-3.286409448645e-01	-1.102280948099e-01	-9.380004778640e-01
-8.602053930018e-02	1.551245683675e-02	-9.961725907198e-01
6.195921157833e-02	1.542350373579e-02	-9.979595040046e-01
3.244165037866e-01	-1.112977390631e-01	-9.393437844316e-01
4.407289203540e-01	-3.422494613251e-01	-8.298333115670e-01
4.011582609470e-01	-5.607160280001e-01	-7.243407938380e-01
5.332668442005e-01	-3.282777608257e-01	-7.796538877115e-01
7.065304478500e-01	5.307082185981e-02	-7.056898852386e-01
7.182378328857e-01	5.308271530197e-01	-4.498410263956e-01
4.197946259132e-01	8.786391490543e-01	-2.275208074081e-01
4.555305886434e-02	9.821193244030e-01	-1.826651347750e-01
-4.995845447577e-02	9.818935249200e-01	-1.827272791530e-01
-4.029516547063e-01	8.882824957369e-01	-2.204181746972e-01
-7.200202720054e-01	5.289706945914e-01	-4.491779292940e-01
-6.915183530946e-01	2.237905985340e-02	-7.220121501840e-01
-5.428218497874e-01	-2.965213263433e-01	-7.857604866733e-01
-4.268064954294e-01	-5.033827013725e-01	-7.512935986804e-01
-4.442936091963e-01	-4.176305447021e-01	-7.925830662834e-01
-3.076768230453e-01	-1.321421940280e-01	-9.422703503338e-01
-8.109660744710e-02	-1.471215928110e-02	-9.965976583506e-01
5.703132979153e-02	-1.480191698020e-02	-9.982626561561e-01
3.045499186769e-01	-1.343208736231e-01	-9.429778629125e-01
4.131749764497e-01	-3.500687325063e-01	-8.406772991804e-01
3.757345024356e-01	-5.566457641840e-01	-7.409244744881e-01
5.131236077372e-01	-3.149125522926e-01	-7.984574175191e-01
6.859722156049e-01	6.552068133736e-02	-7.246717599957e-01
6.976109921136e-01	5.405133424007e-01	-4.703022755305e-01
4.106019834273e-01	8.749918067537e-01	-2.565060414872e-01
4.497364915213e-02	9.760852256566e-01	-2.126852207769e-01
-4.933568079917e-02	9.758610454020e-01	-2.127468229306e-01
-3.946170201108e-01	8.842900965002e-01	-2.496165713062e-01
-6.993891660553e-01	5.388910096378e-01	-4.695223893874e-01
-6.710628164973e-01	3.565068912685e-02	-7.405428580977e-01
-5.223184500246e-01	-2.833393979548e-01	-8.043023202320e-01
-4.022878886164e-01	-4.973644855438e-01	-7.686306155705e-01
-4.167833581968e-01	-4.264025918079e-01	-8.027904222334e-01
-2.864225452077e-01	-1.539306840422e-01	-9.456571630919e-01
-7.614673523090e-02	-4.493113484893e-02	-9.960837654710e-01
5.202309203427e-02	-4.500904377320e-02	-9.976310860603e-01
2.843989931133e-01	-1.572192252750e-01	-9.457268780785e-01
3.852260715962e-01	-3.574849006023e-01	-8.507675473383e-01
3.499638983315e-01	-5.520420368917e-01	-7.568189079093e-01
4.924720293090e-01	-3.012939165180e-01	-8.165128757206e-01
6.647504119999e-01	7.783673209206e-02	-7.429995510653e-01
6.763524598715e-01	5.496090965315e-01	-4.903847377678e-01
4.011708620752e-01	8.704442411075e-01	-2.852871580438e-01
4.456684663319e-02	9.691252517966e-01	-2.425078194850e-01

Hair-24
-1.491487369832e-02	9.998887670844e-01	-9.923037189128e-07
7.077002991984e-03	9.999749556284e-01	6.437811790565e-05
-1.486194013789e-02	9.998895552686e-01	-3.829992332199e-07
7.128830718327e-03	9.999745875093e-01	6.409514103999e-05
-1.481914204606e-02	9.998901904854e-01	9.694693608401e-08
7.152924479926e-03	9.999744154626e-01	6.396564776106e-05
-1.481619516368e-02	9.998902341562e-01	1.303810765722e-07
7.145675448871e-03	9.999744672869e-01	6.400445916492e-05
-1.482629427717e-02	9.998900844583e-01	1.718085840187e-08
7.142182870792e-03	9.999744922371e-01	6.402340459974e-05
-1.482213002455e-02	9.998901461968e-01	6.380688178019e-08
7.144217880290e-03	9.999744777009e-01	6.401247716132e-05
-1.482030729668e-02	9.998901732149e-01	8.436025712454e-08
7.147509643711e-03	9.999744541790e-01	6.399494696829e-05
-1.481062952522e-02	9.998903166113e-01	1.912189420847e-07

Hair-25
9.999999999407e-01	-1.088792140163e-05	-1.214656153437e-10
9.999999999982e-01	1.913853065517e-06	3.895805900100e-11
9.999999999769e-01	6.796635436692e-06	8.886708036115e-11
9.999999999998e-01	-5.836765385136e-07	6.004624575340e-11
9.999999998757e-01	-1.576981774955e-05	-3.643166879286e-10
9.999999989768e-01	-4.523612738707e-05	1.178966591020e-09
9.999999979995e-01	-6.325340911424e-05	-4.939794684411e-10

Hair-26
9.999999999655e-01	8.300745836789e-06	7.320533068622e-11
9.999999999997e-01	7.472785493817e-07	-1.740082244961e-10
9.999999999926e-01	-3.849775164686e-06	-8.999188894077e-11
9.999999999970e-01	2.438890330910e-06	-1.644399338918e-10
9.999999999454e-01	1.044702772711e-05	4.042564893947e-10
9.999999996202e-01	2.756129674321e-05	-1.242803304713e-09
9.999999995371e-01	3.042800550642e-05	-1.285425321740e-09

