Hair-0
-2.104629334482e-02	4.359219985237e-01	8.997383312606e-01
-7.675263069264e-03	5.602857353448e-01	8.282638378596e-01
-4.991530376500e-02	4.604716806265e-01	8.862698763870e-01
-4.743367981134e-03	4.807449914923e-01	8.768476228030e-01
5.195203504732e-03	4.849980354103e-01	8.744998087528e-01
7.840822518217e-03	4.926666998125e-01	8.701827649397e-01
5.082220094346e-02	5.082202264390e-01	8.597262967536e-01
8.488338480285e-02	5.077132256206e-01	8.573342939101e-01

Hair-1
2.416024002042e-02	4.493279615303e-01	-8.930401255202e-01
-2.363724011951e-02	6.979555796922e-01	-7.157508572514e-01
2.854654179312e-03	5.634481821591e-01	-8.261464742835e-01
-1.598463301673e-02	5.425951321730e-01	-8.398422554561e-01
6.989042768555e-04	5.409978330376e-01	-8.410236953746e-01
-2.565831369933e-02	5.563051128476e-01	-8.305818878098e-01
1.677458966947e-02	7.010074835117e-01	-7.129566054130e-01
-2.521841656190e-02	4.510562401548e-01	-8.921391705802e-01

Hair-2
-1.875480716659e-02	4.247232615088e-01	9.051289456986e-01
-2.149742801218e-02	5.731474279627e-01	8.191702426288e-01
-2.610554544790e-02	4.751535071741e-01	8.795155741185e-01
-1.530040660701e-03	4.815808390194e-01	8.764003391515e-01
1.143717014220e-02	4.835886636309e-01	8.752206553474e-01
1.179143501819e-02	4.903724783778e-01	8.714331841913e-01
5.174754284322e-02	5.015971745597e-01	8.635522371481e-01
8.479432992763e-02	5.032875443156e-01	8.599485852939e-01

Hair-3
2.314405568117e-02	4.434823166999e-01	-8.959842562574e-01
-1.222919191493e-02	6.943708524789e-01	-7.195134231498e-01
1.023550098536e-02	5.624006669689e-01	-8.268015023647e-01
-4.260814731204e-03	5.408977203473e-01	-8.410775835682e-01
3.961124576349e-03	5.406696899301e-01	-8.412256509897e-01
-2.466795157792e-02	5.568612462158e-01	-8.302391490576e-01
1.848104120553e-02	6.912268914684e-01	-7.224014366174e-01
-1.605852279390e-02	4.476080177997e-01	-8.940856705300e-01

Hair-4
-1.927891922240e-02	4.249763381960e-01	9.049991354952e-01
-2.257827724949e-02	5.736865106700e-01	8.187637075932e-01
-2.332302129642e-02	4.799401807700e-01	8.769911399553e-01
-3.578464054770e-04	4.815381196150e-01	8.764250745521e-01
1.329858058197e-02	4.826937729577e-01	8.756882260841e-01
7.663034301444e-03	4.930370755077e-01	8.699745513980e-01
5.062264521725e-02	5.019040051268e-01	8.634406276224e-01
8.364378533924e-02	5.026754572589e-01	8.604191431179e-01

Hair-5
2.517049505351e-02	4.295049258665e-01	-9.027136671366e-01
-1.421829352488e-02	6.786865569884e-01	-7.342904040586e-01
1.897066425345e-02	5.570690024227e-01	-8.302495049306e-01
4.293696425623e-03	5.392633416282e-01	-8.421262450173e-01
-4.299611611333e-03	5.394663100270e-01	-8.419962076434e-01
-3.187098286814e-02	5.532694560761e-01	-8.323924251363e-01
2.181685478189e-02	6.752583888803e-01	-7.372585252774e-01
-2.251914953814e-02	4.323371576572e-01	-9.014307904731e-01

Hair-6
-1.901083538613e-02	4.193156320351e-01	9.076414428996e-01
-2.241449939356e-02	5.694484967491e-01	8.217213638254e-01
-2.197989787830e-02	4.806265361385e-01	8.766498827062e-01
3.027246484399e-03	4.815901116494e-01	8.763913510186e-01
1.508043541973e-02	4.822639525082e-01	8.758961471423e-01
1.071282811431e-02	4.918209498528e-01	8.706304546704e-01
5.256654029426e-02	4.957826331137e-01	8.668542781485e-01
8.549009262914e-02	4.950253405921e-01	8.646625678459e-01

Hair-7
2.805338943859e-02	4.296632507603e-01	-9.025533215756e-01
-1.678454543594e-02	6.728414171937e-01	-7.395963130947e-01
2.163592419366e-02	5.559295293629e-01	-8.309477993031e-01
1.130938852122e-02	5.384475834877e-01	-8.425831101841e-01
-4.637374837591e-03	5.393135432323e-01	-8.420922733530e-01
-3.120560319751e-02	5.524756161673e-01	-8.329447183755e-01
2.096745234106e-02	6.747011496545e-01	-7.377931448565e-01
-2.302207793137e-02	4.269424768974e-01	-9.039856776235e-01

Hair-8
-1.675164896557e-02	4.231084277439e-01	9.059241914360e-01
-2.017011932726e-02	5.734780223380e-01	8.189726028273e-01
-2.035131072301e-02	4.797871183196e-01	8.771488729095e-01
4.401690978992e-03	4.820003068356e-01	8.761599907134e-01
1.045262569618e-02	4.833385128649e-01	8.753711353464e-01
5.874357881202e-03	4.959839806160e-01	8.683118005025e-01
5.644010135184e-02	5.027548986640e-01	8.625845041668e-01
8.792083959782e-02	4.975829791927e-01	8.629490742692e-01

Hair-9
2.795144948399e-02	4.425103015768e-01	-8.963277020544e-01
-2.241481464246e-02	6.838716338420e-01	-7.292579547121e-01
1.208133198208e-02	5.623689702760e-01	-8.267981511156e-01
-1.440922333601e-05	5.401806650075e-01	-8.415490769672e-01
-3.902387195644e-03	5.394238762790e-01	-8.420253280480e-01
-2.412747071420e-02	5.587548906232e-01	-8.289818076180e-01
1.843973753014e-02	6.911289355994e-01	-7.224962079188e-01
-1.959730808007e-02	4.365695057927e-01	-8.994570651943e-01

Hair-10
-1.764522999681e-02	4.245323155635e-01	9.052408292276e-01
-2.307732310722e-02	5.756288916610e-01	8.173853535777e-01
-2.022239159589e-02	4.806942983616e-01	8.766550327243e-01
4.293340733317e-03	4.822429288785e-01	8.760270114397e-01
1.529153664634e-02	4.829740348312e-01	8.755011425383e-01
7.197425254591e-03	4.934672863924e-01	8.697345769430e-01
5.269067652142e-02	5.055158867096e-01	8.612069326776e-01
8.826522072463e-02	5.057256418349e-01	8.581671317413e-01

Hair-11
1.949796688409e-02	4.344341356670e-01	-9.004925380339e-01
-1.511234061036e-02	6.829116064478e-01	-7.303446822838e-01
1.520882354993e-02	5.612578778503e-01	-8.275012303539e-01
-1.974478730356e-03	5.399155730650e-01	-8.417168617746e-01
-7.458652503049e-03	5.387927274666e-01	-8.424053450281e-01
-2.784214400048e-02	5.562082480878e-01	-8.305764262104e-01
1.762806774364e-02	6.854235423264e-01	-7.279311910149e-01
-1.912141544614e-02	4.332406891662e-01	-9.010754001315e-01

Hair-12
-1.826759820586e-02	4.239140535315e-01	9.055181776609e-01
-2.358266759983e-02	5.737079811983e-01	8.187203491414e-01
-2.457976737303e-02	4.787277064141e-01	8.776192899814e-01
-1.280929990829e-04	4.814955639070e-01	8.764485184710e-01
1.287993216552e-02	4.828911573475e-01	8.755856540071e-01
1.087069797703e-02	4.902447067475e-01	8.715170425365e-01
4.876096929887e-02	5.056402747614e-01	8.613653582611e-01
8.814820660035e-02	5.093696470037e-01	8.560212943523e-01

Hair-13
1.632281209247e-02	4.372919585596e-01	-8.991714568338e-01
-1.254693632609e-02	6.875979258661e-01	-7.259832413585e-01
1.279064293731e-02	5.604132983968e-01	-8.281143244947e-01
-2.891353405044e-03	5.406066329019e-01	-8.412705323129e-01
-3.888793040329e-03	5.391446566991e-01	-8.422042011540e-01
-2.744672598988e-02	5.567040725455e-01	-8.302573413368e-01
2.027571924526e-02	6.872889256254e-01	-7.261011141168e-01
-2.395323595741e-02	4.374617374073e-01	-8.989179444152e-01

Hair-14
-1.839975537687e-02	4.228452248688e-01	9.060151018652e-01
-2.317304783701e-02	5.744821670635e-01	8.181890060249e-01
-1.756900177480e-02	4.834437120486e-01	8.751991244610e-01
1.577856732523e-02	4.850296323675e-01	8.743553582718e-01
2.257076467245e-02	4.814701276048e-01	8.761718306396e-01
3.446270915259e-02	4.827814762560e-01	8.750624936894e-01
5.569510274602e-02	4.729404111819e-01	8.793323734523e-01
7.680203785098e-02	5.114924592642e-01	8.558486496442e-01

Hair-15
1.229987880653e-02	3.796245708471e-01	-9.250588620139e-01
-4.359937025178e-03	6.371583812848e-01	-7.707205642174e-01
4.669477130038e-02	5.465354850325e-01	-8.361331006087e-01
-9.004981313185e-03	5.443403538439e-01	-8.388161237653e-01

Hair-16
-1.181229445932e-01	9.929918121356e-01	3.772398756106e-03
-4.867621414423e-01	8.718959447087e-01	-5.347970885335e-02
-8.364582725055e-01	4.281503988228e-01	-3.420888690750e-01
-7.869411767694e-01	-9.441635237697e-02	-6.097615408573e-01

Hair-17
-7.695137896198e-02	9.970288563340e-01	-3.456141376576e-03
-4.787198945275e-01	8.765311276708e-01	-5.020403178718e-02
-8.234400995807e-01	4.798519336735e-01	-3.028011297077e-01
-8.066025196782e-01	-3.838529918247e-02	-5.898465428020e-01
-6.642394814062e-01	-3.530126262458e-01	-6.589142562217e-01
-5.681923881649e-01	-5.238412827432e-01	-6.346240781166e-01
-6.014646160865e-01	-3.697055569895e-01	-7.082076790935e-01
-4.446446964963e-01	-1.124598956164e-02	-8.956364338260e-01
-1.109142592353e-01	1.638237120397e-01	-9.802345731874e-01
1.092246686306e-01	1.565027401311e-01	-9.816195108564e-01
4.499104946195e-01	-1.655695390070e-02	-8.929201611056e-01
5.756408458313e-01	-3.300727262946e-01	-7.481240618822e-01
5.200816837965e-01	-5.755600155384e-01	-6.310671205924e-01
6.292833392095e-01	-3.859298355503e-01	-6.745818267827e-01
8.011016791337e-01	-1.878588452202e-03	-5.985253299524e-01
8.088862061353e-01	4.828429226804e-01	-3.355082972766e-01
4.615055178756e-01	8.835018575748e-01	-8.023169344033e-02
7.251888576215e-02	9.968664883155e-01	-3.159455144865e-02
-2.194162507682e-02	9.993259568036e-01	-2.943122742345e-02
-3.966425639402e-01	9.159729464992e-01	-6.056597850737e-02
-8.032083971141e-01	5.059986627691e-01	-3.143590687116e-01
-7.960265973314e-01	-5.311205225035e-03	-6.052383393673e-01
-6.568680506276e-01	-3.221410255270e-01	-6.817254020037e-01
-5.554081032267e-01	-5.005860444408e-01	-6.640297063996e-01
-5.753138539670e-01	-3.671301348122e-01	-7.309100037257e-01
-4.217350222145e-01	-3.107865129841e-02	-9.061863431277e-01
-1.013799126973e-01	1.364207306961e-01	-9.854498960058e-01
1.037826568818e-01	1.268504830618e-01	-9.864776302976e-01
4.318319193724e-01	-3.974753438650e-02	-9.010778695104e-01
5.494952345549e-01	-3.362636476442e-01	-7.648409942429e-01
4.952496670722e-01	-5.769126309921e-01	-6.495379769241e-01
6.096344115963e-01	-3.781682642943e-01	-6.966596357463e-01
7.825108312957e-01	4.860570229994e-03	-6.226179998699e-01
7.930688048642e-01	4.897822443895e-01	-3.621535914941e-01
4.490067560421e-01	8.869417984252e-01	-1.082921014422e-01
6.729865327925e-02	9.957988937275e-01	-6.209230643039e-02
-2.545256119136e-02	9.978683126679e-01	-6.009157763065e-02
-3.918194750865e-01	9.156361351393e-01	-8.993312498788e-02
-7.881985513390e-01	5.112556550942e-01	-3.425794780796e-01
-7.760630268393e-01	-8.281205390226e-04	-6.306548125476e-01
-6.348205273003e-01	-3.189167946405e-01	-7.037719632199e-01
-5.295389316183e-01	-5.045235824286e-01	-6.819416944827e-01
-5.503175816900e-01	-3.817837030381e-01	-7.425575825331e-01
-4.053541386817e-01	-5.627200116808e-02	-9.124261527040e-01
-1.000671168984e-01	1.056553243027e-01	-9.893551053904e-01
9.495428104679e-02	9.963255277640e-02	-9.904832350616e-01
4.109455952756e-01	-6.205098492179e-02	-9.095457069295e-01
5.229386703318e-01	-3.409771150039e-01	-7.811976408792e-01
4.713566750512e-01	-5.752289692431e-01	-6.685316131853e-01
5.909020853339e-01	-3.671762691388e-01	-7.183427544907e-01
7.639541313440e-01	1.479605461650e-02	-6.451008928611e-01
7.757251084540e-01	4.996297681548e-01	-3.855134898906e-01
4.350745619669e-01	8.900605759806e-01	-1.360231473478e-01
5.463565767890e-02	9.942528630369e-01	-9.206622210618e-02
-3.637506607236e-02	9.951875191240e-01	-9.098712188000e-02
-3.984261741370e-01	9.089489793371e-01	-1.227531536239e-01
-7.755650082975e-01	5.044784384924e-01	-3.794738765724e-01
-7.512169490839e-01	-1.042512023876e-02	-6.599730390532e-01
-6.045870017296e-01	-3.286506762031e-01	-7.255779009664e-01
-4.981386234579e-01	-5.180570090945e-01	-6.953235557260e-01
-5.246635164295e-01	-3.992352448065e-01	-7.518905597440e-01
-3.892316757514e-01	-8.205249264375e-02	-9.174781147486e-01
-9.840678933306e-02	7.488294898177e-02	-9.923248700728e-01
8.826750576628e-02	7.083490983735e-02	-9.935749911175e-01
3.922319411254e-01	-8.586805617704e-02	-9.158497591250e-01
4.960702048782e-01	-3.525992966912e-01	-7.934658705987e-01
4.402138991872e-01	-5.831607223319e-01	-6.827410159730e-01
5.651973965321e-01	-3.665080934289e-01	-7.390694963293e-01
7.418145064869e-01	1.465211515013e-02	-6.704450413622e-01
7.595805617655e-01	5.012559753806e-01	-4.144632882817e-01
4.286996607497e-01	8.881487724871e-01	-1.655547003344e-01
5.672661437831e-02	9.908578493141e-01	-1.224043041473e-01
-3.376664207178e-02	9.920636713777e-01	-1.211176527838e-01
-3.965736831182e-01	9.048663294954e-01	-1.547457256393e-01
-7.590482689165e-01	5.085043242577e-01	-4.065329970200e-01
-7.295515537355e-01	-6.699386638122e-03	-6.838930096592e-01
-5.817922656486e-01	-3.235451194473e-01	-7.462146576644e-01
-4.719565227906e-01	-5.183659865216e-01	-7.131295426589e-01
-4.981330827011e-01	-4.099120463233e-01	-7.640913205879e-01
-3.680855013245e-01	-1.035466504734e-01	-9.240082006619e-01
-9.376013527870e-02	4.478673195961e-02	-9.945869422393e-01
8.233818819841e-02	4.064197519678e-02	-9.957754026970e-01
3.711155118713e-01	-1.067243288548e-01	-9.224333008294e-01
4.694189790252e-01	-3.525686105649e-01	-8.095314675634e-01
4.248990850550e-01	-5.660858416569e-01	-7.064046909492e-01
5.556798764198e-01	-3.372262828884e-01	-7.599330951283e-01
7.279394282442e-01	4.612203240387e-02	-6.840884057887e-01
7.364404591520e-01	5.272618467478e-01	-4.238518551192e-01
4.083062949707e-01	8.927083875019e-01	-1.906769633990e-01
4.648975138161e-02	9.872170117950e-01	-1.524508925492e-01
-4.103475865658e-02	9.875353344188e-01	-1.519543084493e-01
-3.899582721188e-01	9.020548213337e-01	-1.850125544787e-01
-7.384693279716e-01	5.244646414386e-01	-4.237922740280e-01
-7.126096784783e-01	1.286633798917e-02	-7.014427300114e-01
-5.657032946773e-01	-3.053121260318e-01	-7.660054099608e-01
-4.508766443763e-01	-5.089400496355e-01	-7.332736715804e-01
-4.719272871228e-01	-4.203060804523e-01	-7.750015705815e-01
-3.499484211067e-01	-1.265454716398e-01	-9.281822806822e-01
-9.298377456681e-02	1.307716889185e-02	-9.955817421594e-01
7.373798698151e-02	1.134925480197e-02	-9.972130683517e-01
3.480666116680e-01	-1.273332016196e-01	-9.287819386741e-01
4.424565695733e-01	-3.571858709423e-01	-8.225876473912e-01
4.044058729457e-01	-5.544270655305e-01	-7.273695889534e-01
5.409676183384e-01	-3.147854023651e-01	-7.799129351198e-01
7.104374483318e-01	6.808633989473e-02	-7.004590511426e-01
7.147120694831e-01	5.452643012610e-01	-4.380336739401e-01
3.922897645992e-01	8.937255893301e-01	-2.176311364839e-01
4.004645230005e-02	9.824113852713e-01	-1.823846258529e-01
-4.846756126774e-02	9.819530880027e-01	-1.828087209809e-01
-3.858329129871e-01	8.970057447092e-01	-2.156702511117e-01
-7.188535370407e-01	5.333716294760e-01	-4.458298971067e-01
-6.922901659681e-01	2.448634440021e-02	-7.212036779176e-01
-5.441798806238e-01	-2.957211254418e-01	-7.851224576406e-01
-4.247670737207e-01	-5.070327484368e-01	-7.499938167048e-01
-4.450275191413e-01	-4.353017959405e-01	-7.826000598377e-01
-3.351725796651e-01	-1.524368326784e-01	-9.297431655482e-01
-9.625387698833e-02	-2.021182832004e-02	-9.951515830067e-01
6.308453443858e-02	-1.688938889752e-02	-9.978652664851e-01
3.238225192876e-01	-1.471794957155e-01	-9.346000064429e-01
4.146301986748e-01	-3.611379587276e-01	-8.352611406698e-01
3.809512637038e-01	-5.471005865273e-01	-7.453570170757e-01
5.223454240597e-01	-2.982243165850e-01	-7.988851700722e-01
6.908094473766e-01	8.418673049644e-02	-7.181190025501e-01
6.934096353148e-01	5.581317563759e-01	-4.557104565152e-01
3.801142681992e-01	8.915155653353e-01	-2.464003650083e-01
3.175185404135e-02	9.767444042688e-01	-2.120428930534e-01
-5.526357901048e-02	9.754444676322e-01	-2.131995014084e-01
-3.852294195930e-01	8.891132244199e-01	-2.471355264664e-01
-6.982134958148e-01	5.436280804273e-01	-4.657965483266e-01
-6.723366820608e-01	3.960181074899e-02	-7.391854182415e-01
-5.236414779267e-01	-2.817758815194e-01	-8.039912656172e-01
-3.998906979107e-01	-5.017181624833e-01	-7.670503993603e-01
-4.175383942762e-01	-4.496244460691e-01	-7.896198748780e-01
-3.212482850861e-01	-1.799102014232e-01	-9.297482770907e-01
-1.014406561260e-01	-5.364805774512e-02	-9.933940201073e-01
5.494866808895e-02	-4.664300047321e-02	-9.973991549937e-01
3.008241431655e-01	-1.671107595703e-01	-9.389242935001e-01
3.881954366927e-01	-3.740775925141e-01	-8.422412111206e-01
3.524107453661e-01	-5.480792376604e-01	-7.585616756705e-01
4.999549360070e-01	-2.892439797382e-01	-8.163228418631e-01
6.687838046687e-01	9.280873217948e-02	-7.376413504164e-01
6.730530184590e-01	5.638792223489e-01	-4.785810871174e-01
4.385324464808e-01	8.487220046723e-01	-2.955676778145e-01
9.024078150555e-02	9.648475358997e-01	-2.468315899992e-01

Hair-18
1.035531737455e-02	9.995048274663e-01	2.971308253296e-02
-4.445238806798e-01	8.947901175924e-01	-4.182301955122e-02
-8.229041497921e-01	4.819951436653e-01	-3.008478714202e-01
-8.086562667774e-01	-3.186729478767e-02	-5.874176688904e-01
-6.671735919816e-01	-3.466282554958e-01	-6.593392530817e-01
-5.678403266807e-01	-5.225442082763e-01	-6.360070076596e-01
-6.021893172122e-01	-3.684384104418e-01	-7.082521895106e-01
-4.359797063649e-01	-4.993733053193e-03	-8.999426416545e-01
-8.939984835520e-02	1.686339914361e-01	-9.816161388478e-01
1.360879229384e-01	1.535204285032e-01	-9.787295618620e-01
4.706658944908e-01	-3.713162016577e-02	-8.815298398506e-01
5.761218585246e-01	-3.532332951866e-01	-7.370955455718e-01
5.104098656432e-01	-5.956509599279e-01	-6.202271382253e-01
6.160812146409e-01	-4.074366535558e-01	-6.741211391922e-01
7.950379271357e-01	-2.300793570652e-02	-6.061231964793e-01
8.140781275266e-01	4.633487989289e-01	-3.501209688293e-01
4.661805511727e-01	8.808995721161e-01	-8.180243000128e-02
6.152965816526e-02	9.976182421090e-01	-3.117601926819e-02
-1.386135482115e-02	9.994947179893e-01	-2.860369825784e-02
-3.939844470547e-01	9.172886130220e-01	-5.794700940769e-02
-8.029581743888e-01	5.031034386545e-01	-3.196014708919e-01
-7.956751590493e-01	-8.853873271918e-03	-6.056588562879e-01
-6.547799995358e-01	-3.256518484713e-01	-6.820659981227e-01
-5.525602540134e-01	-5.047241492869e-01	-6.632727182775e-01
-5.757778515707e-01	-3.728367915398e-01	-7.276486738220e-01
-4.269683896749e-01	-3.486680251123e-02	-9.035941015196e-01
-1.043686842664e-01	1.352054118761e-01	-9.853053711129e-01
1.110291828988e-01	1.289970169763e-01	-9.854097067495e-01
4.375642145324e-01	-4.747125519000e-02	-8.979332035799e-01
5.502530656225e-01	-3.432314477648e-01	-7.611923127819e-01
4.952658105729e-01	-5.790049067098e-01	-6.476612501019e-01
6.077430553148e-01	-3.798934714681e-01	-6.973731634158e-01
7.822189661386e-01	3.726336756269e-03	-6.229924585638e-01
7.936781663837e-01	4.877169416127e-01	-3.636030157600e-01
4.489861984609e-01	8.869364402934e-01	-1.084211440232e-01
4.826868997807e-02	9.969781643516e-01	-6.086602807747e-02
-2.565392319885e-02	9.979035977520e-01	-5.941620837828e-02
-4.000498194449e-01	9.118957027386e-01	-9.168625463437e-02
-7.886724507520e-01	5.075528659262e-01	-3.469666464012e-01
-7.752469553044e-01	-4.547714747210e-03	-6.316418895085e-01
-6.323572709050e-01	-3.226768789299e-01	-7.042754530279e-01
-5.269701115502e-01	-5.088257045094e-01	-6.807340919650e-01
-5.509338076761e-01	-3.880863425299e-01	-7.388240184924e-01
-4.099659949192e-01	-6.044558683596e-02	-9.100957169671e-01
-1.043746044907e-01	1.047153455679e-01	-9.890099283324e-01
1.013607090832e-01	9.918783200356e-02	-9.898928127007e-01
4.160126702900e-01	-6.709488417348e-02	-9.068802206885e-01
5.238063490867e-01	-3.484916137376e-01	-7.772904886920e-01
4.700578031559e-01	-5.790339611335e-01	-6.661571387790e-01
5.881695721021e-01	-3.706301181351e-01	-7.188114286685e-01
7.631296822421e-01	1.199032460239e-02	-6.461341348335e-01
7.767142811464e-01	4.962611158369e-01	-3.878657375581e-01
4.377463393387e-01	8.885931466383e-01	-1.370414614011e-01
3.952648244410e-02	9.950814051982e-01	-9.083311188338e-02
-3.720183126352e-02	9.951873676723e-01	-9.065388560917e-02
-4.037272920097e-01	9.064787091238e-01	-1.236956894635e-01
-7.763958819580e-01	5.005737938364e-01	-3.829299040332e-01
-7.499760337892e-01	-1.370030305290e-02	-6.613231059309e-01
-6.023412558996e-01	-3.319921040436e-01	-7.259244136230e-01
-4.959110047159e-01	-5.225832320911e-01	-6.935265250435e-01
-5.253890364802e-01	-4.061026606348e-01	-7.476944492048e-01
-3.913263908016e-01	-8.490845618534e-02	-9.163264756245e-01
-9.994185234667e-02	7.490772837583e-02	-9.921695713834e-01
9.556135558342e-02	6.947909210432e-02	-9.929958122165e-01
3.980352705809e-01	-9.141431087169e-02	-9.128041121410e-01
4.969019284078e-01	-3.620738900500e-01	-7.886640423454e-01
4.378739731355e-01	-5.894124287222e-01	-6.788662405204e-01
5.610173356528e-01	-3.727080197440e-01	-7.391537601308e-01
7.399208938882e-01	9.129917576121e-03	-6.726319315887e-01
7.617031359006e-01	4.947700517298e-01	-4.183430753227e-01
4.344063399067e-01	8.848830171017e-01	-1.681462990786e-01
5.070139559903e-02	9.911962142685e-01	-1.223087621724e-01
-2.932775232476e-02	9.923583773931e-01	-1.198529672615e-01
-4.001070820931e-01	9.033057950557e-01	-1.547674496714e-01
-7.608040615392e-01	5.015737075794e-01	-4.118264146585e-01
-7.271571343235e-01	-1.339169636772e-02	-6.863404144234e-01
-5.769632307578e-01	-3.308154200481e-01	-7.467761299157e-01
-4.683942427709e-01	-5.258667539118e-01	-7.099795704591e-01
-4.988413258243e-01	-4.185832017581e-01	-7.589106896439e-01
-3.764598805636e-01	-1.110313798691e-01	-9.197553973804e-01
-1.043817987887e-01	4.207181164716e-02	-9.936470212034e-01
8.134058245808e-02	4.202557668827e-02	-9.957999601071e-01
3.702771629201e-01	-1.079433915035e-01	-9.226283362495e-01
4.701583753830e-01	-3.577612249837e-01	-8.068196873871e-01
4.245573246553e-01	-5.679113494245e-01	-7.051437990059e-01
5.547954769673e-01	-3.373994372972e-01	-7.605022014749e-01
7.278388867382e-01	4.655974239759e-02	-6.841657294395e-01
7.367642384843e-01	5.262312266526e-01	-4.245693735850e-01
4.151498839614e-01	8.889435903190e-01	-1.934680001386e-01
4.005292887865e-02	9.876163349141e-01	-1.516896103864e-01
-3.125917337303e-02	9.881595175092e-01	-1.502119570339e-01
-3.936719304208e-01	9.003224380247e-01	-1.855853409835e-01
-7.396324647949e-01	5.197177972664e-01	-4.275947008863e-01
-7.111070816305e-01	8.520480803371e-03	-7.030320902077e-01
-5.621879575489e-01	-3.101065675831e-01	-7.666672140694e-01
-4.481724860208e-01	-5.144950859486e-01	-7.310514546245e-01
-4.725744689047e-01	-4.276639917650e-01	-7.705691931858e-01
-3.562269308455e-01	-1.323031426383e-01	-9.249855416105e-01
-9.988259510256e-02	1.172914550549e-02	-9.949300952033e-01
7.795557958807e-02	1.186788774118e-02	-9.968861925273e-01
3.511273318336e-01	-1.314254685527e-01	-9.270582198843e-01
4.433226948424e-01	-3.648281966066e-01	-8.187584351923e-01
4.019044774167e-01	-5.594925157970e-01	-7.248730342615e-01
5.380077624095e-01	-3.187925989314e-01	-7.803325742616e-01
7.096117731249e-01	6.461024503280e-02	-7.016242923954e-01
7.153872433243e-01	5.416312216751e-01	-4.414257715580e-01
4.014590221037e-01	8.887473837015e-01	-2.212662232139e-01
3.029514980357e-02	9.830392435719e-01	-1.808757847142e-01
-3.890172120272e-02	9.826062853876e-01	-1.815806818034e-01
-3.880919803331e-01	8.960451028914e-01	-2.156102696660e-01
-7.201445883889e-01	5.285094022294e-01	-4.495215051245e-01
-6.907685254811e-01	2.033312872950e-02	-7.227900165890e-01
-5.407941515841e-01	-2.998182884694e-01	-7.859075515044e-01
-4.230315676197e-01	-5.114084899525e-01	-7.480011024067e-01
-4.456635821850e-01	-4.422983680926e-01	-7.783033631539e-01
-3.414964706347e-01	-1.596242910127e-01	-9.262290463286e-01
-1.040186276523e-01	-2.039035270562e-02	-9.943663100779e-01
6.352754469329e-02	-1.634508719711e-02	-9.978462252220e-01
3.247126834210e-01	-1.489404816997e-01	-9.340119946428e-01
4.151920410830e-01	-3.650575042323e-01	-8.332758172568e-01
3.802522358367e-01	-5.474418836848e-01	-7.454633600177e-01
5.223300686870e-01	-2.966839087835e-01	-7.994685469825e-01
6.913890622153e-01	8.539926084419e-02	-7.174176823137e-01
6.919827876212e-01	5.601933251204e-01	-4.553496020932e-01
3.756058485688e-01	8.939703289693e-01	-2.444121466774e-01
1.071113548693e-02	9.777345697334e-01	-2.095719034720e-01
-5.873635811577e-02	9.751460074066e-01	-2.136359156938e-01
-3.943952319565e-01	8.844349692927e-01	-2.494537754821e-01
-7.043642138332e-01	5.205742760966e-01	-4.825696606062e-01
-6.634908323861e-01	1.419878133617e-02	-7.480496707761e-01
-5.088961605538e-01	-3.067896250415e-01	-8.043039374145e-01
-3.892055343325e-01	-5.243379204259e-01	-7.573564532295e-01
-4.170761730268e-01	-4.723415610279e-01	-7.764927015877e-01
-3.362275038418e-01	-1.967384980181e-01	-9.210021873253e-01
-1.214597224087e-01	-5.700364951407e-02	-9.909581826568e-01
4.060186838763e-02	-4.321898216959e-02	-9.982402555816e-01
2.970461978829e-01	-1.652796450458e-01	-9.404499961491e-01
3.901228595870e-01	-3.789000846029e-01	-8.391894186151e-01
3.511261137105e-01	-5.496371979114e-01	-7.580299485790e-01
5.020360105404e-01	-2.845768600972e-01	-8.166858972812e-01
6.696516870406e-01	9.702227768046e-02	-7.363105972872e-01
6.726985532166e-01	5.667551844494e-01	-4.756734356678e-01
4.234573104138e-01	8.574519687224e-01	-2.923354709768e-01
2.777464639454e-02	9.730893072462e-01	-2.287482658747e-01

Hair-19
-1.006124632547e-01	9.949116940808e-01	-5.277614906818e-03
-5.169003193408e-01	8.539653930507e-01	-5.964199306765e-02
-8.250050995679e-01	4.771678501764e-01	-3.027828073802e-01
-8.055991464038e-01	-4.105813638409e-02	-5.910365849506e-01
-6.627427883189e-01	-3.548653908746e-01	-6.594259252492e-01
-5.670504087602e-01	-5.249765434456e-01	-6.347073835688e-01
-6.008302582520e-01	-3.672614796448e-01	-7.100154972519e-01
-4.407178124618e-01	-1.064462542235e-02	-8.975825876924e-01
-1.152255059502e-01	1.624697018351e-01	-9.799625904922e-01
9.944263806706e-02	1.599255222105e-01	-9.821074223729e-01
4.365770443994e-01	-8.081538953138e-03	-8.996305758653e-01
5.735594537293e-01	-3.125001398518e-01	-7.572141147855e-01
5.304986952418e-01	-5.582935567155e-01	-6.378710205651e-01
6.388132961357e-01	-3.681402342027e-01	-6.755666811215e-01
8.055126461826e-01	1.522132517533e-02	-5.923830585861e-01
8.057904970766e-01	4.954761794788e-01	-3.243532493905e-01
4.590562962447e-01	8.848222762664e-01	-7.972989590374e-02
5.666540263122e-02	9.979186282966e-01	-3.078056924836e-02
-3.188301049970e-02	9.990453194694e-01	-2.986508476086e-02
-4.164012545920e-01	9.067564141975e-01	-6.635360190597e-02
-8.039061733433e-01	5.040256055533e-01	-3.157420678451e-01
-7.959879325180e-01	-5.652529801130e-03	-6.052860978021e-01
-6.573054585206e-01	-3.210415139328e-01	-6.818224699515e-01
-5.571923176845e-01	-4.971211906380e-01	-6.651370106467e-01
-5.744234294462e-01	-3.599261737904e-01	-7.351808438227e-01
-4.145629207264e-01	-2.761262241636e-02	-9.096016313981e-01
-1.027052468187e-01	1.358265361095e-01	-9.853947353038e-01
9.356263299244e-02	1.301730803539e-01	-9.870668684839e-01
4.168219915126e-01	-3.034438377197e-02	-9.084815054612e-01
5.478240430000e-01	-3.183725432050e-01	-7.736457468663e-01
5.046621210194e-01	-5.609529711031e-01	-6.562376915561e-01
6.183491836361e-01	-3.616967364686e-01	-6.977247006696e-01
7.868088962992e-01	2.082088738166e-02	-6.168454031223e-01
7.903398013928e-01	5.007480037052e-01	-3.530076983858e-01
4.525093969874e-01	8.849875381487e-01	-1.096918545724e-01
5.676271799112e-02	9.964965269867e-01	-6.142202821293e-02
-2.855444452845e-02	9.978098329879e-01	-5.966725140634e-02
-4.084828457138e-01	9.077090620582e-01	-9.594802454989e-02
-7.889010506094e-01	5.096624318445e-01	-3.433356053685e-01
-7.761622210261e-01	-3.142781976713e-04	-6.305331933222e-01
-6.356999853166e-01	-3.173809528483e-01	-7.036724091774e-01
-5.318659886361e-01	-4.998911865267e-01	-6.835403219746e-01
-5.494597121849e-01	-3.733189653334e-01	-7.474804176753e-01
-3.989053360512e-01	-5.179787381534e-02	-9.155279969166e-01
-1.001277222150e-01	1.047603547613e-01	-9.894441405730e-01
8.912903126775e-02	1.009984359225e-01	-9.908861345919e-01
4.007321156313e-01	-5.536246331627e-02	-9.145210599856e-01
5.215958004813e-01	-3.247054838891e-01	-7.889893343085e-01
4.802845430856e-01	-5.609385293260e-01	-6.742957244345e-01
5.987564347941e-01	-3.522260822048e-01	-7.193243488214e-01
7.680052686332e-01	2.975060154640e-02	-6.397521465843e-01
7.733268791392e-01	5.094621774772e-01	-3.773775665312e-01
4.405892836771e-01	8.870133051523e-01	-1.381610639495e-01
5.079801905101e-02	9.944810971397e-01	-9.179819547364e-02
-3.603272126157e-02	9.952349153321e-01	-9.060411857313e-02
-4.085432728087e-01	9.038487713731e-01	-1.270818347760e-01
-7.749443695999e-01	5.072489156169e-01	-3.770407957115e-01
-7.528304695093e-01	-5.001006795044e-03	-6.581954680104e-01
-6.075943039289e-01	-3.235859755891e-01	-7.253421801020e-01
-5.018171536881e-01	-5.113143517396e-01	-6.976655201237e-01
-5.243562277802e-01	-3.899459396519e-01	-7.569628197852e-01
-3.838321015165e-01	-7.790073367977e-02	-9.201110767389e-01
-9.752126756836e-02	7.486780052429e-02	-9.924134293814e-01
8.897934907946e-02	6.972440163971e-02	-9.935900478836e-01
3.892357888057e-01	-8.324004156026e-02	-9.173693891742e-01
4.952895202994e-01	-3.415873908934e-01	-7.987529940252e-01
4.442549896752e-01	-5.770960083434e-01	-6.852719907473e-01
5.689050522687e-01	-3.597587608581e-01	-7.395408545097e-01
7.441234850634e-01	2.207412667890e-02	-6.676772962356e-01
7.584262593462e-01	5.049208138483e-01	-4.121220460941e-01
4.399213145565e-01	8.818487826154e-01	-1.697408660240e-01
5.742745367230e-02	9.908176729259e-01	-1.224027229374e-01
-3.290033430090e-02	9.920973786148e-01	-1.210799708811e-01
-4.003096102676e-01	9.029049535991e-01	-1.565722219730e-01
-7.573684238015e-01	5.149528558792e-01	-4.015179035239e-01
-7.325360096831e-01	1.939481860022e-03	-6.807255195214e-01
-5.862905129856e-01	-3.147388866960e-01	-7.464602250518e-01
-4.773692756163e-01	-5.096484629790e-01	-7.158051542708e-01
-4.982959195899e-01	-3.974584948386e-01	-7.705374237509e-01
-3.668893550767e-01	-1.031212389164e-01	-9.245313468000e-01
-9.751491826890e-02	4.379593031468e-02	-9.942699619333e-01
7.765658189041e-02	4.069282745690e-02	-9.961493608303e-01
3.632846994098e-01	-1.006655691476e-01	-9.262238770205e-01
4.685386400045e-01	-3.415378548261e-01	-8.147536048055e-01
4.290553682285e-01	-5.587333611997e-01	-7.097383476160e-01
5.594420255691e-01	-3.307502546930e-01	-7.600190057148e-01
7.298221611903e-01	5.354793122049e-02	-6.815366696646e-01
7.358042654566e-01	5.297074759180e-01	-4.219029188007e-01
4.221205497125e-01	8.850071388047e-01	-1.964092812858e-01
4.618183243204e-02	9.872588928350e-01	-1.522731653034e-01
-3.658531392643e-02	9.877571208534e-01	-1.516488872638e-01
-3.932348821694e-01	9.003405167159e-01	-1.864223200289e-01
-7.358859131536e-01	5.346875855649e-01	-4.154288250288e-01
-7.172461457685e-01	2.713305803628e-02	-6.962914357809e-01
-5.727047871994e-01	-2.909731739824e-01	-7.663836106947e-01
-4.585462712652e-01	-4.943765378383e-01	-7.384626977335e-01
-4.713173193676e-01	-4.051416072871e-01	-7.834030013402e-01
-3.436687863112e-01	-1.223642811005e-01	-9.310847158160e-01
-9.110832497031e-02	1.347616246959e-02	-9.957498009873e-01
7.204597102946e-02	1.083574321156e-02	-9.973424510806e-01
3.411386026207e-01	-1.226483432671e-01	-9.319773804636e-01
4.413533177146e-01	-3.475753587489e-01	-8.272838804986e-01
4.074646419610e-01	-5.487713935220e-01	-7.299469317721e-01
5.434016858981e-01	-3.102450975719e-01	-7.800401189655e-01
7.117944961213e-01	7.360710946202e-02	-6.985202851229e-01
7.147775285590e-01	5.449528104358e-01	-4.383144066367e-01
4.111759519503e-01	8.833388940543e-01	-2.250482943473e-01
4.302047839145e-02	9.823208300951e-01	-1.821950196912e-01
-3.830972486935e-02	9.825384888108e-01	-1.820727409189e-01
-3.869153837396e-01	8.963634516640e-01	-2.164002041277e-01
-7.157516034710e-01	5.459210742955e-01	-4.355109904109e-01
-6.975206692638e-01	4.135504985762e-02	-7.153703067650e-01
-5.528505079861e-01	-2.787548193683e-01	-7.852719697649e-01
-4.336455777215e-01	-4.894809372630e-01	-7.565447276789e-01
-4.441519636979e-01	-4.164768291815e-01	-7.932692379629e-01
-3.257065882072e-01	-1.454487303809e-01	-9.342161876295e-01
-8.983542308921e-02	-1.864841073589e-02	-9.957820210947e-01
6.436230344234e-02	-1.775229274523e-02	-9.977686856170e-01
3.184423881353e-01	-1.444103730202e-01	-9.368778413448e-01
4.136147081427e-01	-3.530181428631e-01	-8.392264676579e-01
3.831848960378e-01	-5.432625017249e-01	-7.470175296927e-01
5.239753780726e-01	-2.950453038769e-01	-7.989981676036e-01
6.918301982866e-01	8.862183049732e-02	-7.166011079381e-01
6.938014390721e-01	5.567016137286e-01	-4.568619883657e-01
4.015668387678e-01	8.798809198704e-01	-2.540740853572e-01
4.012783636150e-02	9.763906822202e-01	-2.122521906190e-01
-4.197359659296e-02	9.763186426228e-01	-2.122265894186e-01
-3.828054927806e-01	8.902815808671e-01	-2.466954832699e-01
-6.953454004889e-01	5.556606420407e-01	-4.557806763190e-01
-6.764961049814e-01	5.411479772158e-02	-7.344553142381e-01
-5.314296797929e-01	-2.677232283293e-01	-8.036832513174e-01
-4.078100315607e-01	-4.867048997538e-01	-7.725343479187e-01
-4.169708900889e-01	-4.308440534077e-01	-8.003178608913e-01
-3.128837848513e-01	-1.734059771714e-01	-9.338276630398e-01
-9.474085197655e-02	-5.147072753403e-02	-9.941704759114e-01
5.935222109908e-02	-4.828606905225e-02	-9.970685881052e-01
2.984958774000e-01	-1.673924975365e-01	-9.396169235086e-01
3.878270855517e-01	-3.774146635730e-01	-8.409211160582e-01
3.489156348329e-01	-5.542122084028e-01	-7.557160232697e-01
4.950977365429e-01	-2.968166295040e-01	-8.165648288531e-01
6.665002757756e-01	8.492135518437e-02	-7.406522435156e-01
6.753968439179e-01	5.553695170701e-01	-4.851842977004e-01
4.629683465391e-01	8.324260281368e-01	-3.045114411368e-01
1.168788929772e-01	9.612782452939e-01	-2.495665432327e-01

Hair-20
-7.668569027967e-02	9.970552178931e-01	-4.442729503050e-04
-4.674585712639e-01	8.826652262130e-01	-4.883218801372e-02
-8.275130121074e-01	4.651941001635e-01	-3.143511793616e-01
-8.020873799970e-01	-5.179280637245e-02	-5.949565866999e-01
-6.553443765197e-01	-3.680231277845e-01	-6.596080090325e-01
-5.604889393596e-01	-5.384710720978e-01	-6.292066857316e-01
-6.030185738038e-01	-3.815495720779e-01	-7.005630048003e-01
-4.475015922749e-01	-1.632112725411e-02	-8.941341877574e-01
-1.074780770282e-01	1.660538885191e-01	-9.802420971709e-01
1.121373581663e-01	1.604479526840e-01	-9.806536939119e-01
4.539452312399e-01	-2.337309426702e-02	-8.907229791012e-01
5.750040063423e-01	-3.308507095996e-01	-7.482701388187e-01
5.188262564888e-01	-5.796793515076e-01	-6.283240923389e-01
6.265931832610e-01	-3.893959695216e-01	-6.750938909598e-01
8.000232328237e-01	-6.321034015045e-03	-5.999357227831e-01
8.099083073706e-01	4.788217528923e-01	-3.387894074631e-01
4.598947421677e-01	8.843573914135e-01	-8.005517084354e-02
7.104997243279e-02	9.969837917539e-01	-3.122851897429e-02
-2.617281841407e-02	9.992027809426e-01	-3.014607989125e-02
-4.003351379507e-01	9.144122247142e-01	-5.985031842142e-02
-8.029920106583e-01	5.037279117856e-01	-3.185310372743e-01
-7.955692373466e-01	-9.597940630094e-03	-6.057866523154e-01
-6.547524522977e-01	-3.258075656180e-01	-6.820180762973e-01
-5.535232914820e-01	-5.038871999021e-01	-6.631060666001e-01
-5.751148126584e-01	-3.682300917339e-01	-7.305132112443e-01
-4.219731987189e-01	-3.268668313113e-02	-9.060188741460e-01
-1.012532287167e-01	1.364571789940e-01	-9.854578742775e-01
1.010434264864e-01	1.325423775735e-01	-9.860135618292e-01
4.288498219708e-01	-4.160367694152e-02	-9.024172894291e-01
5.488875655098e-01	-3.285198689531e-01	-7.686332910639e-01
4.992748105942e-01	-5.712811061664e-01	-6.514311638565e-01
6.125076320061e-01	-3.718213449155e-01	-6.975552223297e-01
7.841620100261e-01	1.040046541314e-02	-6.204689938675e-01
7.917446171143e-01	4.948084623720e-01	-3.581969386185e-01
4.488754323354e-01	8.869457418033e-01	-1.088030208347e-01
6.354212297240e-02	9.960808135696e-01	-6.152569744930e-02
-2.985766936058e-02	9.977251322956e-01	-6.044071447292e-02
-4.023698228410e-01	9.108095534076e-01	-9.232812728716e-02
-7.881088332714e-01	5.100432222580e-01	-3.445872579599e-01
-7.761201159185e-01	-2.436212722489e-03	-6.305803918092e-01
-6.337673461594e-01	-3.196249560145e-01	-7.043996297804e-01
-5.296322291212e-01	-5.038367140937e-01	-6.823769247325e-01
-5.498200850147e-01	-3.777223705548e-01	-7.449991173799e-01
-4.029587799065e-01	-5.600386504503e-02	-9.135030316295e-01
-9.896764433129e-02	1.062948522625e-01	-9.893971951436e-01
9.348941484591e-02	1.025705219105e-01	-9.903226834455e-01
4.073194722273e-01	-6.198331053881e-02	-9.111799584929e-01
5.224916767491e-01	-3.329960834266e-01	-7.849306059458e-01
4.765368166255e-01	-5.678991320504e-01	-6.711208819704e-01
5.947212638128e-01	-3.587833212044e-01	-7.194311272071e-01
7.663125969406e-01	2.288329950837e-02	-6.420602451279e-01
7.740375701755e-01	5.061610331490e-01	-3.803509543543e-01
4.370880150382e-01	8.889221140393e-01	-1.370092780869e-01
5.425732153601e-02	9.942940896990e-01	-9.184446771225e-02
-3.852038617819e-02	9.950843403637e-01	-9.123231561082e-02
-4.047785971629e-01	9.059275152020e-01	-1.242965183696e-01
-7.754380749629e-01	5.042938447283e-01	-3.799783021003e-01
-7.513665899858e-01	-1.006295568364e-02	-6.598082936550e-01
-6.045125237670e-01	-3.278306044960e-01	-7.260108149088e-01
-4.990568129927e-01	-5.161589600928e-01	-6.960763071111e-01
-5.247221064392e-01	-3.936189556280e-01	-7.548051594845e-01
-3.842546982402e-01	-7.969317271512e-02	-9.197811289122e-01
-9.484590520204e-02	7.617879666317e-02	-9.925729420075e-01
9.071333620786e-02	7.178753732131e-02	-9.932862830621e-01
3.905932519246e-01	-8.699042923154e-02	-9.164439845256e-01
4.962011304735e-01	-3.469831429421e-01	-7.958562286185e-01
4.418940348403e-01	-5.826160985163e-01	-6.821203293571e-01
5.652662325066e-01	-3.655905405360e-01	-7.394711915000e-01
7.418658394850e-01	1.596280290791e-02	-6.703583110013e-01
7.600507027482e-01	5.005633597484e-01	-4.144384780995e-01
4.348546239667e-01	8.846011226215e-01	-1.684705014876e-01
5.526555084735e-02	9.909649998089e-01	-1.222051064535e-01
-3.784458526182e-02	9.918567703409e-01	-1.216056515762e-01
-4.027525096679e-01	9.018893975906e-01	-1.561599515559e-01
-7.598567797675e-01	5.054975051245e-01	-4.087663716040e-01
-7.283367396446e-01	-9.859833262882e-03	-6.851484345541e-01
-5.795796395354e-01	-3.260747519502e-01	-7.468351207439e-01
-4.710809859532e-01	-5.211269316795e-01	-7.116947560237e-01
-4.987351505100e-01	-4.095355696552e-01	-7.639004299207e-01
-3.680092705221e-01	-1.049271665550e-01	-9.238828207779e-01
-9.632641386207e-02	4.453458234173e-02	-9.943530021919e-01
7.786111617669e-02	4.356358930080e-02	-9.960119779777e-01
3.647385978645e-01	-1.050280390702e-01	-9.251674801012e-01
4.689129808505e-01	-3.457635327345e-01	-8.127534655852e-01
4.265255238711e-01	-5.640840030102e-01	-7.070256113002e-01
5.559413915290e-01	-3.351246880056e-01	-7.606711593546e-01
7.283431049696e-01	4.800607503722e-02	-6.835288861510e-01
7.365514197254e-01	5.271914060710e-01	-4.237466548131e-01
4.143960557891e-01	8.893497365011e-01	-1.932173779240e-01
4.279988299512e-02	9.874176789355e-01	-1.522317225195e-01
-4.499933648004e-02	9.872996013192e-01	-1.523632401576e-01
-3.942521001282e-01	9.000166763767e-01	-1.858366588928e-01
-7.378299427171e-01	5.264814554560e-01	-4.224029506182e-01
-7.135047608562e-01	1.545130005871e-02	-7.004799879811e-01
-5.665884879235e-01	-3.020040614524e-01	-7.666622673765e-01
-4.527662726184e-01	-5.054720151362e-01	-7.345071438001e-01
-4.718567492250e-01	-4.142343881777e-01	-7.783065462027e-01
-3.460943590096e-01	-1.255203602760e-01	-9.297652035960e-01
-9.094530731296e-02	1.470935591449e-02	-9.957472500220e-01
7.085428629242e-02	1.411941499558e-02	-9.973867415572e-01
3.430216220668e-01	-1.265554927676e-01	-9.307630600991e-01
4.414264729465e-01	-3.485159667129e-01	-8.268490127757e-01
4.062243767660e-01	-5.511775281244e-01	-7.288244563760e-01
5.422204534412e-01	-3.108652462984e-01	-7.806150001850e-01
7.116572120586e-01	7.176570724470e-02	-6.988516979937e-01
7.138767720876e-01	5.474633152266e-01	-4.366507445945e-01
3.991247008103e-01	8.900086436601e-01	-2.204179834165e-01
3.718377122015e-02	9.825258368709e-01	-1.823741951017e-01
-5.047099803201e-02	9.818555315687e-01	-1.827905727483e-01
-3.896461297807e-01	8.951923117010e-01	-2.163483732741e-01
-7.188486632612e-01	5.334003716794e-01	-4.458033678875e-01
-6.922185857668e-01	2.453812978529e-02	-7.212706216848e-01
-5.441899954436e-01	-2.938051033183e-01	-7.858344673805e-01
-4.263174594192e-01	-5.046376037417e-01	-7.507291873134e-01
-4.449698750036e-01	-4.281874376427e-01	-7.865477281032e-01
-3.295209060344e-01	-1.514025614517e-01	-9.319298454670e-01
-9.151883118816e-02	-1.629601775173e-02	-9.956699972096e-01
6.063209937650e-02	-1.537663750282e-02	-9.980417363739e-01
3.204838487120e-01	-1.469633391241e-01	-9.357840988541e-01
4.137646899312e-01	-3.556533351767e-01	-8.380390722060e-01
3.808158620173e-01	-5.469899136706e-01	-7.455074202036e-01
5.222353667934e-01	-2.971966588068e-01	-7.993399575051e-01
6.911728394549e-01	8.372262572316e-02	-7.178235353776e-01
6.924375367928e-01	5.592899422843e-01	-4.557686014853e-01
3.813850743552e-01	8.909738402128e-01	-2.463961061289e-01
2.668379822240e-02	9.768547752855e-01	-2.122327093412e-01
-6.107886623227e-02	9.750967963064e-01	-2.132032127637e-01
-3.900634446971e-01	8.866762843948e-01	-2.483056096888e-01
-7.008994770444e-01	5.334135170341e-01	-4.735081233984e-01
-6.681133024267e-01	2.736413556894e-02	-7.435561977451e-01
-5.170151263258e-01	-2.923528473742e-01	-8.045030589019e-01
-3.953397255455e-01	-5.114675716479e-01	-7.629596480537e-01
-4.174303748599e-01	-4.514288823859e-01	-7.886468451038e-01
-3.207143728471e-01	-1.836590161155e-01	-9.291994709688e-01
-1.002627439814e-01	-4.961954043835e-02	-9.937229409529e-01
5.283261583973e-02	-4.526767527272e-02	-9.975768402880e-01
3.038792780318e-01	-1.716812118308e-01	-9.371141584072e-01
3.898566626298e-01	-3.877652818370e-01	-8.352543737120e-01
3.442521164381e-01	-5.632244991008e-01	-7.511781705697e-01
4.905005832876e-01	-3.047344051862e-01	-8.164227581898e-01
6.640084452273e-01	7.533945337949e-02	-7.439198555163e-01
6.765203297109e-01	5.494963794403e-01	-4.902794840393e-01
4.212053910902e-01	8.584929584081e-01	-2.925335175331e-01
1.033453305781e-01	9.636805009911e-01	-2.462511617378e-01

Hair-21
-1.113159326617e-01	9.937825148386e-01	-2.253072751886e-03
-5.153330324171e-01	8.546554344750e-01	-6.321355884726e-02
-8.290679134565e-01	4.632674817234e-01	-3.130968464462e-01
-7.994604984564e-01	-5.918064663684e-02	-5.977964222639e-01
-6.527883943300e-01	-3.714692693139e-01	-6.602104923306e-01
-5.601102638543e-01	-5.378561552479e-01	-6.300692411054e-01
-6.012982355603e-01	-3.750544584932e-01	-7.055314203325e-01
-4.422256007932e-01	-1.437822735706e-02	-8.967885952560e-01
-1.228529935211e-01	1.606555312370e-01	-9.793349489658e-01
9.238891039607e-02	1.628128423131e-01	-9.823218757687e-01
4.262686458219e-01	-2.676406665320e-03	-9.045926588451e-01
5.720082428272e-01	-3.008620748687e-01	-7.630783590454e-01
5.315242109317e-01	-5.565087139630e-01	-6.385765924904e-01
6.387728195307e-01	-3.670618690058e-01	-6.761914443046e-01
8.051525108128e-01	1.312934909633e-02	-5.929224692353e-01
8.066322394612e-01	4.925177291169e-01	-3.267578870776e-01
4.571006447433e-01	8.858949462471e-01	-7.905153249037e-02
5.076764043843e-02	9.982456931216e-01	-3.046609342356e-02
-3.976018510654e-02	9.987494652024e-01	-3.030896630130e-02
-4.241977817293e-01	9.030063234786e-01	-6.808686902440e-02
-8.052837377556e-01	4.992701135947e-01	-3.197615601938e-01
-7.943522576425e-01	-1.184011688395e-02	-6.073419978978e-01
-6.536687797725e-01	-3.264392629893e-01	-6.827551053853e-01
-5.551646116387e-01	-5.015975242337e-01	-6.634698016237e-01
-5.746114117699e-01	-3.610862825707e-01	-7.344647180110e-01
-4.194211367642e-01	-3.186270347411e-02	-9.072324278611e-01
-1.099159661020e-01	1.337613750279e-01	-9.848991699390e-01
8.832288014832e-02	1.330006611111e-01	-9.871726763775e-01
4.118800787134e-01	-2.796980160908e-02	-9.108087016256e-01
5.462431163454e-01	-3.063561013755e-01	-7.795924557070e-01
5.097902699688e-01	-5.518442177878e-01	-6.599862422349e-01
6.227482602914e-01	-3.514303745531e-01	-6.990574340821e-01
7.892168204400e-01	2.952089852091e-02	-6.134047007361e-01
7.887017572326e-01	5.075914232555e-01	-3.468436033367e-01
4.438782551648e-01	8.896660370701e-01	-1.070814506615e-01
4.509206304165e-02	9.971179926222e-01	-6.101159430534e-02
-4.413167377221e-02	9.971769103250e-01	-6.075034884434e-02
-4.246790542925e-01	8.998067552761e-01	-9.997751749616e-02
-7.922417949989e-01	4.974944920241e-01	-3.533442636617e-01
-7.720351143485e-01	-1.417725350612e-02	-6.354217400247e-01
-6.283032601775e-01	-3.301445367671e-01	-7.044427571443e-01
-5.265560641705e-01	-5.110193820546e-01	-6.794099664045e-01
-5.499414508234e-01	-3.786611662243e-01	-7.444327517378e-01
-4.030725449212e-01	-5.508212567798e-02	-9.135088849932e-01
-1.030423772056e-01	1.040840421108e-01	-9.892162456600e-01
8.497735814448e-02	1.031277648336e-01	-9.910315397217e-01
3.973492689616e-01	-5.382548204299e-02	-9.160875372684e-01
5.207745036186e-01	-3.176613621090e-01	-7.923920591499e-01
4.854350998270e-01	-5.522063975022e-01	-6.778059150034e-01
6.034316624121e-01	-3.418279744911e-01	-7.204331090767e-01
7.705859111068e-01	3.933215763775e-02	-6.361213209595e-01
7.712129014233e-01	5.178974551008e-01	-3.701525181305e-01
4.298846657112e-01	8.927492255721e-01	-1.348999422787e-01
4.064817826561e-02	9.949715312498e-01	-9.153894038107e-02
-5.101099348626e-02	9.944764760500e-01	-9.173013205419e-02
-4.207469638462e-01	8.977664555720e-01	-1.303356576843e-01
-7.787168339016e-01	4.925684541241e-01	-3.885568305925e-01
-7.471358308577e-01	-2.291850655538e-02	-6.642761416052e-01
-5.978850024775e-01	-3.399988503656e-01	-7.259024077398e-01
-4.938342610674e-01	-5.260662002321e-01	-6.923742308675e-01
-5.246228107268e-01	-3.988775299285e-01	-7.521087837429e-01
-3.882762228792e-01	-8.226909545030e-02	-9.178634815050e-01
-1.010401722434e-01	7.445895003133e-02	-9.920921067891e-01
8.293524092744e-02	7.185271438871e-02	-9.939612332718e-01
3.852603451624e-01	-8.046873571024e-02	-9.192927983067e-01
4.951094643742e-01	-3.377360984355e-01	-8.005004347910e-01
4.467887965963e-01	-5.737994539192e-01	-6.863919856161e-01
5.705640258378e-01	-3.568112227752e-01	-7.396907757444e-01
7.443601477365e-01	2.350645226095e-02	-6.673645309452e-01
7.580197650237e-01	5.074413102712e-01	-4.097674370466e-01
4.288863232958e-01	8.878914504594e-01	-1.664490729651e-01
5.022402289250e-02	9.912480521106e-01	-1.220854074468e-01
-4.604559507056e-02	9.914614706062e-01	-1.219998175328e-01
-4.080768390657e-01	8.991638683983e-01	-1.580431307747e-01
-7.604136530251e-01	5.031408009571e-01	-4.106341567689e-01
-7.274796494335e-01	-1.272150754858e-02	-6.860113139780e-01
-5.790755246157e-01	-3.274235467449e-01	-7.466360276788e-01
-4.702114653054e-01	-5.220558974362e-01	-7.115889388175e-01
-4.982328147618e-01	-4.094434726651e-01	-7.642775052207e-01
-3.713351005551e-01	-1.070844421985e-01	-9.223031851483e-01
-1.015281218072e-01	4.268650510908e-02	-9.939164465708e-01
7.351910206665e-02	4.319343335198e-02	-9.963580024000e-01
3.621812638775e-01	-1.008568280403e-01	-9.266351128323e-01
4.684403996165e-01	-3.426897991673e-01	-8.143262819987e-01
4.250653661348e-01	-5.662256148668e-01	-7.061925994949e-01
5.543172527914e-01	-3.394046618559e-01	-7.599584585806e-01
7.265976686214e-01	4.120861217534e-02	-6.858262740932e-01
7.376235147916e-01	5.223632184263e-01	-4.278413473026e-01
4.209882790531e-01	8.856350991658e-01	-1.960085202881e-01
5.066036185719e-02	9.869908093323e-01	-1.525865984615e-01
-3.842221966642e-02	9.875843838907e-01	-1.523181464273e-01
-3.880356792435e-01	9.030595111518e-01	-1.841516520488e-01
-7.350321230150e-01	5.366675273292e-01	-4.143859834097e-01
-7.175694142641e-01	2.690369049564e-02	-6.959671882714e-01
-5.728041216531e-01	-2.899024045560e-01	-7.667150931408e-01
-4.584984710194e-01	-4.943108968590e-01	-7.385363155048e-01
-4.713528189331e-01	-4.049576210447e-01	-7.834767675188e-01
-3.473339572212e-01	-1.256859559905e-01	-9.292804542375e-01
-9.360004582337e-02	1.354740323351e-02	-9.955177041557e-01
7.104644374977e-02	1.240909880963e-02	-9.973958176658e-01
3.433904617757e-01	-1.246887945006e-01	-9.308789906790e-01
4.411777103684e-01	-3.477028935202e-01	-8.273239545135e-01
4.032715130654e-01	-5.565965079659e-01	-7.263418025077e-01
5.385065284806e-01	-3.186840680054e-01	-7.800328092992e-01
7.090011271433e-01	6.177287016202e-02	-7.024966293310e-01
7.161773950517e-01	5.389721008760e-01	-4.433948728778e-01
4.113031933515e-01	8.833288144006e-01	-2.248552618651e-01
4.732001745203e-02	9.820635757994e-01	-1.825156131307e-01
-3.880705843636e-02	9.824542274816e-01	-1.824217726012e-01
-3.844411241466e-01	8.976872206535e-01	-2.153199385573e-01
-7.162678892956e-01	5.431904566101e-01	-4.380689884159e-01
-6.960850608558e-01	3.585281904843e-02	-7.170635699990e-01
-5.506482304563e-01	-2.821035144327e-01	-7.856234043357e-01
-4.315651674001e-01	-4.933937773917e-01	-7.551914238907e-01
-4.441463436714e-01	-4.173377079708e-01	-7.928198174295e-01
-3.267714930254e-01	-1.464511951191e-01	-9.336875488053e-01
-8.872562712114e-02	-1.740761864616e-02	-9.959039802637e-01
6.752745196032e-02	-1.784544881934e-02	-9.975578094467e-01
3.229501207626e-01	-1.486684220748e-01	-9.346662076791e-01
4.139041252867e-01	-3.585648631405e-01	-8.367285186915e-01
3.778127329705e-01	-5.533674508828e-01	-7.423220346378e-01
5.177219123812e-01	-3.055745092992e-01	-7.991171633164e-01
6.886082318675e-01	7.536765966040e-02	-7.212062249327e-01
6.955927233840e-01	5.495187892895e-01	-4.627957037322e-01
4.041293249650e-01	8.785977446449e-01	-2.544513545028e-01
4.919251325407e-02	9.758982649767e-01	-2.126092026587e-01
-3.543043207594e-02	9.766220178995e-01	-2.120238633663e-01
-3.780055554604e-01	8.927327943218e-01	-2.452344959084e-01
-6.963079590391e-01	5.509446667747e-01	-4.600165218026e-01
-6.745897489534e-01	4.697915383739e-02	-7.366964298214e-01
-5.281969197862e-01	-2.730785802543e-01	-8.040125017279e-01
-4.058483827225e-01	-4.901881315703e-01	-7.713641720414e-01
-4.168520058409e-01	-4.259232641522e-01	-8.030092018653e-01
-3.030303706320e-01	-1.675599091547e-01	-9.381344633466e-01
-8.056359319553e-02	-4.604635076945e-02	-9.956853122509e-01
7.068506888060e-02	-5.270335800981e-02	-9.961054046093e-01
3.092828861566e-01	-1.751116891127e-01	-9.347085067906e-01
3.885738099012e-01	-3.958080838499e-01	-8.320735274109e-01
3.357805527602e-01	-5.769416728512e-01	-7.445735198862e-01
4.796991914525e-01	-3.228641864091e-01	-8.158721731094e-01
6.581970237017e-01	5.546786612517e-02	-7.507995696707e-01
6.790848461880e-01	5.348992555769e-01	-5.027191642071e-01
4.629778932089e-01	8.311018292108e-01	-3.080928754163e-01
1.359476176581e-01	9.584065537404e-01	-2.509484468981e-01

Hair-22
-1.076229013133e-01	9.941823128783e-01	-4.340492240884e-03
-4.944820426051e-01	8.673104513887e-01	-5.709720179677e-02
-8.330518379288e-01	4.416293205320e-01	-3.331488834888e-01
-7.911950443891e-01	-8.033705669631e-02	-6.062642650326e-01
-6.403355923594e-01	-3.938767506872e-01	-6.594174962995e-01
-5.495554627679e-01	-5.619407504168e-01	-6.182324695152e-01
-6.030944669232e-01	-3.953442536776e-01	-6.928058783315e-01
-4.537163453362e-01	-2.219780112340e-02	-8.908696512959e-01
-1.140937351629e-01	1.646479018800e-01	-9.797314366719e-01
1.084976924486e-01	1.613232031934e-01	-9.809195047733e-01
4.524203580043e-01	-2.170618573100e-02	-8.915406110572e-01
5.748736885558e-01	-3.301087451048e-01	-7.486978419974e-01
5.167179308082e-01	-5.833403669824e-01	-6.266710430761e-01
6.247093958014e-01	-3.929943057676e-01	-6.747545082707e-01
7.985310361075e-01	-1.143588487590e-02	-6.018450007354e-01
8.110085468772e-01	4.747200576571e-01	-3.419151996477e-01
4.549635456001e-01	8.870622777528e-01	-7.828593464291e-02
5.613540283746e-02	9.979459683914e-01	-3.086520240708e-02
-3.809229267865e-02	9.988192868018e-01	-3.014978526110e-02
-4.160802464832e-01	9.070042579210e-01	-6.496541079460e-02
-8.107068783337e-01	4.791457073784e-01	-3.364130623553e-01
-7.857510995421e-01	-3.813182730121e-02	-6.173663201982e-01
-6.406477254649e-01	-3.527102669846e-01	-6.820307613446e-01
-5.418336679295e-01	-5.287642166503e-01	-6.533182069163e-01
-5.767455447647e-01	-3.844839356544e-01	-7.207889287564e-01
-4.297289313043e-01	-3.982235689846e-02	-9.020793897940e-01
-1.066984980355e-01	1.357103917016e-01	-9.849863552868e-01
9.664420034837e-02	1.334155868305e-01	-9.863367476322e-01
4.284247419578e-01	-4.116887181666e-02	-9.026391108697e-01
5.494472589685e-01	-3.339003248838e-01	-7.659101008960e-01
4.948548919620e-01	-5.790169526632e-01	-6.479645086191e-01
6.086514454407e-01	-3.794174181578e-01	-6.968398960747e-01
7.814044600203e-01	1.079756088659e-03	-6.240239610682e-01
7.937729324719e-01	4.872192986044e-01	-3.640630257831e-01
4.430242978942e-01	8.901424269280e-01	-1.066580107544e-01
5.263374541325e-02	9.967301763666e-01	-6.130778387729e-02
-4.107743467496e-02	9.973128962696e-01	-6.065996451344e-02
-4.139860389442e-01	9.052096379773e-01	-9.597432402623e-02
-7.955405385850e-01	4.847607302435e-01	-3.634862939392e-01
-7.658333705198e-01	-3.302652132742e-02	-6.421903903730e-01
-6.190612682056e-01	-3.478122445153e-01	-7.041234187079e-01
-5.170818079973e-01	-5.300341341169e-01	-6.720790284700e-01
-5.512193418867e-01	-3.960385484367e-01	-7.343777674209e-01
-4.123638575506e-01	-6.372120726213e-02	-9.087880152880e-01
-1.066388279989e-01	1.048366026609e-01	-9.887555042100e-01
8.859307203678e-02	1.038214550237e-01	-9.906424042326e-01
4.067739078010e-01	-6.188473733634e-02	-9.114303413959e-01
5.231540993989e-01	-3.392846753816e-01	-7.817900596281e-01
4.717937978608e-01	-5.755872073217e-01	-6.679146495382e-01
5.907238641475e-01	-3.668625278225e-01	-7.186495682920e-01
7.633833744810e-01	1.300545422487e-02	-6.458147425744e-01
7.759611992088e-01	4.989042887323e-01	-3.859776263037e-01
4.308425991772e-01	8.923129293126e-01	-1.347304379709e-01
4.454157195851e-02	9.947937953106e-01	-9.165889579809e-02
-4.802169829252e-02	9.946529137036e-01	-9.143028904079e-02
-4.160814595747e-01	9.002546634251e-01	-1.281318070569e-01
-7.816140218305e-01	4.821312784908e-01	-3.957637567776e-01
-7.419296889607e-01	-3.698373771509e-02	-6.694568991229e-01
-5.910591078288e-01	-3.520579911285e-01	-7.257439644497e-01
-4.872723398491e-01	-5.388669438402e-01	-6.871594310306e-01
-5.250577107702e-01	-4.126780162486e-01	-7.443193234532e-01
-3.938570299880e-01	-8.738540594728e-02	-9.150084320685e-01
-1.028916898327e-01	7.428224483714e-02	-9.919150408504e-01
8.617147587163e-02	7.298141570995e-02	-9.936036381310e-01
3.909078049592e-01	-8.730746999937e-02	-9.162797027678e-01
4.967137267669e-01	-3.565151158081e-01	-7.913105874697e-01
4.373675120337e-01	-5.894193457351e-01	-6.791866417198e-01
5.612786567347e-01	-3.735977833965e-01	-7.385059009482e-01
7.383258254801e-01	4.727014935461e-03	-6.744276319657e-01
7.619784256959e-01	4.931668723494e-01	-4.197324323793e-01
4.330379856960e-01	8.856253820858e-01	-1.677670574035e-01
5.307702957159e-02	9.910737343357e-01	-1.222934259957e-01
-4.004834427749e-02	9.917891055306e-01	-1.214516375823e-01
-4.064758129800e-01	9.000346713569e-01	-1.572100627112e-01
-7.630871916503e-01	4.934987339341e-01	-4.173211443777e-01
-7.228976593609e-01	-2.479576693264e-02	-6.905100607759e-01
-5.727107926188e-01	-3.392307535575e-01	-7.462739737246e-01
-4.640246167661e-01	-5.328754461699e-01	-7.076191870663e-01
-4.987640589514e-01	-4.193812060368e-01	-7.585208088915e-01
-3.689815224176e-01	-1.058636827867e-01	-9.233880640236e-01
-9.335057568678e-02	4.520464662837e-02	-9.946065603756e-01
8.485342563279e-02	4.177036856061e-02	-9.955175199205e-01
3.728682271184e-01	-1.104868491708e-01	-9.212827694936e-01
4.697173880394e-01	-3.601244726048e-01	-8.060247760488e-01
4.177936365989e-01	-5.792467078735e-01	-6.999440896495e-01
5.473040607398e-01	-3.521571264299e-01	-7.592388447665e-01
7.227798638911e-01	2.794322085019e-02	-6.905131749374e-01
7.401983961030e-01	5.126079240173e-01	-4.351315325751e-01
4.175787041646e-01	8.876052823974e-01	-1.943833544530e-01
4.583526496443e-02	9.872536958544e-01	-1.524115104164e-01
-4.075561189878e-02	9.875384024348e-01	-1.520094859388e-01
-3.917014623343e-01	9.013386993760e-01	-1.848202191652e-01
-7.400509621364e-01	5.181852742661e-01	-4.287290461058e-01
-7.097350937901e-01	4.482504776120e-03	-7.044544015007e-01
-5.619291145380e-01	-3.116207808556e-01	-7.662428852352e-01
-4.479488491796e-01	-5.148068637410e-01	-7.309690291413e-01
-4.721916740753e-01	-4.221744710160e-01	-7.738241007854e-01
-3.484384498404e-01	-1.274299999546e-01	-9.286292272939e-01
-9.120790962827e-02	1.456013248243e-02	-9.957254238812e-01
7.523287523456e-02	1.276602540486e-02	-9.970842708013e-01
3.492303365429e-01	-1.304951665827e-01	-9.279058053147e-01
4.427635092105e-01	-3.635829936634e-01	-8.196144713403e-01
3.966997998943e-01	-5.688271485418e-01	-7.204616185791e-01
5.324756015984e-01	-3.311049242673e-01	-7.789988849981e-01
7.050838099817e-01	4.797454522675e-02	-7.074993031176e-01
7.183829890732e-01	5.296677629451e-01	-4.509744359794e-01
4.038051908220e-01	8.875322456906e-01	-2.218735692338e-01
4.308507774912e-02	9.822605047040e-01	-1.825047313741e-01
-4.337408236483e-02	9.822624383765e-01	-1.824258510563e-01
-3.853789710820e-01	8.973774186673e-01	-2.149344484110e-01
-7.201926009421e-01	5.281807350171e-01	-4.498307778543e-01
-6.897163822842e-01	1.706135408304e-02	-7.238785963168e-01
-5.411205900755e-01	-3.005800701532e-01	-7.853917038160e-01
-4.228373513032e-01	-5.115332102117e-01	-7.480256340483e-01
-4.451322979369e-01	-4.347040671816e-01	-7.828726660889e-01
-3.315518731001e-01	-1.526713327709e-01	-9.310020513370e-01
-9.143150276052e-02	-1.636216979114e-02	-9.956769354076e-01
6.570471125663e-02	-1.660909572651e-02	-9.977008714328e-01
3.275963003598e-01	-1.518611320651e-01	-9.325335707407e-01
4.155510172760e-01	-3.726946733740e-01	-8.297084020784e-01
3.709454350194e-01	-5.654347024918e-01	-7.366702664396e-01
5.120141785010e-01	-3.183292460746e-01	-7.978144973035e-01
6.844143011427e-01	6.015280818686e-02	-7.266076685933e-01
6.976115278602e-01	5.399933574543e-01	-4.708984286465e-01
3.930185751918e-01	8.847657077399e-01	-2.504516759012e-01
3.843700096823e-02	9.764314883682e-01	-2.123773657423e-01
-4.662435151983e-02	9.760345735201e-01	-2.125621818171e-01
-3.820262703492e-01	8.909499018636e-01	-2.454876802048e-01
-7.003762644668e-01	5.351541833661e-01	-4.723167244522e-01
-6.683405193771e-01	2.752051911431e-02	-7.433461987436e-01
-5.172596706827e-01	-2.922085119345e-01	-8.043982960190e-01
-3.953830861010e-01	-5.109351932493e-01	-7.632938120570e-01
-4.175111355819e-01	-4.498887419838e-01	-7.894837373255e-01
-3.171358233105e-01	-1.802073321332e-01	-9.311015986554e-01
-9.398190095364e-02	-4.787918835546e-02	-9.944219354055e-01
6.307014096993e-02	-4.784717096324e-02	-9.968614776130e-01
3.100211004524e-01	-1.766951466500e-01	-9.341658002863e-01
3.901050923232e-01	-4.022047003095e-01	-8.282809885495e-01
3.345370851309e-01	-5.818439416109e-01	-7.413113828094e-01
4.786772097991e-01	-3.249498170801e-01	-8.156443742211e-01
6.571884682530e-01	5.376248977919e-02	-7.518064324598e-01
6.802030617784e-01	5.313029560582e-01	-5.050158053280e-01
4.438010891390e-01	8.439031432322e-01	-3.014433248920e-01
1.263203925321e-01	9.599623671294e-01	-2.500308223515e-01

Hair-23
-1.691662744140e-01	9.855051434309e-01	-1.274299306082e-02
-5.247858230332e-01	8.485635197237e-01	-6.737798555535e-02
-8.382261794709e-01	4.083141291089e-01	-3.614643053189e-01
-7.753489856960e-01	-1.203643436382e-01	-6.199567526536e-01
-6.230665981858e-01	-4.250286441502e-01	-6.566115030039e-01
-5.385138767005e-01	-5.860623598282e-01	-6.054202796353e-01
-6.032669839582e-01	-4.096347397166e-01	-6.843013415764e-01
-4.573493787111e-01	-3.070688934063e-02	-8.887567905448e-01
-1.275923664246e-01	1.622707903281e-01	-9.784622520243e-01
8.200549463070e-02	1.658389240208e-01	-9.827372742142e-01
4.298529616634e-01	-5.404063708729e-03	-9.028827318344e-01
5.751684047438e-01	-3.228958065811e-01	-7.516113385765e-01
5.161288868117e-01	-5.852622905168e-01	-6.253631133170e-01
6.217514359302e-01	-3.966962478226e-01	-6.753201010500e-01
7.965670701192e-01	-1.821895742742e-02	-6.042755765311e-01
8.127833152299e-01	4.680603445514e-01	-3.468469350338e-01
4.538273386830e-01	8.876971739349e-01	-7.768187724300e-02
4.256226428994e-02	9.986655755222e-01	-2.924930640966e-02
-5.049459176584e-02	9.982468904936e-01	-3.087785326508e-02
-4.350956531959e-01	8.975168269545e-01	-7.180054250136e-02
-8.159483725452e-01	4.596711332277e-01	-3.506147495729e-01
-7.780269948064e-01	-5.941508931327e-02	-6.254149362739e-01
-6.304204510747e-01	-3.727897405873e-01	-6.808802127978e-01
-5.330776108449e-01	-5.443843781925e-01	-6.476680550991e-01
-5.812936597955e-01	-3.930185037420e-01	-7.124844817945e-01
-4.222051878218e-01	-3.997103820768e-02	-9.056186258470e-01
-1.121591663655e-01	1.351373012445e-01	-9.844583440718e-01
7.542362912167e-02	1.344111693870e-01	-9.880510683736e-01
4.031034198186e-01	-2.106039161100e-02	-9.149120683627e-01
5.507937656017e-01	-3.218862492479e-01	-7.700749770765e-01
4.988404990902e-01	-5.714176513579e-01	-6.516440931859e-01
6.129618177356e-01	-3.713281768977e-01	-6.974189523092e-01
7.833155491263e-01	7.459038826794e-03	-6.215795309023e-01
7.924370915297e-01	4.921732197814e-01	-3.602901298926e-01
4.374425850407e-01	8.930917712031e-01	-1.050289150764e-01
3.600283738825e-02	9.975126436431e-01	-6.059968211288e-02
-5.235350247541e-02	9.967425934546e-01	-6.134584885667e-02
-4.334510773226e-01	8.953662382900e-01	-1.021736898535e-01
-7.985572622633e-01	4.723992499852e-01	-3.730217788548e-01
-7.618920487021e-01	-4.520987618190e-02	-6.461242707251e-01
-6.122790230394e-01	-3.599027107471e-01	-7.039775825570e-01
-5.114582271927e-01	-5.387567974284e-01	-6.694412558706e-01
-5.529612183135e-01	-4.021827052493e-01	-7.297143020660e-01
-4.128436978200e-01	-6.828913580097e-02	-9.082382259638e-01
-1.175411096855e-01	1.029790087166e-01	-9.877142356459e-01
7.043464758083e-02	1.068596695698e-01	-9.917761700301e-01
3.891470500996e-01	-4.929458498694e-02	-9.198557589589e-01
5.244703591031e-01	-3.315600845266e-01	-7.842185618633e-01
4.769439939233e-01	-5.662882784209e-01	-6.721919460864e-01
5.961564113779e-01	-3.568830318297e-01	-7.191884556673e-01
7.663995271850e-01	2.366108103654e-02	-6.419282810212e-01
7.739734818233e-01	5.060460308174e-01	-3.806342918449e-01
4.273911951808e-01	8.940110019175e-01	-1.344659612408e-01
3.137188079858e-02	9.953250395652e-01	-9.134479027155e-02
-5.680798263344e-02	9.941822097475e-01	-9.151276922164e-02
-4.309015259116e-01	8.926104973771e-01	-1.325532909406e-01
-7.826364452372e-01	4.773426752507e-01	-3.995299300066e-01
-7.412596039696e-01	-4.014331600133e-02	-6.700169503104e-01
-5.878109669664e-01	-3.575783986773e-01	-7.256830960643e-01
-4.817017314245e-01	-5.434080959653e-01	-6.875107876841e-01
-5.284704043444e-01	-4.198075154630e-01	-7.378893424443e-01
-3.991443053385e-01	-9.887757993770e-02	-9.115410290829e-01
-1.222522609937e-01	7.045300728831e-02	-9.899953325375e-01
6.048193907777e-02	7.813127372767e-02	-9.951067475960e-01
3.698120094202e-01	-7.040320207804e-02	-9.264353549092e-01
4.983523328704e-01	-3.401047461360e-01	-7.974796009795e-01
4.472512229065e-01	-5.725083336565e-01	-6.871685029908e-01
5.718782778624e-01	-3.555801345575e-01	-7.392685596028e-01
7.452983439249e-01	2.618193428299e-02	-6.662168452238e-01
7.580664581907e-01	5.077568043207e-01	-4.092899615581e-01
4.345773071382e-01	8.846522386510e-01	-1.689170825296e-01
4.977518442137e-02	9.912379812291e-01	-1.223507073322e-01
-3.871392877818e-02	9.919498815058e-01	-1.205680898877e-01
-4.061221522075e-01	9.001426648187e-01	-1.575054934264e-01
-7.595290054522e-01	5.075045044752e-01	-4.068843420607e-01
-7.297738173002e-01	-6.584369584495e-03	-6.836569473503e-01
-5.813687052837e-01	-3.223998907199e-01	-7.470399848606e-01
-4.725340647331e-01	-5.168267563427e-01	-7.138638957078e-01
-5.016923516895e-01	-4.069658481720e-01	-7.633371356602e-01
-3.617190280063e-01	-1.058367393353e-01	-9.262601844973e-01
-9.783331586906e-02	4.564173361254e-02	-9.941556590690e-01
6.686491819063e-02	4.385587348955e-02	-9.967977453204e-01
3.560233407611e-01	-9.679907037746e-02	-9.294500098485e-01
4.704931148829e-01	-3.506484156597e-01	-8.097418832215e-01
4.222069364961e-01	-5.705106353738e-01	-7.044564696984e-01
5.524603871638e-01	-3.438875477189e-01	-7.592949855877e-01
7.260835629293e-01	3.876821589328e-02	-6.865126984116e-01
7.384502203095e-01	5.172512440761e-01	-4.325996100630e-01
4.262147954642e-01	8.826860554560e-01	-1.980057464594e-01
4.597298672072e-02	9.871535854711e-01	-1.530172643313e-01
-3.766789978794e-02	9.877656095441e-01	-1.513282192042e-01
-3.957561623902e-01	8.992794819743e-01	-1.862081449085e-01
-7.390708470482e-01	5.225104615476e-01	-4.251553840853e-01
-7.123925455368e-01	1.241006616348e-02	-7.016714696505e-01
-5.654246326586e-01	-3.032639830238e-01	-7.670240813582e-01
-4.520463134160e-01	-5.065202574492e-01	-7.342284108645e-01
-4.720212738170e-01	-4.131674932487e-01	-7.787737409458e-01
-3.371156892471e-01	-1.186706741574e-01	-9.339541119126e-01
-8.300524722540e-02	1.461239335028e-02	-9.964419736711e-01
7.481371654578e-02	1.484972336937e-02	-9.970869538473e-01
3.426885782168e-01	-1.288999093711e-01	-9.305639965762e-01
4.443359340357e-01	-3.630560551109e-01	-8.189968733591e-01
3.967130721492e-01	-5.681480417815e-01	-7.209899728885e-01
5.323844951655e-01	-3.313587997583e-01	-7.789532047114e-01
7.054355983446e-01	4.892197981487e-02	-7.070836276418e-01
7.187758767282e-01	5.267158865742e-01	-4.537968861329e-01
4.158630981183e-01	8.807987691839e-01	-2.263877466376e-01
4.326004939588e-02	9.822904772718e-01	-1.823019099938e-01
-4.101458582146e-02	9.823823653679e-01	-1.823257852418e-01
-3.899662951751e-01	8.948864699363e-01	-2.170356987973e-01
-7.193065586946e-01	5.310528930829e-01	-4.478625898279e-01
-6.916787514491e-01	2.247933160284e-02	-7.218553764048e-01
-5.433087912137e-01	-2.968468860036e-01	-7.853008873419e-01
-4.245510778784e-01	-5.075544246429e-01	-7.497632214891e-01
-4.467779737604e-01	-4.331603164736e-01	-7.827908931478e-01
-3.224621127027e-01	-1.480492243081e-01	-9.349329457523e-01
-9.603069587278e-02	-1.433104296698e-02	-9.952752014683e-01
4.852011484677e-02	-1.542146092716e-02	-9.987031475860e-01
3.112981870882e-01	-1.421263090448e-01	-9.396241541132e-01
4.167138428059e-01	-3.696519514837e-01	-8.304860070936e-01
3.682674352990e-01	-5.700257320522e-01	-7.344724371252e-01
5.070779208394e-01	-3.246354440191e-01	-7.984258329261e-01
6.824224053741e-01	5.340639619356e-02	-7.290044015567e-01
7.002052152665e-01	5.305921158161e-01	-4.776867835176e-01
4.120560459469e-01	8.741842294381e-01	-2.569275150704e-01
5.011128596213e-02	9.758844368414e-01	-2.124580545659e-01
-3.243946857800e-02	9.769095210158e-01	-2.111763922104e-01
-3.800403181062e-01	8.917601925885e-01	-2.456280023292e-01
-6.992751403277e-01	5.397947143372e-01	-4.686533308250e-01
-6.702237065894e-01	3.367100219038e-02	-7.413949330398e-01
-5.202654865922e-01	-2.863108436336e-01	-8.045805890518e-01
-3.990174486387e-01	-5.028693694457e-01	-7.667512458125e-01
-4.184991421968e-01	-4.386444915124e-01	-7.952669225150e-01
-2.953835595206e-01	-1.641846580409e-01	-9.411652091046e-01
-7.099344034058e-02	-4.464587228016e-02	-9.964771334642e-01
7.249746802018e-02	-4.994005520019e-02	-9.961175171722e-01
3.163039550575e-01	-1.862962460788e-01	-9.301857431244e-01
3.907769294647e-01	-4.132375993576e-01	-8.225132691180e-01
3.264441264989e-01	-6.010685426862e-01	-7.294866957440e-01
4.655529321893e-01	-3.487476594672e-01	-8.134098212747e-01
6.478217521587e-01	2.600295075045e-02	-7.613480307864e-01
6.820849091550e-01	5.090422766067e-01	-5.250106068739e-01
4.692439142519e-01	8.266427120121e-01	-3.105993812210e-01
1.440341224928e-01	9.550405480968e-01	-2.591364950150e-01

Hair-24
-4.119249581787e-02	9.991482703683e-01	-2.431482737526e-03
-1.399004338577e-02	9.999021211616e-01	1.636536318323e-04
-3.374341436585e-02	9.994305235474e-01	1.029018814354e-04
-1.063175097378e-02	9.999434793668e-01	6.279354053146e-05
-3.065665239332e-02	9.995299306356e-01	2.956815915175e-04
-7.178976432086e-03	9.999742297184e-01	4.686616187568e-05
-2.643011241629e-02	9.996506408238e-01	-2.132093998616e-04
9.589153610358e-05	9.999999899037e-01	1.048690054883e-04
-1.945772806999e-02	9.998106787984e-01	-5.812986183346e-05
6.796695615817e-03	9.999769003039e-01	6.154189464602e-05
-1.412249533705e-02	9.999002721618e-01	2.926160740110e-05
8.610605347415e-03	9.999629269626e-01	4.664747700461e-05
-1.307895843613e-02	9.999144545022e-01	1.566005279310e-04
8.676962163735e-03	9.999623513756e-01	7.847912175557e-05
-1.368049930873e-02	9.999064134068e-01	9.146942317182e-05

Hair-25
9.988651422244e-01	-4.762800772822e-02	2.299752088297e-05
9.993048066474e-01	-3.728023135848e-02	2.962451047571e-04
9.993738608935e-01	-3.538011507625e-02	3.655408015174e-04
9.992806959530e-01	-3.791889983733e-02	4.977255946680e-04
9.994474359161e-01	-3.323816083481e-02	2.179563970585e-04
9.988761656302e-01	-4.738960406226e-02	7.944575640528e-04
9.990583680445e-01	-4.338607308437e-02	1.609429692875e-04

Hair-26
9.984453790134e-01	5.573885696958e-02	-7.036012249728e-05
9.986525718067e-01	5.189139186871e-02	-5.694503938802e-04
9.988260278513e-01	4.844066832894e-02	-2.602663492771e-04
9.989515839834e-01	4.577504870455e-02	-6.146326034799e-04
9.990230312976e-01	4.419137468192e-02	-3.245622223312e-04
9.990219083859e-01	4.419864961420e-02	-1.306115331343e-03
9.990806705125e-01	4.285348344185e-02	-1.180154752697e-03

