Hair-0
-2.122794520015e-02	5.323361246510e-01	8.462668755978e-01
-4.871340987481e-02	5.547557682800e-01	8.305859625942e-01
-1.537012154853e-01	4.448380623703e-01	8.823236563897e-01
2.132857470899e-02	4.860839985720e-01	8.736517831683e-01
-2.445347814304e-02	4.818325971889e-01	8.759220146183e-01
-9.310491855193e-02	5.288604255669e-01	8.435864652842e-01
6.987814389669e-03	6.092059063651e-01	7.929812949243e-01
9.536518037103e-02	6.034323491548e-01	7.916911533966e-01

Hair-1
1.008797202898e-01	6.363855286388e-01	-7.647461938273e-01
-5.978024782924e-02	8.386544640684e-01	-5.413732648252e-01
-1.059828721689e-01	6.272744325931e-01	-7.715532496347e-01
1.332384653140e-02	5.413935126520e-01	-8.406637494099e-01
5.104465834393e-02	5.512581166504e-01	-8.327718365084e-01
1.193890387522e-01	6.278894512914e-01	-7.690910832813e-01
7.205459426902e-02	8.432812229850e-01	-5.326207979469e-01
-4.335106723327e-02	6.511621996671e-01	-7.576994619863e-01

Hair-2
-2.368833327967e-02	5.951271363851e-01	8.032823628118e-01
5.486197296264e-03	7.313781514563e-01	6.819500723745e-01
9.361522000350e-02	5.529857840119e-01	8.279147983123e-01
1.129492662536e-01	5.054032917750e-01	8.554589270770e-01
3.054881425140e-03	4.851233772683e-01	8.744403790581e-01
-7.409580154862e-02	5.200136162533e-01	8.509381006302e-01
-1.501811558286e-02	6.215051996601e-01	7.832660742046e-01
1.098196475509e-01	6.788206897359e-01	7.260455331439e-01

Hair-3
5.961845358399e-02	6.702459043417e-01	-7.397405408016e-01
-3.558488811161e-02	8.698856923474e-01	-4.919680863506e-01
-1.665854322222e-01	6.572976197245e-01	-7.349892059587e-01
-9.634353789054e-02	5.545679554731e-01	-8.265423797175e-01
6.197553989668e-03	5.418985481823e-01	-8.404210574483e-01
8.918491420979e-02	6.170775054716e-01	-7.818320812798e-01
8.406726777333e-02	8.558589486107e-01	-5.103314164071e-01
-6.352159521630e-02	6.792361282218e-01	-7.311657056095e-01

Hair-4
-2.498279619501e-02	5.917211780036e-01	8.057554885921e-01
-8.941606533007e-04	7.281706496589e-01	6.853952913845e-01
7.899692544760e-02	5.430406053364e-01	8.359822885239e-01
1.007983279746e-01	5.041240254002e-01	8.577287823618e-01
-1.142366248816e-02	4.854648051388e-01	8.741815731911e-01
-8.821704524934e-02	5.265165285844e-01	8.455756016199e-01
-2.269903200979e-02	6.315512551451e-01	7.750017845596e-01
1.079097399871e-01	6.784817954769e-01	7.266484302759e-01

Hair-5
7.697884616885e-02	6.323509356406e-01	-7.708479431360e-01
-7.553967487256e-02	8.372560192723e-01	-5.415682004258e-01
-1.218739591677e-01	6.337505964490e-01	-7.638762462449e-01
-7.177522695056e-02	5.484198485111e-01	-8.331170305277e-01
4.662534572290e-03	5.417205233781e-01	-8.405457366035e-01
6.239406465146e-02	6.069209039331e-01	-7.923092811934e-01
1.026540442617e-01	8.259275071680e-01	-5.543517837077e-01
-1.073675840400e-01	6.248878903723e-01	-7.732964026578e-01

Hair-6
-2.857352448255e-02	5.791002389618e-01	8.147554645002e-01
-1.461416339675e-02	7.174908555650e-01	6.964146023806e-01
6.418546382826e-02	5.299358435249e-01	8.456052435863e-01
9.239610416818e-02	5.045081123721e-01	8.584489061588e-01
-5.190197732847e-02	4.926672603759e-01	8.686686107505e-01
-7.284508145159e-02	5.195088638863e-01	8.513542943169e-01
-1.731903821254e-02	6.078478985761e-01	7.938645873901e-01
1.077123943836e-01	6.696607421162e-01	7.348146232653e-01

Hair-7
1.108033581330e-01	6.148971158540e-01	-7.807843189645e-01
-1.001087516396e-01	8.142891683870e-01	-5.717616532199e-01
-9.686171551274e-02	6.337867278614e-01	-7.674191759753e-01
-3.457781072518e-02	5.431504986349e-01	-8.389230661021e-01
5.437472949883e-02	5.488406931763e-01	-8.341566293603e-01
7.566084620408e-02	6.135462215953e-01	-7.860257440554e-01
1.104466782746e-01	8.028933898680e-01	-5.858017888027e-01
-1.026328054560e-01	6.001037663971e-01	-7.933107693712e-01

Hair-8
-2.301743882913e-02	5.732547129788e-01	8.190538636484e-01
-2.025688761694e-02	7.117999496157e-01	7.020900869768e-01
2.880056322102e-02	5.064226668180e-01	8.618042759764e-01
8.765625137275e-02	5.038630550081e-01	8.593243877565e-01
-8.256861109859e-02	4.998359625675e-01	8.621754084787e-01
-4.622883327385e-02	5.141191809276e-01	8.564720443636e-01
-2.025675979756e-02	6.235491678024e-01	7.815216561398e-01
1.079202022478e-01	6.656697262504e-01	7.384016830293e-01

Hair-9
9.669056733262e-02	6.379150569009e-01	-7.640126401886e-01
-8.536942740922e-02	8.427950107998e-01	-5.314213306171e-01
-1.104588947641e-01	6.377049899817e-01	-7.623196037883e-01
-4.934256616954e-02	5.493962062346e-01	-8.341037823549e-01
4.219927495899e-02	5.474637738328e-01	-8.357647022540e-01
8.333344556298e-02	6.147791407819e-01	-7.842844795800e-01
7.336967679030e-02	8.434609321841e-01	-5.321565055571e-01
-5.663672424980e-02	6.492224220013e-01	-7.584869993856e-01

Hair-10
-2.824328083025e-02	5.681769850226e-01	8.224215651225e-01
-2.666144253241e-02	7.067412082977e-01	7.069696117769e-01
5.511124343182e-02	5.259422423578e-01	8.487328840990e-01
9.683739380081e-02	5.091915797670e-01	8.551879642841e-01
-2.417571974901e-02	4.858566550511e-01	8.737040948268e-01
-6.396383269686e-02	5.203161341987e-01	8.515748637667e-01
4.782198009691e-03	5.673354643537e-01	8.234728905488e-01
1.059081330540e-01	6.579784622042e-01	7.455520173861e-01

Hair-11
5.919951913438e-02	6.454382613388e-01	-7.615148506327e-01
-5.357737192136e-02	8.507005496279e-01	-5.229130329996e-01
-1.243933088805e-01	6.383491371880e-01	-7.596293068050e-01
-9.832112259492e-02	5.582023988678e-01	-8.238586278907e-01
3.948363433414e-02	5.481790470502e-01	-8.354284978350e-01
6.848162722397e-02	6.096443597557e-01	-7.897113531860e-01
8.327036322290e-02	8.426855703610e-01	-5.319276982016e-01
-7.370260725646e-02	6.499797979438e-01	-7.563690818301e-01

Hair-12
-2.227028565505e-02	5.834973239265e-01	8.118096497009e-01
-1.679295240692e-02	7.202533243315e-01	6.935078554270e-01
4.735919191784e-02	5.248774726741e-01	8.498592504763e-01
9.409936711273e-02	5.086763483696e-01	8.558000243739e-01
-5.306883063000e-02	4.886858481470e-01	8.708443265225e-01
-9.502597112631e-02	5.268102583786e-01	8.446543769369e-01
-4.366092729277e-02	6.312662224065e-01	7.743362834561e-01
1.005886102502e-01	6.801612717430e-01	7.261284844357e-01

Hair-13
4.810539972712e-02	6.217388011663e-01	-7.817459521106e-01
-6.818101100369e-02	8.271061120570e-01	-5.578949983075e-01
-9.559389122397e-02	6.123638772447e-01	-7.847753116699e-01
-9.527222484781e-02	5.546536870168e-01	-8.266090313148e-01
2.673910673145e-02	5.442480288030e-01	-8.384981236206e-01
5.409700279069e-02	6.036247986710e-01	-7.954310886045e-01
7.850455574145e-02	8.230299415228e-01	-5.625466648064e-01
-1.097575323389e-01	6.044732458818e-01	-7.890281231414e-01

Hair-14
-2.597959905227e-02	5.558902238335e-01	8.308496371062e-01
-2.534503143915e-02	6.948584581978e-01	7.186997651678e-01
1.560009423854e-01	6.102495837057e-01	7.766975933797e-01
2.506175957671e-01	5.254146459893e-01	8.130991762829e-01
9.924476668082e-02	4.675245231813e-01	8.783913117230e-01
1.909466173349e-01	4.500710461298e-01	8.723390641052e-01
3.449448907038e-01	4.459152285683e-01	8.259374257825e-01
3.935647062760e-01	4.713551666847e-01	7.892598613977e-01

Hair-15
-1.034263887676e-02	6.293413718548e-01	-7.770601440641e-01
-3.904180873664e-02	8.281588038699e-01	-5.591321245853e-01
-3.621975523162e-02	7.574802427827e-01	-6.518525992315e-01
-2.432089636061e-01	6.429849269735e-01	-7.262367270433e-01

Hair-16
4.603706088423e-02	9.988886165556e-01	-1.010548072740e-02
-3.838587615756e-01	9.204546987236e-01	-7.359075185989e-02
-7.851206898068e-01	6.104325044121e-01	-1.046788421529e-01
-8.733785086105e-01	9.191657251611e-02	-4.782900003075e-01

Hair-17
3.049847722491e-02	9.972236623025e-01	6.793239456162e-02
-4.725296192041e-01	8.803068293788e-01	-4.213840438222e-02
-8.285091822532e-01	4.467153359883e-01	-3.376654313298e-01
-7.889505560426e-01	-9.581976012140e-02	-6.069395305056e-01
-6.368837018767e-01	-4.042328914119e-01	-6.564868009218e-01
-5.342801058073e-01	-5.911687058806e-01	-6.042055359941e-01
-6.081575201322e-01	-4.448587564723e-01	-6.574535097606e-01
-4.800022857351e-01	-3.347857656746e-02	-8.766281940481e-01
-1.528430667720e-01	1.511851652334e-01	-9.766176543321e-01
9.967202603770e-02	1.568437903454e-01	-9.825810463548e-01
4.779772197631e-01	-3.187699285464e-02	-8.777936173806e-01
5.781537843178e-01	-3.497932085403e-01	-7.371451098245e-01
5.230626082194e-01	-5.718657419630e-01	-6.319612971155e-01
6.338182159582e-01	-3.783860634944e-01	-6.746098547107e-01
8.031538537116e-01	8.498748819919e-03	-5.957110528912e-01
8.058004456868e-01	4.933431872495e-01	-3.275639499784e-01
4.314654578798e-01	8.997825144025e-01	-6.503064994358e-02
4.337425214097e-02	9.986536457710e-01	-2.845294430192e-02
-3.158602276364e-02	9.990387683386e-01	-3.039510688325e-02
-3.852056001214e-01	9.211341286572e-01	-5.593355574207e-02
-8.029569548640e-01	5.067562891640e-01	-3.137804838232e-01
-7.950132858814e-01	-7.957302292376e-03	-6.065398227753e-01
-6.556483913832e-01	-3.254956114312e-01	-6.813059472921e-01
-5.497947328844e-01	-5.119019243343e-01	-6.600622482429e-01
-5.795325782030e-01	-4.030741310390e-01	-7.082889492916e-01
-4.553064055021e-01	-4.931262577498e-02	-8.889681333141e-01
-1.197469565279e-01	1.319057401093e-01	-9.840028161182e-01
9.472586704346e-02	1.281301975360e-01	-9.872232080904e-01
4.490255370989e-01	-4.992499335877e-02	-8.921230644206e-01
5.512656360522e-01	-3.521214337627e-01	-7.563839596348e-01
4.961611917743e-01	-5.752198408925e-01	-6.503431451324e-01
6.128818031406e-01	-3.729354229634e-01	-6.966312264593e-01
7.845022456666e-01	1.416143652773e-02	-6.199642572436e-01
7.907376414366e-01	4.983510220282e-01	-3.554999877057e-01
4.334711209260e-01	8.955943926072e-01	-1.000673335994e-01
5.919410495221e-02	9.963714249769e-01	-6.115587811900e-02
-1.799120614967e-02	9.980379069098e-01	-5.997210078335e-02
-3.735969072259e-01	9.239767639868e-01	-8.180642104138e-02
-7.852743569527e-01	5.201138741016e-01	-3.358954335496e-01
-7.781290611517e-01	7.302617840622e-03	-6.280619682514e-01
-6.381124053604e-01	-3.126297747774e-01	-7.036157914998e-01
-5.294801407147e-01	-5.049010262133e-01	-6.817079538318e-01
-5.531949632741e-01	-4.057863094473e-01	-7.275388674657e-01
-4.228713356232e-01	-6.672479380384e-02	-9.037298464697e-01
-1.003035901138e-01	1.055335518379e-01	-9.893441561190e-01
1.040163741666e-01	9.886747421660e-02	-9.896493401439e-01
4.398316145164e-01	-7.986409797220e-02	-8.945221499365e-01
5.257550539426e-01	-3.698312853308e-01	-7.660329259532e-01
4.616576294225e-01	-5.867819918958e-01	-6.652511760101e-01
5.852309244589e-01	-3.769561251272e-01	-7.179198038681e-01
7.621139227296e-01	8.307746376035e-03	-6.473896432072e-01
7.771620740941e-01	4.946254646798e-01	-3.890562430807e-01
4.394343554804e-01	8.875147342413e-01	-1.386183383542e-01
7.162157619484e-02	9.930484146476e-01	-9.340875756225e-02
-2.658680733240e-03	9.960528942585e-01	-8.872183077457e-02
-3.563625851423e-01	9.287690015169e-01	-1.019502316427e-01
-7.624722746124e-01	5.441368126713e-01	-3.500730774328e-01
-7.628641767406e-01	3.495501647447e-02	-6.456131927627e-01
-6.265841713916e-01	-2.873813533146e-01	-7.244337332901e-01
-5.156912963925e-01	-4.857975684813e-01	-7.057359345269e-01
-5.248297211775e-01	-4.018465903455e-01	-7.503819571368e-01
-3.929287780284e-01	-8.473354095010e-02	-9.156567055590e-01
-9.421559091636e-02	7.569402770932e-02	-9.926700542463e-01
1.014306234525e-01	6.923646928267e-02	-9.924304207083e-01
4.121575421376e-01	-9.903442808971e-02	-9.057142720042e-01
4.965309518283e-01	-3.663967613243e-01	-7.868992484223e-01
4.398184649005e-01	-5.833528741256e-01	-6.828317085358e-01
5.668785061646e-01	-3.631944857673e-01	-7.394176930239e-01
7.435232127986e-01	2.140715286843e-02	-6.683673883694e-01
7.584195941742e-01	5.060126518377e-01	-4.107930322593e-01
4.265494377615e-01	8.892885277202e-01	-1.649893681747e-01
5.901059356571e-02	9.907126986047e-01	-1.224993823267e-01
-1.311108821648e-02	9.928318636624e-01	-1.187981054663e-01
-3.691720385936e-01	9.184277672016e-01	-1.421352959464e-01
-7.489764126526e-01	5.413975639312e-01	-3.819987055730e-01
-7.404743051999e-01	3.227923583521e-02	-6.713090601747e-01
-5.989681086164e-01	-2.906919515922e-01	-7.461470325211e-01
-4.891260737249e-01	-4.913932180078e-01	-7.206166729256e-01
-4.980083768511e-01	-4.106513212936e-01	-7.637755880531e-01
-3.767456846140e-01	-1.089166637650e-01	-9.198912161115e-01
-9.493928282192e-02	4.461708718988e-02	-9.944827037752e-01
9.183384790236e-02	3.937985909933e-02	-9.949953623393e-01
3.857033732342e-01	-1.151037006850e-01	-9.154146852462e-01
4.696759401629e-01	-3.589862633080e-01	-8.065564915046e-01
4.351604476731e-01	-5.502435973388e-01	-7.126481378412e-01
5.660079912926e-01	-3.163042279134e-01	-7.613058447149e-01
7.326723383459e-01	6.962235547094e-02	-6.770110576951e-01
7.319255355801e-01	5.451596656221e-01	-4.087614822174e-01
3.947365463778e-01	9.000959336059e-01	-1.844190046060e-01
3.228351693325e-02	9.878875639125e-01	-1.517759388096e-01
-3.760016967057e-02	9.877790295436e-01	-1.512574495177e-01
-3.778775954091e-01	9.083777380278e-01	-1.790486189371e-01
-7.325543020320e-01	5.446663581895e-01	-4.082924844165e-01
-7.191513638430e-01	3.727169073357e-02	-6.938531090603e-01
-5.768353509392e-01	-2.854285083722e-01	-7.653702009585e-01
-4.603332676090e-01	-4.938690090578e-01	-7.376901006687e-01
-4.725678465674e-01	-4.308064975715e-01	-7.688207801827e-01
-3.669978168416e-01	-1.370705713318e-01	-9.200675306239e-01
-1.012246146913e-01	1.153379051062e-02	-9.947967375585e-01
7.692928919220e-02	1.120322444476e-02	-9.969736065847e-01
3.617471413376e-01	-1.348913946860e-01	-9.224658895448e-01
4.437235560815e-01	-3.676279079982e-01	-8.172876648031e-01
4.082145780919e-01	-5.486720926250e-01	-7.296024897215e-01
5.453340608510e-01	-3.063334886766e-01	-7.802374996057e-01
7.125358077549e-01	8.019051627749e-02	-6.970381652149e-01
7.125898648476e-01	5.543023349530e-01	-4.300751166739e-01
3.785182224146e-01	9.011778546032e-01	-2.111928731584e-01
2.444140941818e-02	9.830416321722e-01	-1.817464357889e-01
-4.711307870800e-02	9.821066206109e-01	-1.823374442262e-01
-3.822678793923e-01	8.990184330514e-01	-2.136284752057e-01
-7.171101551624e-01	5.394395406771e-01	-4.413139554977e-01
-6.943077009236e-01	3.279448977410e-02	-7.189306905945e-01
-5.478296944454e-01	-2.900237558836e-01	-7.847094028409e-01
-4.263648285126e-01	-5.043549816949e-01	-7.508921929592e-01
-4.457192046340e-01	-4.506970280101e-01	-7.734381549700e-01
-3.505770454313e-01	-1.620360598000e-01	-9.224099145939e-01
-9.798006075855e-02	-1.999808632719e-02	-9.949874291854e-01
6.563877908173e-02	-1.790188558626e-02	-9.976828519991e-01
3.396444467960e-01	-1.550534187174e-01	-9.276853384121e-01
4.166760528877e-01	-3.760688447981e-01	-8.276190493954e-01
3.774230637226e-01	-5.524295728740e-01	-7.432182707553e-01
5.206062950457e-01	-3.029446929126e-01	-7.982440720700e-01
6.903829194363e-01	8.386596055019e-02	-7.185665767426e-01
6.934550631289e-01	5.586473158703e-01	-4.550090679226e-01
3.647794627342e-01	8.999345806235e-01	-2.388591513117e-01
9.096002552812e-03	9.775699869356e-01	-2.104143136299e-01
-5.903240374503e-02	9.751836133025e-01	-2.133825101888e-01
-3.765874077217e-01	8.940813544499e-01	-2.424880532529e-01
-7.001141704111e-01	5.365483580041e-01	-4.711220732598e-01
-6.691880460831e-01	2.908424885171e-02	-7.425237137279e-01
-5.199278619231e-01	-2.890903372387e-01	-8.038045753237e-01
-3.937657982612e-01	-5.115034448440e-01	-7.637491224430e-01
-4.179005996739e-01	-4.615974870396e-01	-7.824876029375e-01
-3.169717388362e-01	-1.780161203299e-01	-9.315788628355e-01
-5.458468527770e-02	-4.898620014606e-02	-9.973068055159e-01
1.153253174421e-01	-6.099204161840e-02	-9.914534996741e-01
3.577235959409e-01	-1.931866692997e-01	-9.136261487676e-01
3.997190135196e-01	-4.474839977140e-01	-7.999892386906e-01
3.247678727823e-01	-5.954904053557e-01	-7.347904503584e-01
4.864250649268e-01	-3.180475623867e-01	-8.137790881258e-01
6.619232737863e-01	6.350161809017e-02	-7.468769136343e-01
6.740942962174e-01	5.610274870694e-01	-4.804633581864e-01
4.046454151957e-01	8.787291410774e-01	-2.531742178471e-01
-3.861427259914e-02	9.913236694960e-01	-1.256436239872e-01

Hair-18
8.122529509453e-02	9.874520359925e-01	1.354286825271e-01
-5.664755450292e-01	8.215364642487e-01	-6.467839510775e-02
-8.265990998525e-01	4.184902815750e-01	-3.762975051079e-01
-7.951050147346e-01	-1.110351575925e-01	-5.962207723003e-01
-6.311853372545e-01	-4.273767493520e-01	-6.472667024869e-01
-5.271878537118e-01	-6.142411774170e-01	-5.871803324909e-01
-6.203174023119e-01	-4.710690187607e-01	-6.271365879558e-01
-5.130291041059e-01	-3.947503073880e-02	-8.574630372724e-01
-1.487374246349e-01	1.537238999701e-01	-9.768552303647e-01
8.333150392710e-02	1.586463337276e-01	-9.838125844123e-01
4.772588609215e-01	-4.084793313337e-02	-8.778128650405e-01
5.796250153624e-01	-3.807955031607e-01	-7.204371078302e-01
5.146394214364e-01	-5.907113218618e-01	-6.214550668615e-01
6.251261922301e-01	-3.906933071407e-01	-6.757040650635e-01
7.977787455764e-01	-1.519532000788e-02	-6.027588036325e-01
8.105333910208e-01	4.766420949035e-01	-3.403644155994e-01
4.349341433556e-01	8.979595042567e-01	-6.708963898002e-02
1.211554560187e-02	9.997197428600e-01	-2.033836991030e-02
-1.796654743883e-03	9.996738021261e-01	-2.547668295487e-02
-4.171342776388e-01	9.061701603522e-01	-6.967521012509e-02
-8.178774319617e-01	4.609375870803e-01	-3.444024493297e-01
-7.808281870851e-01	-6.503318414024e-02	-6.213517741296e-01
-6.252870298656e-01	-3.783230933521e-01	-6.825597170345e-01
-5.156967145471e-01	-5.668117417514e-01	-6.424806207335e-01
-5.872627287978e-01	-4.600096747080e-01	-6.659681573018e-01
-4.697938468785e-01	-5.407651409922e-02	-8.811183076398e-01
-1.227047753358e-01	1.300902141546e-01	-9.838801117469e-01
1.274392586959e-01	1.266708171695e-01	-9.837244224988e-01
4.873256744641e-01	-6.906631018564e-02	-8.704846534003e-01
5.595112556629e-01	-4.242760936226e-01	-7.119950499595e-01
4.625885337889e-01	-6.197604463410e-01	-6.339628045542e-01
5.815822256193e-01	-4.254347624480e-01	-6.933739090452e-01
7.719383708063e-01	-4.356797974786e-02	-6.342026354546e-01
8.045551956061e-01	4.542724792599e-01	-3.825277137807e-01
4.549550320773e-01	8.832646704309e-01	-1.133994742319e-01
3.308477386458e-02	9.977653494950e-01	-5.804916093609e-02
-1.193450819896e-02	9.982861907044e-01	-5.729091518639e-02
-4.144138590901e-01	9.045260954967e-01	-1.004673875425e-01
-8.035253662027e-01	4.646108966480e-01	-3.721339820344e-01
-7.600090835291e-01	-6.493151875245e-02	-6.466607231197e-01
-5.997154723124e-01	-3.831385275524e-01	-7.025284485159e-01
-4.895810627116e-01	-5.721835801327e-01	-6.579637783805e-01
-5.626754306840e-01	-4.757400361028e-01	-6.760678795458e-01
-4.529374076876e-01	-7.963240355517e-02	-8.879788201423e-01
-1.181987381658e-01	1.014068241774e-01	-9.877984178496e-01
1.246710181889e-01	9.485296463297e-02	-9.876538119828e-01
4.728734031003e-01	-9.417594285010e-02	-8.760831218718e-01
5.323080726155e-01	-4.450003409368e-01	-7.201547142069e-01
4.243564249563e-01	-6.359337689651e-01	-6.446005476946e-01
5.516476809887e-01	-4.371658480467e-01	-7.103315122965e-01
7.484029497465e-01	-5.470485432959e-02	-6.609844201822e-01
7.918867142560e-01	4.457023976734e-01	-4.174503617114e-01
4.605761527473e-01	8.747054700121e-01	-1.508640058175e-01
4.077414684019e-02	9.949011243577e-01	-9.224544271235e-02
-1.252278093281e-02	9.961611139160e-01	-8.663841572536e-02
-4.033659862003e-01	9.064748376613e-01	-1.248969569831e-01
-7.832470715697e-01	4.810187141131e-01	-3.938845281937e-01
-7.416963425247e-01	-4.675436416425e-02	-6.691043004772e-01
-5.838458010701e-01	-3.666679498574e-01	-7.243470819436e-01
-4.709408874552e-01	-5.642226733410e-01	-6.781352781052e-01
-5.332975503314e-01	-4.813121946394e-01	-6.956524233423e-01
-4.332967911039e-01	-1.056668739438e-01	-8.950354197293e-01
-1.048947636484e-01	7.380543412179e-02	-9.917408161678e-01
1.147964526458e-01	6.580741200254e-02	-9.912069203680e-01
4.498247412407e-01	-1.177660934044e-01	-8.853185016772e-01
5.042389563158e-01	-4.562830402418e-01	-7.331772378636e-01
3.979560112962e-01	-6.413840208521e-01	-6.559402037296e-01
5.302274216646e-01	-4.296813824739e-01	-7.309123003960e-01
7.292029892325e-01	-4.550160375682e-02	-6.827829849594e-01
7.730527878607e-01	4.562704674076e-01	-4.406888332515e-01
4.495817677012e-01	8.751593466990e-01	-1.788081430919e-01
3.237592130040e-02	9.923656005816e-01	-1.190055229904e-01
-2.728318909187e-02	9.924426729942e-01	-1.196376546621e-01
-4.106963570382e-01	8.972577765708e-01	-1.620400712750e-01
-7.696901257380e-01	4.748097816407e-01	-4.267701742152e-01
-7.163555699179e-01	-5.395033073640e-02	-6.956465045273e-01
-5.545490229292e-01	-3.727938649314e-01	-7.439758836399e-01
-4.373338654493e-01	-5.769929478479e-01	-6.897957873640e-01
-5.045716466922e-01	-4.969395364134e-01	-7.060159704309e-01
-4.149641005025e-01	-1.322457624784e-01	-9.001754571197e-01
-9.416693016611e-02	4.349001218987e-02	-9.946060567395e-01
1.023091150773e-01	3.739852542383e-02	-9.940493927709e-01
4.289992155709e-01	-1.345954998368e-01	-8.932209829954e-01
4.824018850948e-01	-4.531507927221e-01	-7.496284281644e-01
3.819548520297e-01	-6.273952506677e-01	-6.785909595998e-01
5.208171646307e-01	-4.052497425860e-01	-7.513468753911e-01
7.164409358325e-01	-1.837151567373e-02	-6.974058164909e-01
7.506256304501e-01	4.797453477197e-01	-4.543187914370e-01
4.262496296134e-01	8.815932560688e-01	-2.027426548817e-01
1.849750293479e-02	9.888406271781e-01	-1.478244107964e-01
-3.658931777231e-02	9.877434100488e-01	-1.517371995594e-01
-4.085675657671e-01	8.915461539329e-01	-1.954942444438e-01
-7.524153941508e-01	4.787016334318e-01	-4.524553246394e-01
-6.959796008174e-01	-4.934232662140e-02	-7.163642439776e-01
-5.324892802865e-01	-3.670733000590e-01	-7.627007006446e-01
-4.110370207529e-01	-5.752305667409e-01	-7.072187516303e-01
-4.796473552285e-01	-5.115574443173e-01	-7.129147184523e-01
-4.008946797381e-01	-1.563049417723e-01	-9.026916532987e-01
-9.398146531449e-02	1.251949365680e-02	-9.954952267369e-01
9.096189085069e-02	8.191203965615e-03	-9.958206859623e-01
4.052486419670e-01	-1.544579334798e-01	-9.010639738493e-01
4.570493412247e-01	-4.589436788325e-01	-7.618901491329e-01
3.596127059801e-01	-6.195567703185e-01	-6.977306859027e-01
5.046257415051e-01	-3.879909762570e-01	-7.712430637313e-01
6.976557015620e-01	3.759992036766e-04	-7.164330957617e-01
7.279188269199e-01	5.000748717182e-01	-4.691047900966e-01
4.084571481962e-01	8.841908877146e-01	-2.266478152772e-01
3.206463168160e-03	9.848686469699e-01	-1.732728103585e-01
-4.539749908574e-02	9.817019907535e-01	-1.849331458323e-01
-4.160267824346e-01	8.784257355559e-01	-2.351381368691e-01
-7.388714813249e-01	4.692039610169e-01	-4.836492293500e-01
-6.707980882857e-01	-5.914984796295e-02	-7.392774988042e-01
-5.004504499039e-01	-3.753202690696e-01	-7.801820574818e-01
-3.758789425731e-01	-5.850402389766e-01	-7.186396449601e-01
-4.529650564758e-01	-5.349932689378e-01	-7.131653804015e-01
-3.933260724168e-01	-1.867932845919e-01	-9.002237886151e-01
-1.041398472958e-01	-1.929843198412e-02	-9.943754133767e-01
8.181114547174e-02	-2.097463164170e-02	-9.964271179088e-01
3.785307676414e-01	-1.711121396450e-01	-9.096345934577e-01
4.282895260762e-01	-4.647473414146e-01	-7.749696706978e-01
3.260024648886e-01	-6.219987102520e-01	-7.119269606719e-01
4.793337207169e-01	-3.872665211814e-01	-7.875682991054e-01
6.746260439750e-01	-3.460081848229e-03	-7.381515620957e-01
7.119220027130e-01	4.948258634176e-01	-4.983115761710e-01
4.046308227628e-01	8.762863469346e-01	-2.615265482630e-01
-4.824072284377e-03	9.790024924074e-01	-2.037911877061e-01
-4.260536519118e-02	9.766651193527e-01	-2.104994714881e-01
-3.793879058982e-01	8.930787049437e-01	-2.418165495460e-01
-7.051295324138e-01	5.193191162107e-01	-4.828043061697e-01
-6.612467645907e-01	1.592213130679e-03	-7.501667689092e-01
-5.097015654848e-01	-3.044246464038e-01	-8.046924560379e-01
-3.821705331712e-01	-5.358099798156e-01	-7.528966390585e-01
-4.194584312456e-01	-5.129044692472e-01	-7.489884043717e-01
-3.619468681728e-01	-2.101801978842e-01	-9.081953253774e-01
-1.012041227692e-01	-5.212888801914e-02	-9.934990209197e-01
5.090506239576e-02	-4.843198064642e-02	-9.975284546684e-01
3.307407565258e-01	-1.762380911654e-01	-9.271195646706e-01
4.080528527007e-01	-4.320255953564e-01	-8.042678374521e-01
3.335876411330e-01	-5.901552574618e-01	-7.351435626961e-01
4.877967416272e-01	-3.197519875915e-01	-8.122887450218e-01
6.646412476581e-01	6.517648489475e-02	-7.443144750226e-01
6.766593650211e-01	5.418529316521e-01	-4.985253295363e-01
3.888504111477e-01	8.775083750713e-01	-2.806677919355e-01
-4.951932689760e-02	9.964236981097e-01	6.846641592030e-02

Hair-19
4.639896320773e-03	9.972238554614e-01	7.431724874369e-02
-5.018663255164e-01	8.643505164188e-01	-3.206830334295e-02
-8.246324988033e-01	4.373713747018e-01	-3.587304315344e-01
-7.860356627373e-01	-1.164222218394e-01	-6.071192660155e-01
-6.227349825802e-01	-4.265555535003e-01	-6.559355923022e-01
-5.291165545412e-01	-6.027625910692e-01	-5.972544939286e-01
-6.058559881055e-01	-4.437652228150e-01	-6.603112513782e-01
-4.699794737755e-01	-2.746401820292e-02	-8.822499770098e-01
-1.395134463440e-01	1.500471313608e-01	-9.787859095122e-01
1.109928733143e-01	1.556147902246e-01	-9.815623358385e-01
4.871532407020e-01	-3.235935482981e-02	-8.727167880983e-01
5.796590392635e-01	-3.504168340307e-01	-7.356653047603e-01
5.250096536517e-01	-5.665477022814e-01	-6.351287779751e-01
6.372886989223e-01	-3.714264546550e-01	-6.752077480363e-01
8.058349873096e-01	1.721091866987e-02	-5.918899876720e-01
8.041235479577e-01	5.003906109375e-01	-3.209276493317e-01
4.281784362547e-01	9.012813867388e-01	-6.599309543123e-02
3.681713641598e-02	9.989181233049e-01	-2.840917807825e-02
-3.749516313398e-02	9.988386770414e-01	-3.025574305273e-02
-3.892128527754e-01	9.194331041749e-01	-5.617937505743e-02
-8.061172464509e-01	4.962073373551e-01	-3.224178396574e-01
-7.921914575129e-01	-2.130031007096e-02	-6.099008045858e-01
-6.472361770584e-01	-3.411856038846e-01	-6.816727329216e-01
-5.424411762148e-01	-5.254747521451e-01	-6.554646101848e-01
-5.811714931457e-01	-4.100452048756e-01	-7.029243383988e-01
-4.661472708322e-01	-5.207776976055e-02	-8.831730452139e-01
-1.263218941398e-01	1.231545408802e-01	-9.843148572086e-01
8.364083543142e-02	1.273306639609e-01	-9.883274319089e-01
4.403248880969e-01	-4.118213880715e-02	-8.968935412666e-01
5.518811825507e-01	-3.477935787084e-01	-7.579358725879e-01
4.952507067438e-01	-5.747997681486e-01	-6.514076788049e-01
6.126576004178e-01	-3.729792516407e-01	-6.968049529789e-01
7.851278485974e-01	1.391901654812e-02	-6.191772947510e-01
7.907949775383e-01	4.985095244189e-01	-3.551500493648e-01
4.334412321046e-01	8.954924042334e-01	-1.011041654533e-01
5.188345826740e-02	9.968073620938e-01	-6.068928763637e-02
-2.046576946663e-02	9.980564599900e-01	-5.885962072929e-02
-3.754764074390e-01	9.231833865687e-01	-8.215778855486e-02
-7.892679183293e-01	5.082867724533e-01	-3.445296939961e-01
-7.747432465312e-01	-6.291532540460e-03	-6.322446667015e-01
-6.302309699019e-01	-3.285752835587e-01	-7.034537707702e-01
-5.219301468397e-01	-5.191068310782e-01	-6.768434233616e-01
-5.542439871017e-01	-4.124618919278e-01	-7.229721920440e-01
-4.341264196752e-01	-6.848182763602e-02	-8.982452287787e-01
-1.115922393406e-01	9.792589753899e-02	-9.889174337174e-01
9.079214309472e-02	9.675056456363e-02	-9.911589756487e-01
4.273720946501e-01	-6.848868202928e-02	-9.014778938766e-01
5.245947152425e-01	-3.553459066705e-01	-7.736469940174e-01
4.711667899313e-01	-5.741686272815e-01	-6.695761670725e-01
5.936313451469e-01	-3.630513733752e-01	-7.181890603104e-01
7.665548583362e-01	2.441945638368e-02	-6.417143751788e-01
7.735534465773e-01	5.077704923006e-01	-3.791888611724e-01
4.262534891415e-01	8.950273629444e-01	-1.312782639109e-01
5.368395475268e-02	9.943340324225e-01	-9.174892352833e-02
-1.961098900791e-02	9.958699738101e-01	-8.864764166995e-02
-3.720467621957e-01	9.217437904654e-01	-1.094056281836e-01
-7.748485452383e-01	5.083593080477e-01	-3.757399976891e-01
-7.527192578923e-01	-3.557510700701e-03	-6.583320309051e-01
-6.050019331975e-01	-3.276678891759e-01	-7.256765224467e-01
-4.942479785932e-01	-5.239430518772e-01	-6.936876920100e-01
-5.257742418738e-01	-4.209852897692e-01	-7.391433097715e-01
-4.077428234974e-01	-9.029072621356e-02	-9.086216895090e-01
-1.021014579550e-01	7.265425490222e-02	-9.921172569450e-01
8.948640899601e-02	6.780674051259e-02	-9.936772255346e-01
4.117355883297e-01	-9.574449994469e-02	-9.062597839655e-01
4.955862314718e-01	-3.710954328562e-01	-7.852913261261e-01
4.348865882879e-01	-5.884952913533e-01	-6.815768095984e-01
5.627621360899e-01	-3.715948339890e-01	-7.383874711398e-01
7.417953815102e-01	1.336583118645e-02	-6.704930771655e-01
7.597724766743e-01	4.986232296741e-01	-4.172776755562e-01
4.277910404514e-01	8.889092229567e-01	-1.638145874212e-01
5.329784909035e-02	9.911281656952e-01	-1.217550756561e-01
-1.389689131564e-02	9.928227818446e-01	-1.187846802499e-01
-3.724709404752e-01	9.168658621211e-01	-1.436049768580e-01
-7.594953861563e-01	5.073885807405e-01	-4.070916193456e-01
-7.290715517917e-01	-1.092165540385e-02	-6.843503414270e-01
-5.771122546575e-01	-3.328931135726e-01	-7.457369646598e-01
-4.652769792798e-01	-5.289041380890e-01	-7.097730237650e-01
-4.988747193572e-01	-4.240579726280e-01	-7.558431386451e-01
-3.698710072949e-01	-1.047288177746e-01	-9.231615853632e-01
-7.078006313355e-02	4.838284045203e-02	-9.963178626385e-01
1.089266122997e-01	3.122582073576e-02	-9.935592288597e-01
4.105825773287e-01	-1.241122848665e-01	-9.033371950381e-01
4.705371979967e-01	-3.865390210519e-01	-7.932101427148e-01
4.060482537650e-01	-5.903424694103e-01	-6.975819553464e-01
5.426934206517e-01	-3.649773950465e-01	-7.564888315675e-01
7.241856351598e-01	2.263077679878e-02	-6.892336423664e-01
7.406296104930e-01	5.070389378473e-01	-4.408846737726e-01
4.075307733695e-01	8.928139376010e-01	-1.918383214644e-01
3.951701592752e-02	9.876188224970e-01	-1.518139219629e-01
-2.509650073356e-02	9.883934081965e-01	-1.498286897913e-01
-3.729825047968e-01	9.108138747458e-01	-1.769240986584e-01
-7.388922367857e-01	5.217866877635e-01	-4.263530402032e-01
-7.126551831908e-01	9.791308677445e-03	-7.014461633979e-01
-5.623315091234e-01	-3.133849846885e-01	-7.652274989954e-01
-4.445939033835e-01	-5.181954231156e-01	-7.306228606718e-01
-4.731904416895e-01	-4.380834126947e-01	-7.643125861946e-01
-3.583965598234e-01	-1.299806104429e-01	-9.244765799173e-01
-8.012657518702e-02	1.338063991688e-02	-9.966948833140e-01
8.842676011154e-02	4.486011887889e-03	-9.960725795812e-01
3.772518155628e-01	-1.388074058549e-01	-9.156492624004e-01
4.454784089857e-01	-3.834253666873e-01	-8.090327405664e-01
3.923069087403e-01	-5.715344284987e-01	-7.207244177876e-01
5.331485220679e-01	-3.337513581979e-01	-7.774076693202e-01
7.089258981448e-01	5.573109603037e-02	-7.030776030246e-01
7.168773339531e-01	5.331298726234e-01	-4.492876884367e-01
3.818682536136e-01	8.996194276459e-01	-2.118053877599e-01
2.384576187256e-02	9.833648223829e-01	-1.800694469937e-01
-3.639116206345e-02	9.827017177800e-01	-1.815847383340e-01
-3.723232534073e-01	9.040324433168e-01	-2.100017533330e-01
-7.193933392775e-01	5.282553873610e-01	-4.510204752860e-01
-6.920647777138e-01	1.822963858610e-02	-7.216051716312e-01
-5.403744683024e-01	-3.051575650642e-01	-7.841392060667e-01
-4.173813879795e-01	-5.175597907534e-01	-7.469435319779e-01
-4.463613000256e-01	-4.521976104512e-01	-7.721909808730e-01
-3.422381453228e-01	-1.535048746628e-01	-9.269893771456e-01
-8.237318751509e-02	-1.906021533644e-02	-9.964192722795e-01
8.039385017758e-02	-2.535806241567e-02	-9.964405639696e-01
3.554570914450e-01	-1.601738861266e-01	-9.208662130541e-01
4.182516555145e-01	-3.941861516704e-01	-8.183415121395e-01
3.628759112029e-01	-5.738743440529e-01	-7.341589135238e-01
5.094767715963e-01	-3.290876003028e-01	-7.950690350723e-01
6.874540150450e-01	5.953290026324e-02	-7.237836769262e-01
6.968581957841e-01	5.340839481401e-01	-4.786888251333e-01
3.776833786536e-01	8.933310186293e-01	-2.435466210882e-01
2.140923426331e-02	9.775520012768e-01	-2.096037439744e-01
-3.469890185866e-02	9.768201184275e-01	-2.112307800608e-01
-3.630073618800e-01	9.008160265174e-01	-2.382354750878e-01
-6.980348769378e-01	5.429279879024e-01	-4.668795460616e-01
-6.724966375251e-01	3.556931365325e-02	-7.392449502321e-01
-5.215828129373e-01	-2.867404796916e-01	-8.035740579154e-01
-3.947856000913e-01	-5.086434819993e-01	-7.651314515691e-01
-4.185620226450e-01	-4.597594507808e-01	-7.832158582518e-01
-3.271853106687e-01	-1.800370696972e-01	-9.276510259885e-01
-7.438647993523e-02	-4.855169746992e-02	-9.960468785532e-01
1.104023499596e-01	-6.959070737139e-02	-9.914476559915e-01
3.422197976007e-01	-1.860107923756e-01	-9.210242099152e-01
3.980092859029e-01	-4.540389585974e-01	-7.971431693309e-01
3.174304460691e-01	-6.141836086422e-01	-7.225070288818e-01
4.681910413951e-01	-3.496983615763e-01	-8.114851845032e-01
6.581337376796e-01	3.335660066113e-02	-7.521617648619e-01
6.721082778539e-01	5.390201140638e-01	-5.076689664289e-01
4.499942645228e-01	8.523218767526e-01	-2.665568988143e-01
-2.797908604752e-02	9.964853920922e-01	-7.895589965847e-02

Hair-20
-3.326177367173e-02	9.992812253793e-01	1.818480180675e-02
-5.548538947923e-01	8.278881749539e-01	-8.208730233932e-02
-8.242073684265e-01	4.503593873559e-01	-3.433054559019e-01
-7.868415411495e-01	-1.145002334624e-01	-6.064405046322e-01
-6.244911940966e-01	-4.138960451126e-01	-6.623449345589e-01
-5.270534651578e-01	-5.972594180591e-01	-6.045625132316e-01
-6.067575213454e-01	-4.457387623015e-01	-6.581506408662e-01
-4.957743884284e-01	-3.988405381595e-02	-8.675350240939e-01
-1.291841304721e-01	1.575520395939e-01	-9.790244201520e-01
1.000332560243e-01	1.599754269090e-01	-9.820393120820e-01
4.726122995541e-01	-2.979403444735e-02	-8.807666716115e-01
5.764950993226e-01	-3.408773863016e-01	-7.426008402669e-01
5.411986611982e-01	-5.485799054288e-01	-6.373100473687e-01
6.482849465482e-01	-3.491662461806e-01	-6.766162580127e-01
8.102969708758e-01	3.364017946581e-02	-5.850531234981e-01
7.995701004254e-01	5.171564836927e-01	-3.053470580836e-01
4.310508601228e-01	8.997391776542e-01	-6.829764404136e-02
5.041428951212e-02	9.982788252681e-01	-2.996308452563e-02
-2.701874915805e-02	9.991829960894e-01	-3.005540749524e-02
-3.854323773266e-01	9.211340578482e-01	-5.435006881807e-02
-7.964809817483e-01	5.247704161897e-01	-3.003898400503e-01
-8.007036917093e-01	9.809236030751e-03	-5.989802809539e-01
-6.660535498085e-01	-3.033737705972e-01	-6.814227939401e-01
-5.591125231155e-01	-4.917791814712e-01	-6.674926390358e-01
-5.789847151028e-01	-3.938842832809e-01	-7.138850545162e-01
-4.556746805114e-01	-4.553290798885e-02	-8.889810683197e-01
-1.366387168723e-01	1.234175007507e-01	-9.829028342415e-01
1.102747632693e-01	1.301086499854e-01	-9.853482713157e-01
4.429842139369e-01	-4.840288450530e-02	-8.952218423242e-01
5.505410032763e-01	-3.364771607130e-01	-7.639945837701e-01
5.128250188674e-01	-5.532243490705e-01	-6.564703493831e-01
6.258847886930e-01	-3.464546186412e-01	-6.987398861557e-01
7.917095754342e-01	3.917297255384e-02	-6.096404074429e-01
7.850064015124e-01	5.219426632136e-01	-3.336776976395e-01
4.291081489462e-01	8.975947299526e-01	-1.009450210227e-01
5.915859782505e-02	9.963695806895e-01	-6.122024975426e-02
-1.857471475600e-02	9.980567221162e-01	-5.947906699317e-02
-3.743463974372e-01	9.236174780978e-01	-8.243499789560e-02
-7.802847642403e-01	5.374514274876e-01	-3.198462908743e-01
-7.833740405709e-01	2.780536404195e-02	-6.209283165472e-01
-6.495295805189e-01	-2.884156970033e-01	-7.035109876562e-01
-5.403606868699e-01	-4.827153556013e-01	-6.891996906211e-01
-5.526562253605e-01	-3.923409274643e-01	-7.352820501050e-01
-4.210288091003e-01	-6.220665010350e-02	-9.049116391066e-01
-1.222095553638e-01	9.667602311658e-02	-9.877846785267e-01
1.140994391201e-01	9.610920376415e-02	-9.888095564588e-01
4.305348895362e-01	-7.262248675798e-02	-8.996475328200e-01
5.245009288297e-01	-3.467926568850e-01	-7.775819113042e-01
4.848421786833e-01	-5.571615077120e-01	-6.741654960718e-01
6.035743462469e-01	-3.408731086191e-01	-7.207659345259e-01
7.717411442430e-01	4.475544893450e-02	-6.343599578104e-01
7.692306825741e-01	5.275161324043e-01	-3.605702248381e-01
4.286710035979e-01	8.934618160687e-01	-1.340416125745e-01
6.783393304537e-02	9.933887317861e-01	-9.261417325656e-02
-6.780371301818e-03	9.961035320417e-01	-8.793054087772e-02
-3.619450813393e-01	9.260585643248e-01	-1.068236562514e-01
-7.645105983958e-01	5.441318973756e-01	-3.456067464603e-01
-7.627755734329e-01	3.841958060981e-02	-6.455209991936e-01
-6.296462200665e-01	-2.823397592753e-01	-7.237609397365e-01
-5.189338996012e-01	-4.801281241058e-01	-7.072372955999e-01
-5.252865524713e-01	-3.926840190804e-01	-7.548995290445e-01
-3.842821859000e-01	-7.945298978275e-02	-9.197904239632e-01
-9.678675249243e-02	7.558106001604e-02	-9.924312711260e-01
1.200562604101e-01	6.277295390421e-02	-9.907805259463e-01
4.226483327517e-01	-1.025130148342e-01	-9.004773559684e-01
4.956838590958e-01	-3.546652404612e-01	-7.927862757645e-01
4.470967871122e-01	-5.754051679938e-01	-6.848454976124e-01
5.723515920939e-01	-3.522644975948e-01	-7.404886081243e-01
7.462292615198e-01	3.427260037255e-02	-6.648061959062e-01
7.572864024705e-01	5.150849427144e-01	-4.015031835767e-01
4.281554555116e-01	8.883821017110e-01	-1.657110354658e-01
6.624093193843e-02	9.901672770684e-01	-1.232108045542e-01
-1.847297252270e-03	9.931189119972e-01	-1.170957476870e-01
-3.633664597980e-01	9.209350735079e-01	-1.408666258449e-01
-7.502813678793e-01	5.418211966804e-01	-3.788240486571e-01
-7.411838486713e-01	3.512746354800e-02	-6.703824011514e-01
-5.986397100415e-01	-2.868486143185e-01	-7.478959620328e-01
-4.933347486767e-01	-4.884793403318e-01	-7.197282541468e-01
-4.988933765982e-01	-3.981380002720e-01	-7.697996697361e-01
-3.717194229676e-01	-1.073972186237e-01	-9.221119823647e-01
-8.957715501379e-02	4.660463108171e-02	-9.948889092061e-01
1.054080439774e-01	3.325359483119e-02	-9.938729006748e-01
3.987255412640e-01	-1.179550109119e-01	-9.094528894585e-01
4.704558574264e-01	-3.624209122820e-01	-8.045634645905e-01
4.300520075865e-01	-5.549008599406e-01	-7.121378422806e-01
5.601517044486e-01	-3.250659012717e-01	-7.619463418337e-01
7.319410689201e-01	6.299241361717e-02	-6.784498709962e-01
7.343105441416e-01	5.372886591236e-01	-4.148601228604e-01
3.976694325159e-01	8.984706718921e-01	-1.860362174206e-01
3.630384312818e-02	9.878089342046e-01	-1.513787979861e-01
-2.947584519210e-02	9.880921132023e-01	-1.510137423471e-01
-3.739027723836e-01	9.101509578417e-01	-1.783870812128e-01
-7.334082053673e-01	5.442357064967e-01	-4.073326651202e-01
-7.202957977409e-01	3.709384354493e-02	-6.926745343434e-01
-5.750296952531e-01	-2.842650884978e-01	-7.671598327848e-01
-4.613080101133e-01	-4.923222407251e-01	-7.381149850076e-01
-4.727901915744e-01	-4.228109954642e-01	-7.731107921026e-01
-3.636799101033e-01	-1.347865795178e-01	-9.217209452807e-01
-1.050086886136e-01	1.135597029005e-02	-9.944064648092e-01
8.786966301010e-02	8.535679220432e-03	-9.960954093372e-01
3.609568043163e-01	-1.336069327589e-01	-9.229622814268e-01
4.431795436422e-01	-3.632339938929e-01	-8.195443598596e-01
4.084733280589e-01	-5.446414279871e-01	-7.324720166564e-01
5.445414220486e-01	-3.049408858663e-01	-7.813358405963e-01
7.144804578404e-01	8.315011706827e-02	-6.946968643917e-01
7.127149783746e-01	5.519042119791e-01	-4.329423753806e-01
3.828353933133e-01	8.988078667948e-01	-2.134981972157e-01
3.166530796654e-02	9.828779087823e-01	-1.815167339370e-01
-3.524288284575e-02	9.827691691371e-01	-1.814461336105e-01
-3.703334536742e-01	9.050516687534e-01	-2.091282142049e-01
-7.128030255582e-01	5.575009147315e-01	-4.255638340233e-01
-7.009991210046e-01	5.341329654939e-02	-7.111590905716e-01
-5.568440441590e-01	-2.681887189826e-01	-7.861294559391e-01
-4.396392818557e-01	-4.844184479407e-01	-7.563438828629e-01
-4.455779849160e-01	-4.264146990763e-01	-7.871662872417e-01
-3.381669260499e-01	-1.565873951519e-01	-9.279674120385e-01
-1.022503597108e-01	-1.897029509334e-02	-9.945777957722e-01
8.140248694796e-02	-2.089293448920e-02	-9.964623025519e-01
3.334311202849e-01	-1.529176106591e-01	-9.302902194347e-01
4.145720869910e-01	-3.615215251012e-01	-8.351240456222e-01
3.867959198099e-01	-5.356957834744e-01	-7.506123793185e-01
5.274083944262e-01	-2.859568555348e-01	-8.000431627490e-01
6.951381845411e-01	1.033656040643e-01	-7.114059715024e-01
6.907486976659e-01	5.664414283112e-01	-4.494556095607e-01
3.650255205545e-01	8.997104693435e-01	-2.393270580140e-01
1.339223347068e-02	9.774842688721e-01	-2.105828867459e-01
-5.048479457807e-02	9.758853413131e-01	-2.123654541742e-01
-3.776713542513e-01	8.933919397776e-01	-2.433417147108e-01
-6.968507787068e-01	5.480754668530e-01	-4.626146072592e-01
-6.744881835551e-01	4.564446763475e-02	-7.368733085266e-01
-5.273803430074e-01	-2.717303442058e-01	-8.050047166615e-01
-4.033616072909e-01	-4.971166909441e-01	-7.682280972136e-01
-4.186092437988e-01	-4.556612083427e-01	-7.855820544143e-01
-3.052322813457e-01	-1.776206661679e-01	-9.355662207319e-01
-4.217835202469e-02	-4.366099940510e-02	-9.981556510642e-01
1.142900505891e-01	-6.447356538546e-02	-9.913530873018e-01
3.800166810849e-01	-2.022187951520e-01	-9.026044986507e-01
4.022352953085e-01	-4.663527455837e-01	-7.878590507791e-01
3.134371384347e-01	-6.181178555550e-01	-7.208935267388e-01
4.664702526359e-01	-3.478145227853e-01	-8.132838134043e-01
6.525625011972e-01	3.002680577534e-02	-7.571397314672e-01
6.753647958853e-01	5.498430336776e-01	-4.914824826940e-01
4.341319744729e-01	8.503523667019e-01	-2.973722939090e-01
1.702220741207e-02	9.859574371942e-01	-1.661269890664e-01

Hair-21
-1.725180157216e-02	9.973564388478e-01	7.058689135669e-02
-5.106563348872e-01	8.594462574179e-01	-2.412961354745e-02
-8.238094196259e-01	4.284901059253e-01	-3.711256785239e-01
-7.830085657966e-01	-1.264117070777e-01	-6.090301028709e-01
-6.174274628292e-01	-4.400484099103e-01	-6.520281627964e-01
-5.264352844140e-01	-6.041527205629e-01	-5.982185065345e-01
-6.042243085499e-01	-4.489586689143e-01	-6.582925630478e-01
-4.944203091924e-01	-4.045396997737e-02	-8.682810801642e-01
-1.553715950907e-01	1.399134335058e-01	-9.778976933011e-01
8.858171268032e-02	1.600700442422e-01	-9.831230142332e-01
4.663218293545e-01	-1.887333609931e-02	-8.844137881399e-01
5.793656679121e-01	-3.432128063731e-01	-7.392837022323e-01
5.195003297676e-01	-5.737703988048e-01	-6.331721225912e-01
6.320474630864e-01	-3.803028931580e-01	-6.751930937603e-01
8.041251158006e-01	7.072916669673e-03	-5.944180111575e-01
8.067750706566e-01	4.911193260447e-01	-3.285053925776e-01
4.359197438468e-01	8.972274781965e-01	-7.040475334534e-02
4.197974089604e-02	9.986866615047e-01	-2.937096332872e-02
-1.819853833374e-02	9.994689691137e-01	-2.702948355761e-02
-3.916570259986e-01	9.183185860441e-01	-5.740861008467e-02
-8.084596923806e-01	4.898062256113e-01	-3.263170040747e-01
-7.919493704114e-01	-2.366749231341e-02	-6.101278919313e-01
-6.443855613113e-01	-3.439572117014e-01	-6.829792712024e-01
-5.411835113569e-01	-5.283416499776e-01	-6.541983704767e-01
-5.811701876491e-01	-4.070303622730e-01	-7.046754552103e-01
-4.516748532341e-01	-4.459273140903e-02	-8.910675144238e-01
-1.089089262323e-01	1.257932447033e-01	-9.860602949992e-01
1.027236790809e-01	1.243262765708e-01	-9.869097338207e-01
4.545309260136e-01	-4.511674737521e-02	-8.895876103024e-01
5.515561373330e-01	-3.485000293681e-01	-7.578479774339e-01
4.883468678339e-01	-5.836594801178e-01	-6.487364240934e-01
6.070794621633e-01	-3.831232709054e-01	-6.961832272543e-01
7.846343631088e-01	3.467526754133e-03	-6.199491047554e-01
7.933783601149e-01	4.857662948588e-01	-3.668540370237e-01
4.349619149513e-01	8.942567415336e-01	-1.054182752825e-01
4.286941715180e-02	9.972508337560e-01	-6.043995074457e-02
-1.181574897519e-02	9.984136633995e-01	-5.505038431656e-02
-3.892616566226e-01	9.170304407599e-01	-8.677864600850e-02
-7.940517343855e-01	4.913075411122e-01	-3.579088475654e-01
-7.713221983764e-01	-2.051303720076e-02	-6.361142048380e-01
-6.218732542896e-01	-3.417650519519e-01	-7.046064893709e-01
-5.167741089368e-01	-5.284550680855e-01	-6.735575412297e-01
-5.528436544667e-01	-4.063245635497e-01	-7.275054932934e-01
-4.288608990622e-01	-6.506968531212e-02	-9.010240092855e-01
-1.152604618601e-01	9.437568186716e-02	-9.888418764413e-01
9.794814656186e-02	9.627398454508e-02	-9.905238414520e-01
4.270184366098e-01	-6.481730411098e-02	-9.019168320212e-01
5.233382470589e-01	-3.390187950515e-01	-7.817821536510e-01
4.774771279735e-01	-5.635764600931e-01	-6.740898796830e-01
5.984480614331e-01	-3.529323596118e-01	-7.192347789879e-01
7.711121671617e-01	3.659299837415e-02	-6.356468973614e-01
7.732461369544e-01	5.059103614732e-01	-3.822893116989e-01
4.084858339323e-01	9.040840142562e-01	-1.255843089045e-01
1.673359486119e-02	9.960210239755e-01	-8.753345989822e-02
-2.664766673360e-02	9.957508301517e-01	-8.814865914989e-02
-3.864737785646e-01	9.150223575097e-01	-1.156378127575e-01
-7.757029567931e-01	5.070374697245e-01	-3.757631263413e-01
-7.523835150430e-01	-2.511779583614e-03	-6.587205304641e-01
-6.058976476401e-01	-3.258604463766e-01	-7.257430744219e-01
-4.983130249658e-01	-5.190613946390e-01	-6.944489885836e-01
-5.256142223386e-01	-4.146023964055e-01	-7.428556671186e-01
-4.160622193954e-01	-9.442218480501e-02	-9.044206325645e-01
-1.233451066776e-01	6.635255129596e-02	-9.901430823852e-01
8.030572011912e-02	7.161598354883e-02	-9.941942175533e-01
3.904672657469e-01	-8.591289244278e-02	-9.165993068360e-01
4.961691362347e-01	-3.224521483739e-01	-8.061270372945e-01
4.698088686411e-01	-5.468430052276e-01	-6.929952053080e-01
5.860069489630e-01	-3.229068630234e-01	-7.431870649974e-01
7.528123350381e-01	6.521650856859e-02	-6.549964848949e-01
7.561082145721e-01	5.228659030399e-01	-3.935881290064e-01
4.009857134360e-01	9.032423272770e-01	-1.528520717410e-01
1.310640344762e-02	9.932153008045e-01	-1.155490737153e-01
-3.297477887099e-02	9.920617519691e-01	-1.213513256555e-01
-3.901386432784e-01	9.081954724585e-01	-1.515678819103e-01
-7.584041344510e-01	5.101400422363e-01	-4.056849838911e-01
-7.326684815860e-01	1.025012069310e-03	-6.805849288963e-01
-5.808602280088e-01	-3.209437458323e-01	-7.480618340276e-01
-4.725644012248e-01	-5.179198547997e-01	-7.130511276895e-01
-4.982800833375e-01	-4.080015673732e-01	-7.650174374288e-01
-3.735617446902e-01	-1.081815421656e-01	-9.212754077032e-01
-9.150959226500e-02	4.561906486483e-02	-9.947587121731e-01
1.033164007471e-01	3.128491011495e-02	-9.941564141199e-01
3.953331405850e-01	-1.145240880377e-01	-9.113703644591e-01
4.691581807458e-01	-3.599742250144e-01	-8.064174841635e-01
4.201110255697e-01	-5.708829409313e-01	-7.054072539664e-01
5.524626694392e-01	-3.428674652254e-01	-7.597544999314e-01
7.282694441166e-01	4.642814864152e-02	-6.837163474569e-01
7.382309528445e-01	5.179548776586e-01	-4.321316986429e-01
4.084820423795e-01	8.927660162385e-01	-1.900296326977e-01
4.363213289849e-02	9.874599097011e-01	-1.517206766128e-01
-6.799723561353e-03	9.889937372874e-01	-1.478010533311e-01
-3.618972972520e-01	9.158444620354e-01	-1.739519117480e-01
-7.350680421230e-01	5.359804215805e-01	-4.152107430352e-01
-7.202843514801e-01	3.401957682374e-02	-6.928442259308e-01
-5.726164283540e-01	-2.898696520862e-01	-7.668676618417e-01
-4.578179555971e-01	-4.937958889881e-01	-7.393026035064e-01
-4.721593403381e-01	-4.152370483034e-01	-7.775884200834e-01
-3.567965590682e-01	-1.299694651648e-01	-9.250968346946e-01
-9.525056689802e-02	1.273605855319e-02	-9.953718512788e-01
9.136313053757e-02	4.149158897919e-03	-9.958089991855e-01
3.668364978119e-01	-1.334180671147e-01	-9.206685631868e-01
4.426146993132e-01	-3.657303933760e-01	-8.187389738573e-01
3.996711604743e-01	-5.594689964769e-01	-7.261249241461e-01
5.368556661670e-01	-3.224973677448e-01	-7.796033873079e-01
7.113550705687e-01	6.841397695216e-02	-6.994951689139e-01
7.167325520596e-01	5.315300099517e-01	-4.514092348843e-01
3.906733608637e-01	8.949022950207e-01	-2.156947089713e-01
2.428485378409e-02	9.835835002975e-01	-1.788120348834e-01
-2.455043972786e-02	9.833563514741e-01	-1.800210041208e-01
-3.640287001175e-01	9.079537060841e-01	-2.076130369194e-01
-7.161502782771e-01	5.444682346797e-01	-4.366727840711e-01
-6.983105842215e-01	4.354100473809e-02	-7.144693897366e-01
-5.508272321690e-01	-2.812472460685e-01	-7.858049038278e-01
-4.307910504024e-01	-4.942501809080e-01	-7.550733934960e-01
-4.449112970468e-01	-4.314861526874e-01	-7.847761705092e-01
-3.405429565679e-01	-1.531597875767e-01	-9.276705095030e-01
-9.901467463037e-02	-2.098673435683e-02	-9.948646396314e-01
8.054654596932e-02	-2.328725996492e-02	-9.964787792300e-01
3.376209187796e-01	-1.539432330295e-01	-9.286084191988e-01
4.151120858600e-01	-3.684408440475e-01	-8.318252825026e-01
3.801038469203e-01	-5.483181888544e-01	-7.448947773530e-01
5.199687400077e-01	-2.999816249219e-01	-7.997771777964e-01
6.919970836414e-01	8.993334992130e-02	-7.162765030376e-01
6.956578055720e-01	5.475303974736e-01	-4.650491171791e-01
3.846339190510e-01	8.894676275483e-01	-2.467875358664e-01
2.711467369482e-02	9.774284398307e-01	-2.095195443878e-01
-2.443714877271e-02	9.773397106244e-01	-2.102615414108e-01
-3.601608389382e-01	9.020567268376e-01	-2.378609502681e-01
-6.974777052490e-01	5.438271074299e-01	-4.666657560879e-01
-6.738886242686e-01	4.186970322753e-02	-7.376456127660e-01
-5.234223702225e-01	-2.830013766060e-01	-8.037034547579e-01
-3.985722156392e-01	-5.015760043257e-01	-7.678292133053e-01
-4.170513357756e-01	-4.485240084258e-01	-7.905026231414e-01
-3.135421214141e-01	-1.735404383181e-01	-9.335818412799e-01
-6.065306453294e-02	-4.550610948069e-02	-9.971210557213e-01
1.376831352056e-01	-8.913885079751e-02	-9.864571047737e-01
3.528427064433e-01	-1.946803005788e-01	-9.152057719859e-01
4.015787731028e-01	-4.767111944493e-01	-7.819724586454e-01
3.054824778497e-01	-6.360235639798e-01	-7.086285922747e-01
4.541145858226e-01	-3.777708724193e-01	-8.068885368467e-01
6.473094586789e-01	7.155641076647e-03	-7.621937165220e-01
6.740488956535e-01	5.128171881270e-01	-5.316734127543e-01
4.675182733544e-01	8.361092659881e-01	-2.869633415761e-01
4.766031921001e-03	9.950055864169e-01	-9.970540576546e-02

Hair-22
-5.437160880613e-02	9.983533525699e-01	1.828418902378e-02
-5.751362275201e-01	8.128225474463e-01	-9.240035799085e-02
-8.274952473417e-01	4.337965653772e-01	-3.564718158479e-01
-7.833594430583e-01	-1.209477270700e-01	-6.096881418299e-01
-6.228940202286e-01	-4.193021555054e-01	-6.604458660268e-01
-5.295133360440e-01	-6.003085391541e-01	-5.993707406691e-01
-6.053759259635e-01	-4.426836750114e-01	-6.614764940210e-01
-4.901520919181e-01	-4.042432270022e-02	-8.706990300457e-01
-1.440329856432e-01	1.527693154995e-01	-9.777095863745e-01
1.076812985116e-01	1.596927922104e-01	-9.812761843981e-01
4.721015305912e-01	-2.901871520228e-02	-8.810664327855e-01
5.771613872493e-01	-3.471181375644e-01	-7.391845044658e-01
5.342215975892e-01	-5.547439479882e-01	-6.378608287391e-01
6.412498270511e-01	-3.578969771206e-01	-6.787550464452e-01
8.079254988284e-01	2.705267382623e-02	-5.886633513152e-01
8.016791993272e-01	5.101321933678e-01	-3.115695855757e-01
4.343423873510e-01	8.980519827592e-01	-6.963710801330e-02
5.418086474305e-02	9.980564971358e-01	-3.078412611533e-02
-1.954734031927e-02	9.994037678731e-01	-2.846067896945e-02
-3.827285365987e-01	9.224359756608e-01	-5.129072118646e-02
-7.964766438443e-01	5.300610885945e-01	-2.909642558263e-01
-7.996054313640e-01	2.326417302770e-02	-6.000749389756e-01
-6.691036561378e-01	-2.971925191544e-01	-6.811585013062e-01
-5.663998032301e-01	-4.853368223117e-01	-6.660626335482e-01
-5.774691061809e-01	-3.899433961865e-01	-7.172681361787e-01
-4.391434478576e-01	-4.870513450022e-02	-8.970957819971e-01
-1.587510964248e-01	1.178151460466e-01	-9.802640872469e-01
1.170571076143e-01	1.274350060607e-01	-9.849152008103e-01
4.236598815405e-01	-4.240527228332e-02	-9.048282144450e-01
5.501611078500e-01	-3.367287265141e-01	-7.641573922626e-01
5.089329051244e-01	-5.578071802963e-01	-6.556206583777e-01
6.208582929368e-01	-3.538763915007e-01	-6.995044529023e-01
7.882970983544e-01	3.250122477709e-02	-6.144358022723e-01
7.887053810906e-01	5.110372689919e-01	-3.417378111067e-01
4.344003729839e-01	8.948540136481e-01	-1.026285058324e-01
5.158336170927e-02	9.967902354567e-01	-6.122404178942e-02
-9.529514897142e-03	9.983289499199e-01	-5.699557963271e-02
-3.788921416122e-01	9.218429942509e-01	-8.152446856729e-02
-7.821703702750e-01	5.366856623711e-01	-3.165091020322e-01
-7.809566191453e-01	3.617631706769e-02	-6.235367135113e-01
-6.502302392261e-01	-2.853995189915e-01	-7.040935666198e-01
-5.458635781720e-01	-4.777469088567e-01	-6.883246654764e-01
-5.495957794311e-01	-3.841823449724e-01	-7.418547061542e-01
-3.954287495002e-01	-6.189448880233e-02	-9.164088477992e-01
-1.264814432885e-01	9.959932272577e-02	-9.869561385473e-01
1.216697541617e-01	9.379680709961e-02	-9.881288528831e-01
4.177152179136e-01	-6.903631591153e-02	-9.059514246408e-01
5.223123062974e-01	-3.270193303762e-01	-7.875583865661e-01
4.897137479068e-01	-5.488345255100e-01	-6.774666845826e-01
6.051783079888e-01	-3.356758625189e-01	-7.218593567047e-01
7.711177090249e-01	5.226562815520e-02	-6.345437596744e-01
7.714989929250e-01	5.223081661983e-01	-3.632953116107e-01
4.230931973786e-01	8.965890529036e-01	-1.308442453662e-01
4.037729432631e-02	9.949961831772e-01	-9.139075207970e-02
-1.512399352935e-02	9.961207892211e-01	-8.668701229843e-02
-3.819858859718e-01	9.174266941946e-01	-1.114228149776e-01
-7.722637286710e-01	5.255649657159e-01	-3.569176378260e-01
-7.552448498848e-01	2.822172872128e-02	-6.548349034302e-01
-6.196668549601e-01	-2.972850477441e-01	-7.263846014692e-01
-5.134618543359e-01	-4.918298636506e-01	-7.031787179398e-01
-5.242217078636e-01	-3.959647601191e-01	-7.539254006521e-01
-3.913622037352e-01	-8.838427825760e-02	-9.159824478910e-01
-1.200717751840e-01	6.934669409338e-02	-9.903402469972e-01
8.901579597065e-02	7.166654703578e-02	-9.934485865427e-01
3.885315001079e-01	-8.628748507158e-02	-9.173863653575e-01
4.959322070822e-01	-3.218850980234e-01	-8.064993674201e-01
4.663431520725e-01	-5.517951035019e-01	-6.914088719899e-01
5.821815797199e-01	-3.258340104655e-01	-7.449139586951e-01
7.496166693689e-01	5.896644044397e-02	-6.592403263649e-01
7.579369734686e-01	5.207237426274e-01	-3.929100763702e-01
4.057744713926e-01	9.013092224070e-01	-1.516204602626e-01
2.680607704754e-02	9.925486512336e-01	-1.188638261526e-01
-3.754766174929e-02	9.919160699558e-01	-1.212133790492e-01
-3.916352751334e-01	9.078445390730e-01	-1.498002141067e-01
-7.617196390815e-01	4.998490902799e-01	-4.122306131087e-01
-7.282205897682e-01	-3.013476626617e-03	-6.853361887398e-01
-5.783870457848e-01	-3.287511703121e-01	-7.465862932620e-01
-4.703889781716e-01	-5.227944445333e-01	-7.109290949031e-01
-4.986504486667e-01	-4.071589407426e-01	-7.652250172452e-01
-3.620906308771e-01	-1.011613185237e-01	-9.266373415018e-01
-7.857092929217e-02	4.741420803002e-02	-9.957803482431e-01
1.099662738614e-01	3.628681582002e-02	-9.932727146211e-01
3.946301860195e-01	-1.236810269229e-01	-9.104779073989e-01
4.700066216519e-01	-3.623173344317e-01	-8.048726140040e-01
4.173690732980e-01	-5.798459441076e-01	-6.997011774724e-01
5.480725227746e-01	-3.504707948683e-01	-7.594647666112e-01
7.250829270731e-01	3.995931443871e-02	-6.875012742218e-01
7.408905929584e-01	5.089564938504e-01	-4.382287263898e-01
4.143853680422e-01	8.893351504309e-01	-1.933074156894e-01
4.696141744401e-02	9.870758153079e-01	-1.532186676158e-01
-1.276934139627e-02	9.888207600868e-01	-1.485612612418e-01
-3.636469175920e-01	9.156620478143e-01	-1.712423239693e-01
-7.339266073051e-01	5.470914369509e-01	-4.025452703791e-01
-7.195433066614e-01	4.817093455532e-02	-6.927748486361e-01
-5.784969797598e-01	-2.769162640259e-01	-7.672409185690e-01
-4.666836223660e-01	-4.830974618615e-01	-7.408260517546e-01
-4.712222454047e-01	-4.045069980304e-01	-7.837880351091e-01
-3.506026241852e-01	-1.296438194530e-01	-9.275075633072e-01
-9.095006016389e-02	1.434320820894e-02	-9.957521573838e-01
8.907894988213e-02	1.040952285786e-02	-9.959701715020e-01
3.616272793151e-01	-1.384735677045e-01	-9.219819856713e-01
4.423364458601e-01	-3.510591794993e-01	-8.252853574087e-01
4.116352310146e-01	-5.461161842226e-01	-7.295982112901e-01
5.446653141979e-01	-3.043080717399e-01	-7.814961887198e-01
7.114724843662e-01	8.766457771257e-02	-6.972243726408e-01
7.157323974223e-01	5.469996893193e-01	-4.341871430209e-01
3.876131619918e-01	8.967863626896e-01	-2.133782002565e-01
2.377281042021e-02	9.832706181027e-01	-1.805927602664e-01
-3.270596559444e-02	9.829902019335e-01	-1.807223913004e-01
-3.743953568688e-01	9.033529864800e-01	-2.092402890764e-01
-7.172710104831e-01	5.452442338034e-01	-4.338559934179e-01
-6.957864813329e-01	4.617836944136e-02	-7.167626738259e-01
-5.516415724215e-01	-2.794458412605e-01	-7.858763244802e-01
-4.336096808977e-01	-4.927539025220e-01	-7.544376953607e-01
-4.445381304977e-01	-4.289355965378e-01	-7.863841965327e-01
-3.343099876762e-01	-1.550423739955e-01	-9.296228775185e-01
-8.980042721641e-02	-1.626437957459e-02	-9.958269695227e-01
8.255275102089e-02	-1.941410007769e-02	-9.963975792910e-01
3.429136357548e-01	-1.620145791430e-01	-9.252899624218e-01
4.156695240177e-01	-3.635318185950e-01	-8.337046621388e-01
3.847913457558e-01	-5.453979026234e-01	-7.446319547571e-01
5.230423192968e-01	-2.939359912975e-01	-8.000177280814e-01
6.897333367573e-01	9.790100301523e-02	-7.174143278290e-01
6.960685404682e-01	5.556709991450e-01	-4.546628725548e-01
3.756924057882e-01	8.948833837957e-01	-2.409127344901e-01
2.149025114335e-02	9.774896582460e-01	-2.098860098432e-01
-3.493232817758e-02	9.767448615958e-01	-2.115400855497e-01
-3.674759303155e-01	8.988297115394e-01	-2.388861450414e-01
-6.982495165242e-01	5.434100441533e-01	-4.659969276583e-01
-6.732649710580e-01	4.714284228175e-02	-7.378968973833e-01
-5.241528482663e-01	-2.776472150175e-01	-8.050936688656e-01
-4.007981598109e-01	-4.999956204615e-01	-7.677012534909e-01
-4.171633853610e-01	-4.491911816812e-01	-7.900645493971e-01
-3.165980752157e-01	-1.804503287947e-01	-9.312375301756e-01
-3.834067869545e-02	-4.791666303069e-02	-9.981152166765e-01
9.928737177583e-02	-6.857187338958e-02	-9.926932637959e-01
3.671504903828e-01	-2.001743208807e-01	-9.083670836570e-01
4.045100353126e-01	-4.783540964073e-01	-7.794542897321e-01
3.042976157719e-01	-6.410820353746e-01	-7.045685097672e-01
4.557268606576e-01	-3.721293602304e-01	-8.085992627561e-01
6.444142452007e-01	1.814333195986e-02	-7.644613136633e-01
6.812842183151e-01	5.372769687093e-01	-4.971773051633e-01
4.103013728420e-01	8.802499826827e-01	-2.383542561633e-01
1.054687797573e-01	9.670707349461e-01	-2.316258407592e-01

Hair-23
-2.098033344653e-01	9.774463754971e-01	-2.410692587005e-02
-4.721360889662e-01	8.815095408509e-01	-5.333187095857e-03
-8.393501021506e-01	3.872960002359e-01	-3.814357275100e-01
-7.671818284610e-01	-1.376237235932e-01	-6.264916222773e-01
-6.222453881371e-01	-4.236334959956e-01	-6.582897067498e-01
-5.390864000871e-01	-5.857798431371e-01	-6.051841278614e-01
-6.038128248742e-01	-4.106276001482e-01	-6.832240090292e-01
-4.539670125799e-01	-2.871543713911e-02	-8.905556552845e-01
-1.215276598046e-01	1.642263439324e-01	-9.789079302268e-01
1.063679244626e-01	1.593290765485e-01	-9.814785326291e-01
4.467985536138e-01	-1.908021568942e-02	-8.944311029128e-01
5.769240234535e-01	-3.334900035580e-01	-7.456159123095e-01
5.227514492683e-01	-5.751343007243e-01	-6.292467389015e-01
6.278731755008e-01	-3.832837434988e-01	-6.773985883186e-01
8.008801308199e-01	3.574534257891e-03	-5.988140268587e-01
8.117618875901e-01	4.750728846950e-01	-3.396297868027e-01
4.609837689246e-01	8.836948870221e-01	-8.110062539218e-02
6.787346741300e-02	9.971712073288e-01	-3.229203765275e-02
1.209635400881e-02	9.996339861167e-01	-2.419859541478e-02
-3.711516519739e-01	9.275485272244e-01	-4.359106423194e-02
-7.977291582740e-01	5.323188496215e-01	-2.833104875875e-01
-8.035803925526e-01	4.518020399607e-02	-5.934789818283e-01
-6.717057867444e-01	-2.689200230399e-01	-6.902849826428e-01
-5.886102156976e-01	-4.490098560531e-01	-6.722560249962e-01
-5.708635897008e-01	-3.130536516255e-01	-7.590205353993e-01
-3.906545592492e-01	-2.742304443081e-02	-9.201287909700e-01
-9.615080512811e-02	1.467938244721e-01	-9.844829078100e-01
6.754269448808e-02	1.388785408829e-01	-9.880034085485e-01
3.865497815562e-01	-1.497671883366e-02	-9.221469320406e-01
5.390178736713e-01	-2.610858320492e-01	-8.008082917691e-01
5.349814480350e-01	-5.144870552861e-01	-6.701476853660e-01
6.376175000103e-01	-3.091558898033e-01	-7.055965982632e-01
7.962710909676e-01	7.137710814337e-02	-6.007142899269e-01
7.853150004672e-01	5.277872096549e-01	-3.236062597756e-01
4.113657613891e-01	9.067746640580e-01	-9.240086027349e-02
1.865109694228e-02	9.981312851953e-01	-5.818998279191e-02
-2.182293570940e-02	9.981909912336e-01	-5.602235711788e-02
-3.997336397951e-01	9.126218341581e-01	-8.564114101361e-02
-7.908988483223e-01	5.090274577977e-01	-3.396616830472e-01
-7.763456365998e-01	1.146029706811e-02	-6.302032323970e-01
-6.358132660640e-01	-3.069960991001e-01	-7.081630361960e-01
-5.437600947030e-01	-4.929725031640e-01	-6.791929553027e-01
-5.511385697637e-01	-3.610856238238e-01	-7.522389575039e-01
-4.014268387464e-01	-5.853144287962e-02	-9.140189075334e-01
-1.176785946435e-01	1.030428850762e-01	-9.876912028554e-01
4.634260114928e-02	1.121205371633e-01	-9.926133932528e-01
3.637968227288e-01	-3.007421947619e-02	-9.309927030301e-01
5.100787182855e-01	-2.694264164266e-01	-8.168409314449e-01
5.119713117156e-01	-5.057977691178e-01	-6.943010821939e-01
6.205376231044e-01	-2.862948487483e-01	-7.300467915772e-01
7.786957961329e-01	8.580110397978e-02	-6.215070616178e-01
7.661634381251e-01	5.432059239086e-01	-3.433961419569e-01
3.783326312476e-01	9.192041279032e-01	-1.092162596820e-01
-4.102196046926e-03	9.961823994011e-01	-8.719976554528e-02
-4.320698687254e-02	9.950949160855e-01	-8.899024815200e-02
-3.959132615872e-01	9.113720852027e-01	-1.124882732228e-01
-7.765614312202e-01	5.073038434408e-01	-3.736243487400e-01
-7.519632012954e-01	2.030501683709e-03	-6.592019576431e-01
-6.063342217798e-01	-3.187208397475e-01	-7.285436416642e-01
-5.051272757460e-01	-5.093970237126e-01	-6.966786257165e-01
-5.272326633848e-01	-3.962592115221e-01	-7.516677164439e-01
-3.856015131567e-01	-8.552412290919e-02	-9.186931465140e-01
-1.215813012186e-01	7.039801423178e-02	-9.900818687292e-01
3.966848121270e-02	8.163805467682e-02	-9.958723008633e-01
3.374499875267e-01	-4.532991878226e-02	-9.402514048814e-01
4.889608692819e-01	-2.900632159842e-01	-8.226667606291e-01
4.751295081343e-01	-5.282577331394e-01	-7.037014408671e-01
5.921129887653e-01	-3.000607517702e-01	-7.479075837178e-01
7.551411568786e-01	6.811013428934e-02	-6.520144498361e-01
7.533795376173e-01	5.330558409566e-01	-3.850594015495e-01
3.756601693092e-01	9.170879976535e-01	-1.335254348594e-01
1.525379875314e-03	9.933882121122e-01	-1.147934373241e-01
-4.568098118484e-02	9.914917636083e-01	-1.218906504000e-01
-3.811342362097e-01	9.125681005397e-01	-1.481760974864e-01
-7.577162408871e-01	5.151650088793e-01	-4.005884570508e-01
-7.325184213910e-01	2.069633555586e-03	-6.807440627283e-01
-5.839715966373e-01	-3.158552648246e-01	-7.478052059216e-01
-4.739783134555e-01	-5.135976062608e-01	-7.152356655096e-01
-5.009161281511e-01	-3.932891669815e-01	-7.709777322939e-01
-3.490194409455e-01	-9.562063709080e-02	-9.322242882506e-01
-1.014546244629e-01	4.540395875198e-02	-9.938035216806e-01
4.837467279386e-02	4.757364842700e-02	-9.976956645227e-01
3.315814140068e-01	-7.615512272109e-02	-9.403478947542e-01
4.663082321998e-01	-3.137303449406e-01	-8.271214561636e-01
4.400485883684e-01	-5.435182876426e-01	-7.148042465410e-01
5.658452544806e-01	-3.127668378911e-01	-7.628866580937e-01
7.322535395467e-01	6.692836133427e-02	-6.777354559637e-01
7.341885119225e-01	5.396955888746e-01	-4.119416224544e-01
3.821570093530e-01	9.082193179903e-01	-1.705687270038e-01
3.474454266968e-02	9.879125405119e-01	-1.510682926824e-01
-1.265266284421e-02	9.888842675196e-01	-1.481479516404e-01
-3.434831745399e-01	9.255385037219e-01	-1.593668313552e-01
-7.316966525564e-01	5.549209243410e-01	-3.958317525999e-01
-7.228147404986e-01	5.390908477193e-02	-6.889358907018e-01
-5.805260046843e-01	-2.605683078464e-01	-7.714231749380e-01
-4.736690387194e-01	-4.695550929752e-01	-7.450876837123e-01
-4.693505096861e-01	-3.791263328857e-01	-7.974793557015e-01
-3.220484164515e-01	-1.085791849704e-01	-9.404761443292e-01
-7.506404896115e-02	1.849692427552e-02	-9.970071475902e-01
4.971451748177e-02	2.330307906263e-02	-9.984915789619e-01
3.131387268207e-01	-1.079666561740e-01	-9.435503902388e-01
4.396764193440e-01	-3.157533518502e-01	-8.408236836984e-01
4.162645583675e-01	-5.366903707564e-01	-7.339531751989e-01
5.462189570571e-01	-2.926872094600e-01	-7.848433272762e-01
7.123932472023e-01	8.173845290666e-02	-6.970040793689e-01
7.152561223158e-01	5.491006932430e-01	-4.323159818580e-01
3.684936881849e-01	9.075909093535e-01	-2.012241114448e-01
1.431378146043e-02	9.839002628759e-01	-1.781442908800e-01
-2.816574415070e-02	9.831683828954e-01	-1.805176493621e-01
-3.520608474322e-01	9.153036034493e-01	-1.956335176243e-01
-7.149513874632e-01	5.540351289187e-01	-4.264851574070e-01
-6.990283388845e-01	5.298594378878e-02	-7.131282291406e-01
-5.556699878902e-01	-2.634366616673e-01	-7.885632440380e-01
-4.415102519100e-01	-4.781458419214e-01	-7.592399168324e-01
-4.462851600617e-01	-3.992668903075e-01	-8.008842027490e-01
-3.102096717143e-01	-1.400463654190e-01	-9.402962166827e-01
-8.573647669698e-02	-9.806211744031e-03	-9.962695894058e-01
3.735990018389e-02	-1.064942006583e-02	-9.992451289401e-01
2.944719511957e-01	-1.320527051419e-01	-9.464926587268e-01
4.110532628172e-01	-3.297761299288e-01	-8.498722958519e-01
3.921784315640e-01	-5.296090048734e-01	-7.521372080765e-01
5.231033791395e-01	-2.732894619706e-01	-8.072643462390e-01
6.916639972246e-01	9.837044263693e-02	-7.154887636845e-01
6.962772898505e-01	5.598238220480e-01	-4.492162329057e-01
3.513975978505e-01	9.092474584834e-01	-2.231340123479e-01
-2.508021302006e-03	9.791681194799e-01	-2.030357200676e-01
-4.489705754837e-02	9.759475941893e-01	-2.133320126459e-01
-3.636414238498e-01	9.005751400660e-01	-2.381792013498e-01
-6.990665424738e-01	5.409394982910e-01	-4.676434842723e-01
-6.712420627879e-01	3.758878275858e-02	-7.402845240547e-01
-5.211194128811e-01	-2.843611708479e-01	-8.047193809226e-01
-3.988529632266e-01	-5.032501517802e-01	-7.665869803607e-01
-4.191830024259e-01	-4.426372046016e-01	-7.926903024383e-01
-2.999693086009e-01	-1.679173111190e-01	-9.390538805223e-01
-5.660510533953e-02	-4.333609236170e-02	-9.974556858068e-01
1.239314358660e-01	-7.237187263559e-02	-9.896480744464e-01
3.519852950923e-01	-2.198562840659e-01	-9.098184249593e-01
3.989652689742e-01	-4.811200024076e-01	-7.806089017143e-01
3.056386136424e-01	-6.416848412495e-01	-7.034384140502e-01
4.444692535317e-01	-4.013319230463e-01	-8.008618920944e-01
6.279469805474e-01	-2.182911861711e-02	-7.779499207545e-01
6.827334471670e-01	4.747596614208e-01	-5.554082318503e-01
4.597402044724e-01	8.421401252583e-01	-2.818491685665e-01
1.448478800112e-01	9.592951183660e-01	-2.424293042013e-01

Hair-24
-1.054741278916e-01	9.939731871570e-01	-2.987493194220e-02
-3.253143782215e-02	9.994706960573e-01	-1.824171704809e-04
-5.968737752106e-02	9.982160947555e-01	-1.430082435069e-03
-2.188408018737e-02	9.997604315510e-01	4.080923592142e-04
-4.124535783138e-02	9.991487137801e-01	8.174404417230e-04
-1.662902258107e-02	9.998617095824e-01	1.931812889942e-04
-2.669859087345e-02	9.996434267973e-01	-4.522236470956e-04
-7.651007414451e-03	9.999707203706e-01	1.431328904757e-04
-3.915868104973e-02	9.992304125481e-01	-2.276035471075e-03
6.194100285875e-03	9.999808155264e-01	4.124140768741e-05
-1.869529631579e-02	9.998252272785e-01	2.816437605374e-05
1.134335841583e-02	9.999356296351e-01	-2.545705102064e-04
-1.348869017924e-02	9.999090219454e-01	-5.540313389396e-05
9.359908502098e-03	9.999561550174e-01	-2.831177590422e-04
-4.967985660860e-02	9.987530448292e-01	-4.926184302019e-03

Hair-25
9.991258099113e-01	4.141277374190e-02	-5.709478088648e-03
9.990093140293e-01	-4.449477335238e-02	-7.782204642962e-04
9.999783973471e-01	-6.570709434467e-03	1.749761788287e-04
9.990457720663e-01	-4.365988180097e-02	-1.166206453680e-03
9.999225214406e-01	-1.243803338510e-02	-4.964286252158e-04
9.995445906137e-01	-3.016032777593e-02	9.828546674205e-04
9.999445943562e-01	1.041135022181e-02	-1.553062888758e-03

Hair-26
9.992699290033e-01	3.819151858120e-02	1.008413708266e-03
9.986500379557e-01	5.194284772773e-02	-2.055750523063e-04
9.994735023327e-01	3.244319770748e-02	-3.963046051304e-04
9.994554274270e-01	3.299669451118e-02	2.583372308217e-04
9.994911846012e-01	3.189209760827e-02	-5.157661233698e-04
9.995427313288e-01	3.020203745515e-02	-1.471455492319e-03
9.996624325621e-01	2.597719902764e-02	4.539325418584e-04

