Hair-0
-2.000813277143e-02	4.686676663123e-01	8.831479452370e-01
-4.652316977684e-03	5.626671719692e-01	8.266704358661e-01
-5.267559817452e-02	4.598115101343e-01	8.864528506948e-01
-2.966969644837e-03	4.809568838292e-01	8.767392274722e-01
5.239435062428e-03	4.850353248556e-01	8.744788630736e-01
-7.362285018353e-03	4.977459189770e-01	8.672916446623e-01
4.272874897491e-02	5.334829939470e-01	8.447308146270e-01
8.866533068797e-02	5.317929720518e-01	8.422200983177e-01

Hair-1
3.526819701402e-02	4.851428900460e-01	-8.737233718501e-01
-3.110174490934e-02	7.294901431619e-01	-6.832838447477e-01
-1.486620064441e-02	5.732441440598e-01	-8.192497466460e-01
-2.738014072670e-02	5.444427057797e-01	-8.383510410425e-01
2.633087286223e-02	5.463250182852e-01	-8.371592796655e-01
-1.365848755580e-02	5.624782816954e-01	-8.266992369288e-01
2.484706973750e-02	7.290887225352e-01	-6.839680239584e-01
-3.038621410260e-02	4.865130861146e-01	-8.731447159731e-01

Hair-2
-2.196503453203e-02	4.565273546326e-01	8.894382000623e-01
-1.392896111454e-02	6.025464040322e-01	7.979622892281e-01
-1.670245993917e-03	4.892222137977e-01	8.721575751005e-01
3.743940572135e-03	4.819605470164e-01	8.761849199961e-01
6.634510563244e-03	4.842365927699e-01	8.749119415645e-01
4.100111931832e-04	4.944904975058e-01	8.691829380328e-01
4.159915198250e-02	5.271832648976e-01	8.487327705269e-01
8.902019177009e-02	5.330625849875e-01	8.413796324750e-01

Hair-3
3.283151158424e-02	4.851836354983e-01	-8.737957036354e-01
-1.908147861282e-02	7.293772764799e-01	-6.838455130574e-01
-1.310642634066e-02	5.760381697371e-01	-8.173177158208e-01
-2.622791401270e-02	5.439814133453e-01	-8.386872590313e-01
1.827950645068e-02	5.435366803031e-01	-8.391863540412e-01
-5.434939671632e-03	5.687469879096e-01	-8.224945745563e-01
3.350614105399e-02	7.222143448928e-01	-6.908572779835e-01
-2.769716662315e-02	4.897819754271e-01	-8.714048906839e-01

Hair-4
-2.290605299421e-02	4.576947770015e-01	8.888142684733e-01
-1.431486850824e-02	6.029727088666e-01	7.976333724849e-01
-6.989221238143e-03	4.892189836177e-01	8.721329811758e-01
1.728928359195e-03	4.816819200226e-01	8.763444178690e-01
7.470754810085e-03	4.833840823994e-01	8.753764999732e-01
-3.224000265124e-03	4.975670135393e-01	8.674195483501e-01
4.109079321756e-02	5.292313510288e-01	8.474819902517e-01
8.836580785924e-02	5.332712489251e-01	8.413163846444e-01

Hair-5
3.757342248393e-02	4.681631004736e-01	-8.828428791567e-01
-2.658626783912e-02	7.096166250147e-01	-7.040862275781e-01
-6.615037942949e-03	5.737507572622e-01	-8.190032416383e-01
-1.131607890617e-02	5.407944308025e-01	-8.410786705007e-01
5.350895796046e-04	5.402275691480e-01	-8.415187978956e-01
-1.431770820628e-02	5.652791789854e-01	-8.247753955092e-01
3.655025798674e-02	6.996559324992e-01	-7.135444308239e-01
-3.821300689104e-02	4.702809897230e-01	-8.816890363442e-01

Hair-6
-2.306967671660e-02	4.519294754153e-01	8.917553135626e-01
-1.564682711591e-02	5.994056410106e-01	8.002924804881e-01
-1.009339331750e-02	4.875725176126e-01	8.730241482801e-01
1.056677162541e-02	4.824829076791e-01	8.758416450106e-01
4.569859547604e-03	4.838046724036e-01	8.751640733852e-01
1.350822290667e-03	4.958628047873e-01	8.683998238758e-01
4.191821258900e-02	5.251726084472e-01	8.499627019994e-01
9.362665193477e-02	5.311206380899e-01	8.421074265451e-01

Hair-7
4.346453325290e-02	4.682478875386e-01	-8.825274784191e-01
-3.093652721804e-02	7.024588643290e-01	-7.110516684526e-01
-1.815639798470e-03	5.733788763931e-01	-8.192883299293e-01
7.877752564975e-03	5.387064034520e-01	-8.424567359184e-01
4.548684264458e-03	5.403608104908e-01	-8.414211216491e-01
-8.874415191812e-03	5.670627368186e-01	-8.236267948936e-01
3.668550844139e-02	7.026668271550e-01	-7.105726588368e-01
-3.677264517160e-02	4.664037130832e-01	-8.838073030867e-01

Hair-8
-1.931000395454e-02	4.537062453685e-01	8.909420669499e-01
-1.679560732374e-02	6.025655540232e-01	7.978926373136e-01
-1.040068375664e-02	4.858763800208e-01	8.739656567139e-01
1.316679046012e-02	4.833596758673e-01	8.753228315167e-01
5.636139288072e-03	4.839856760819e-01	8.750577691110e-01
7.021589015282e-04	4.981505748033e-01	8.670902558535e-01
4.648940078107e-02	5.317613950611e-01	8.456172623224e-01
9.606747116965e-02	5.365750624494e-01	8.383664135332e-01

Hair-9
4.012431109312e-02	4.842526377585e-01	-8.740076787324e-01
-3.603246680347e-02	7.179905805998e-01	-6.951195490749e-01
-1.220969253667e-02	5.801805808394e-01	-8.143963513088e-01
-1.688628339515e-02	5.427328373157e-01	-8.397356254991e-01
1.229307892705e-02	5.415422113116e-01	-8.405836743467e-01
-3.144942498132e-03	5.721948028780e-01	-8.201117100103e-01
2.729068664539e-02	7.247737413606e-01	-6.884462522642e-01
-2.597501302750e-02	4.819183354176e-01	-8.758310434590e-01

Hair-10
-2.093930402060e-02	4.530562090271e-01	8.912360052248e-01
-2.102170364462e-02	6.015976796002e-01	7.985225857016e-01
-1.118993448467e-02	4.862302943499e-01	8.737590550161e-01
1.066522723488e-02	4.832656750331e-01	8.754087846617e-01
1.431723974352e-02	4.830203732193e-01	8.754920534769e-01
-3.597183047960e-03	4.974518373556e-01	8.674841380600e-01
4.069637621882e-02	5.267438510351e-01	8.490493038448e-01
9.297209904163e-02	5.405300843760e-01	8.361718822612e-01

Hair-11
2.598929609438e-02	4.805114261259e-01	-8.766032887521e-01
-2.469068523522e-02	7.217616549007e-01	-6.917011519274e-01
-1.196826789865e-02	5.793742232292e-01	-8.149737848674e-01
-2.807070739558e-02	5.439174508204e-01	-8.386690897364e-01
9.063405886403e-03	5.412990587251e-01	-8.407812936175e-01
-7.256041227910e-03	5.700647596979e-01	-8.215677206514e-01
2.950909410211e-02	7.202593068082e-01	-6.930770118259e-01
-3.163921142268e-02	4.829590171987e-01	-8.750711673956e-01

Hair-12
-2.134443772745e-02	4.535732515334e-01	8.909633665149e-01
-1.909296926329e-02	6.008313649963e-01	7.991477518966e-01
-1.026362829110e-02	4.874700072686e-01	8.730794064390e-01
2.842754170228e-03	4.818544009137e-01	8.762466861956e-01
9.265990448842e-03	4.831060327763e-01	8.755128225881e-01
1.234687528140e-03	4.929809271085e-01	8.700392411001e-01
3.629026705955e-02	5.304856643697e-01	8.469167470389e-01
9.200103713435e-02	5.383315014839e-01	8.376962478586e-01

Hair-13
2.089337184670e-02	4.779910806758e-01	-8.781161619099e-01
-2.116296031960e-02	7.174754878701e-01	-6.962622016281e-01
-6.972058857557e-03	5.723133412685e-01	-8.200053840076e-01
-1.703032560843e-02	5.423344132600e-01	-8.399900905389e-01
1.473523544747e-03	5.399546995894e-01	-8.416927890387e-01
-8.700511071141e-03	5.687297146814e-01	-8.224784573139e-01
3.196946383498e-02	7.158705769576e-01	-6.975007314896e-01
-3.920242120157e-02	4.715726935031e-01	-8.809553705575e-01

Hair-14
-2.072954923165e-02	4.532909573747e-01	8.911215370256e-01
-1.959589947464e-02	6.052872706283e-01	7.957658705544e-01
2.017042961661e-02	5.086199891601e-01	8.607548201409e-01
4.166519655940e-02	4.886300543249e-01	8.714956577093e-01
4.590620077117e-02	4.790208637719e-01	8.766023230644e-01
6.063020284384e-02	4.790295173777e-01	8.757024037788e-01
1.007653614901e-01	4.530256464818e-01	8.857844577286e-01
8.227426686708e-02	5.063062140304e-01	8.584200385858e-01

Hair-15
1.966131854549e-02	4.114646765457e-01	-9.112136151903e-01
-1.297789348340e-02	6.596436219529e-01	-7.514664771616e-01
2.989537609049e-02	5.671991526479e-01	-8.230379017542e-01
-2.662647193930e-02	5.505164679374e-01	-8.343995742579e-01

Hair-16
-7.966401181647e-02	9.968162569985e-01	-3.315871659364e-03
-4.620073844604e-01	8.856273410386e-01	-4.704667372874e-02
-8.250504947743e-01	4.824700221538e-01	-2.941332330689e-01
-8.124252669903e-01	-3.976605131624e-02	-5.817076986928e-01

Hair-17
-8.798474515884e-02	9.960988172511e-01	-6.769851565956e-03
-4.903737280820e-01	8.698279440793e-01	-5.415675863305e-02
-8.266465893459e-01	4.604552887310e-01	-3.234754139073e-01
-7.979579874433e-01	-6.686974394325e-02	-5.989920597307e-01
-6.485164908246e-01	-3.822648924811e-01	-6.582552036292e-01
-5.538471919626e-01	-5.534927521681e-01	-6.220121069984e-01
-6.046100640760e-01	-3.981416461257e-01	-6.898767281466e-01
-4.636744862329e-01	-2.241097329405e-02	-8.857221455359e-01
-1.237448953989e-01	1.591495430385e-01	-9.794685415129e-01
1.153496266153e-01	1.541966413906e-01	-9.812837812904e-01
4.625171077942e-01	-2.378417717975e-02	-8.862912827697e-01
5.775357850403e-01	-3.454053503205e-01	-7.396942347807e-01
5.141071143253e-01	-5.840392015851e-01	-6.281656517289e-01
6.245167471718e-01	-3.946052721392e-01	-6.739922193185e-01
7.991033531808e-01	-9.370363750246e-03	-6.011206428151e-01
8.103266619421e-01	4.771389497901e-01	-3.401604379392e-01
4.563760315918e-01	8.863687615188e-01	-7.791878074101e-02
7.289254529396e-02	9.968407769183e-01	-3.154587633014e-02
-1.636115927289e-02	9.994400022239e-01	-2.918894348647e-02
-3.864752137836e-01	9.205586518510e-01	-5.664519073221e-02
-8.038212787342e-01	5.041702050056e-01	-3.157273447751e-01
-7.951955745970e-01	-8.437467400751e-03	-6.062943239757e-01
-6.543584703960e-01	-3.272929667155e-01	-6.816849023996e-01
-5.523491279733e-01	-5.066814850475e-01	-6.619549180550e-01
-5.770819839735e-01	-3.795334792920e-01	-7.231394899117e-01
-4.362753674772e-01	-3.914923988902e-02	-8.989611452943e-01
-1.104761843280e-01	1.338244306090e-01	-9.848279212474e-01
1.076753872678e-01	1.254032042293e-01	-9.862454295690e-01
4.427067759007e-01	-4.638811645952e-02	-8.954657186196e-01
5.510137180033e-01	-3.509954974049e-01	-7.570905120088e-01
4.897437541348e-01	-5.847037012346e-01	-6.467400073047e-01
6.054518217811e-01	-3.860815932615e-01	-6.959663029534e-01
7.809369769162e-01	-8.829385149707e-04	-6.246092046269e-01
7.941370075754e-01	4.855872607109e-01	-3.654468845599e-01
4.470173173274e-01	8.880635709617e-01	-1.073247964835e-01
7.365534988521e-02	9.953315628834e-01	-6.236961889666e-02
-1.634165653819e-02	9.980823149169e-01	-5.970463057170e-02
-3.784761789703e-01	9.217695632196e-01	-8.424164216160e-02
-7.862935268075e-01	5.170924600896e-01	-3.381684157622e-01
-7.777753597070e-01	5.159347479670e-03	-6.285211778183e-01
-6.366782494066e-01	-3.150005569527e-01	-7.038575536656e-01
-5.307247642577e-01	-5.020852883080e-01	-6.828188543591e-01
-5.510688918978e-01	-3.875048088067e-01	-7.390284835744e-01
-4.143654544328e-01	-6.167244749014e-02	-9.080186007970e-01
-1.024867676652e-01	1.050568374401e-01	-9.891711294617e-01
9.844124353081e-02	9.876507007939e-02	-9.902296614949e-01
4.206245638372e-01	-6.835421815923e-02	-9.046561098874e-01
5.241943516234e-01	-3.536999649262e-01	-7.746719412353e-01
4.690776519516e-01	-5.784009104467e-01	-6.673968408931e-01
5.893980175578e-01	-3.701206314895e-01	-7.180673332249e-01
7.639903672337e-01	1.493940011278e-02	-6.450546745031e-01
7.756508164809e-01	4.999066227916e-01	-3.853040090392e-01
4.334069274248e-01	8.909914924179e-01	-1.352501227324e-01
6.351265023548e-02	9.936849027559e-01	-9.250112050654e-02
-2.578916616489e-02	9.955747803711e-01	-9.036468114061e-02
-3.830750951115e-01	9.164585884256e-01	-1.155730384054e-01
-7.720435161640e-01	5.159534080340e-01	-3.711345980736e-01
-7.549452641739e-01	2.200548246601e-03	-6.557841151543e-01
-6.101262716060e-01	-3.178207226948e-01	-7.257657479668e-01
-5.023907266258e-01	-5.099651991701e-01	-6.982399683747e-01
-5.247262932769e-01	-4.002702836505e-01	-7.512962246480e-01
-3.918229459391e-01	-8.375509607886e-02	-9.162204226694e-01
-9.483697458313e-02	7.554313154502e-02	-9.926223771044e-01
9.182496951317e-02	7.018948453266e-02	-9.932983495581e-01
3.991900105647e-01	-9.066568459003e-02	-9.123744127841e-01
4.963679894978e-01	-3.584761166758e-01	-7.906413173968e-01
4.415384902431e-01	-5.813787209292e-01	-6.834051100808e-01
5.667938164754e-01	-3.634875853307e-01	-7.393385861131e-01
7.433379737760e-01	2.028579276638e-02	-6.686083632101e-01
7.584125109801e-01	5.056679045161e-01	-4.112303898439e-01
4.228438989827e-01	8.915364945243e-01	-1.623752321766e-01
5.772333594132e-02	9.907967243709e-01	-1.224331142451e-01
-2.883974609520e-02	9.922804445521e-01	-1.206142131123e-01
-3.868352028012e-01	9.097959983630e-01	-1.504319355607e-01
-7.566234121027e-01	5.167508664204e-01	-4.006114755119e-01
-7.325580711836e-01	2.638657147541e-03	-6.806994269369e-01
-5.849070596320e-01	-3.173092877373e-01	-7.464573313381e-01
-4.745543742344e-01	-5.140874212735e-01	-7.145014130031e-01
-4.983735142012e-01	-4.146270070740e-01	-7.613857664467e-01
-3.706696425165e-01	-1.053791277604e-01	-9.227671729906e-01
-9.114908014251e-02	4.535172600176e-02	-9.948040340378e-01
8.449074584877e-02	4.011805146217e-02	-9.956163195794e-01
3.764089783504e-01	-1.099537497348e-01	-9.199056766519e-01
4.695129668424e-01	-3.538001296197e-01	-8.089394552424e-01
4.308167995600e-01	-5.564702784660e-01	-7.104489527058e-01
5.614308417918e-01	-3.250484635333e-01	-7.610117648496e-01
7.313703309993e-01	6.084426752000e-02	-6.792609322226e-01
7.332105078540e-01	5.392567696304e-01	-4.142517200691e-01
3.924472828538e-01	9.014810207290e-01	-1.825297220896e-01
3.758276828943e-02	9.876347350791e-01	-1.522010696182e-01
-5.075680487178e-02	9.869687349494e-01	-1.526972920242e-01
-3.896612558586e-01	9.022042837431e-01	-1.849095348495e-01
-7.383233446338e-01	5.249588282789e-01	-4.234346081520e-01
-7.129991336427e-01	1.414811865328e-02	-7.010221581116e-01
-5.646117846022e-01	-3.076323151512e-01	-7.658824265924e-01
-4.489770074469e-01	-5.123265079077e-01	-7.320800475898e-01
-4.727082943660e-01	-4.323223863391e-01	-7.678829485720e-01
-3.586394068085e-01	-1.324401331965e-01	-9.240332174781e-01
-9.522605368312e-02	1.253821468230e-02	-9.953767085242e-01
7.283947949108e-02	1.149900842526e-02	-9.972773852007e-01
3.534587499511e-01	-1.303813555067e-01	-9.263193910414e-01
4.428512190064e-01	-3.598278406918e-01	-8.212226999345e-01
4.074392467353e-01	-5.492673488758e-01	-7.295879931020e-01
5.435883018595e-01	-3.087108364316e-01	-7.805186593229e-01
7.123375518394e-01	7.614220398451e-02	-6.976944725393e-01
7.126310917994e-01	5.529063172493e-01	-4.318003373628e-01
3.763966021669e-01	9.024417513079e-01	-2.095816866369e-01
2.988334940125e-02	9.827955310056e-01	-1.822633524986e-01
-5.686837690467e-02	9.813897927015e-01	-1.834122746423e-01
-3.884855435693e-01	8.955645642983e-01	-2.168941991176e-01
-7.201251415851e-01	5.285513512771e-01	-4.495033364950e-01
-6.905999294507e-01	1.905092187150e-02	-7.229860301683e-01
-5.405434439482e-01	-3.031058500136e-01	-7.848182139146e-01
-4.202187015254e-01	-5.146362972459e-01	-7.473725472917e-01
-4.455993929963e-01	-4.484995360379e-01	-7.747834195019e-01
-3.433704820350e-01	-1.578459640392e-01	-9.258408954586e-01
-9.569119035269e-02	-2.021046790085e-02	-9.952058747195e-01
6.699873713898e-02	-1.770410400185e-02	-9.975959772991e-01
3.345301685136e-01	-1.526213095135e-01	-9.299442468431e-01
4.160333141858e-01	-3.701460973948e-01	-8.306070960876e-01
3.792263199729e-01	-5.498805437618e-01	-7.441900199761e-01
5.209047113681e-01	-3.016018414764e-01	-7.985578319023e-01
6.904732818777e-01	8.263644329124e-02	-7.186221992489e-01
6.934055552431e-01	5.582657531747e-01	-4.555525049764e-01
3.665613342218e-01	8.989444638955e-01	-2.398575391461e-01
2.204133405595e-02	9.770739527822e-01	-2.117561578505e-01
-5.986166583472e-02	9.751034907107e-01	-2.135175949831e-01
-3.867982699612e-01	8.882609446265e-01	-2.477490516756e-01
-6.999264853556e-01	5.371345694896e-01	-4.707328003836e-01
-6.699763651890e-01	3.167287658463e-02	-7.417064776426e-01
-5.196487986633e-01	-2.893665794496e-01	-8.038856316326e-01
-3.952698358137e-01	-5.091473580509e-01	-7.645460906221e-01
-4.180098040410e-01	-4.627129795817e-01	-7.817701083133e-01
-3.286221081929e-01	-1.844139353248e-01	-9.262823600095e-01
-9.627440581012e-02	-5.256092620299e-02	-9.939660898756e-01
6.660385468227e-02	-4.997938961131e-02	-9.965269625833e-01
3.209170794983e-01	-1.761782386776e-01	-9.305769480826e-01
3.926332842785e-01	-4.003103697985e-01	-8.280040530749e-01
3.399942874093e-01	-5.699318398532e-01	-7.480518581292e-01
4.879693407700e-01	-3.133111318305e-01	-8.146913876675e-01
6.631266845796e-01	6.838089228126e-02	-7.453771218445e-01
6.742687542706e-01	5.472964961883e-01	-4.958106415502e-01
4.411451702094e-01	8.469698970870e-01	-2.967034415529e-01
9.815856907162e-02	9.633537707879e-01	-2.496285392869e-01

Hair-18
5.496604005835e-02	9.957269909258e-01	7.420575437392e-02
-4.529368765716e-01	8.904772750745e-01	-4.357072890555e-02
-8.219424515775e-01	4.855631024322e-01	-2.977231597494e-01
-8.098517365258e-01	-2.811375708592e-02	-5.859605631002e-01
-6.674453603161e-01	-3.461949172567e-01	-6.592918703110e-01
-5.666740116291e-01	-5.255511271492e-01	-6.345680241679e-01
-6.047675077022e-01	-3.808292711103e-01	-6.994464439064e-01
-4.491609319043e-01	-1.224720657941e-02	-8.933669252786e-01
-1.085331791663e-01	1.635852803450e-01	-9.805408737398e-01
1.395553017143e-01	1.522728003239e-01	-9.784361563459e-01
4.772278773769e-01	-4.079587305245e-02	-8.778321307609e-01
5.765547616930e-01	-3.592615029252e-01	-7.338363436659e-01
5.157451702979e-01	-5.887852147331e-01	-6.223655599615e-01
6.204289583003e-01	-3.996043344603e-01	-6.748216679857e-01
7.973570014253e-01	-1.449688917339e-02	-6.033337819834e-01
8.116676544070e-01	4.718613724232e-01	-3.442999622485e-01
4.525209229699e-01	8.885431412958e-01	-7.560357353112e-02
4.247093340818e-02	9.987215959904e-01	-2.741155810729e-02
-1.630569032083e-02	9.994486409207e-01	-2.892297745576e-02
-3.977548288959e-01	9.155553947077e-01	-5.957696964124e-02
-8.058477141945e-01	4.948345736499e-01	-3.251894928317e-01
-7.928455582232e-01	-1.823641392903e-02	-6.091496975397e-01
-6.490332518394e-01	-3.372565172757e-01	-6.819192617619e-01
-5.472432683365e-01	-5.143857809605e-01	-6.602515229865e-01
-5.780682095627e-01	-3.926521048328e-01	-7.153051584207e-01
-4.476929965951e-01	-4.525472079919e-02	-8.930414273958e-01
-1.222131793665e-01	1.303257632583e-01	-9.839101250725e-01
1.098259947556e-01	1.293161975504e-01	-9.855027001115e-01
4.451766353816e-01	-5.148786980696e-02	-8.939612757682e-01
5.518599045656e-01	-3.566804021472e-01	-7.538101461621e-01
4.943208495168e-01	-5.802256991201e-01	-6.472905343149e-01
6.071230023264e-01	-3.810367467204e-01	-6.972895078050e-01
7.825331528220e-01	4.752412873780e-03	-6.225907799722e-01
7.932384078126e-01	4.892871153621e-01	-3.624513030898e-01
4.418990203003e-01	8.908443538778e-01	-1.054589636859e-01
3.944442708850e-02	9.974667473303e-01	-5.919649602766e-02
-1.929213558861e-02	9.980974571146e-01	-5.856005127934e-02
-3.950029894777e-01	9.142909522613e-01	-8.969221213014e-02
-7.893938934175e-01	5.054005804248e-01	-3.484645381406e-01
-7.744565578438e-01	-7.304628179084e-03	-6.325849211132e-01
-6.299498817060e-01	-3.274518285891e-01	-7.042289730565e-01
-5.244215341383e-01	-5.134422579299e-01	-6.792342028372e-01
-5.529395920375e-01	-4.044361492693e-01	-7.284841856359e-01
-4.249862246964e-01	-6.810349082952e-02	-9.026342688792e-01
-1.131219560558e-01	1.024051742266e-01	-9.882897365397e-01
1.067367051523e-01	9.765134553476e-02	-9.894804144037e-01
4.297986182811e-01	-7.466508758853e-02	-8.998323579529e-01
5.258274028434e-01	-3.686327023322e-01	-7.665608085404e-01
4.655041873663e-01	-5.854415074434e-01	-6.637500229054e-01
5.844173996081e-01	-3.780070403356e-01	-7.180299300809e-01
7.619427633605e-01	7.527235076097e-03	-6.476006223705e-01
7.776553020490e-01	4.929096017062e-01	-3.902465320038e-01
4.364705164701e-01	8.893032755420e-01	-1.365033785757e-01
3.862037219018e-02	9.951344967855e-01	-9.064105118188e-02
-2.395878990965e-02	9.957401165055e-01	-8.903705277912e-02
-3.925195816461e-01	9.120720631445e-01	-1.185450532736e-01
-7.744949015190e-01	5.065739892953e-01	-3.788673130404e-01
-7.517983480376e-01	-7.633349348014e-03	-6.593489029836e-01
-6.046600954544e-01	-3.277471652508e-01	-7.259255916657e-01
-4.967245649864e-01	-5.210463827774e-01	-6.941004059455e-01
-5.264106792117e-01	-4.173744039800e-01	-7.407363928647e-01
-4.020074257536e-01	-9.100496844132e-02	-9.111026974815e-01
-1.026793032826e-01	7.432344422786e-02	-9.919339626787e-01
1.017854063326e-01	6.787206514333e-02	-9.924883444307e-01
4.109064565342e-01	-9.905008539631e-02	-9.062808419919e-01
4.979240116741e-01	-3.787157670127e-01	-7.801577061174e-01
4.370965042211e-01	-5.905010088717e-01	-6.784211114928e-01
5.613493008878e-01	-3.720935686325e-01	-7.392112949456e-01
7.408252629127e-01	1.244583253638e-02	-6.715824827099e-01
7.607454622202e-01	4.981174775050e-01	-4.161073422994e-01
4.285247797134e-01	8.882982974035e-01	-1.652048667614e-01
4.275021558172e-02	9.917175550057e-01	-1.211144506706e-01
-2.449081422115e-02	9.925951393232e-01	-1.189751629992e-01
-3.953312792144e-01	9.057684053465e-01	-1.526328128249e-01
-7.603472649076e-01	5.030514966601e-01	-4.108664362729e-01
-7.275000623318e-01	-1.245149463842e-02	-6.859946206702e-01
-5.761057262770e-01	-3.325255652967e-01	-7.466786059443e-01
-4.658356947517e-01	-5.302497340005e-01	-7.084012458258e-01
-4.992958037981e-01	-4.347663428049e-01	-7.494544198773e-01
-3.864089662763e-01	-1.170869290405e-01	-9.148654337273e-01
-1.046633754670e-01	4.200025649305e-02	-9.936204286801e-01
8.981258945179e-02	3.981523169192e-02	-9.951625224561e-01
3.849551909937e-01	-1.152478565367e-01	-9.157114351643e-01
4.726756190928e-01	-3.753116708028e-01	-7.973198284719e-01
4.241566904817e-01	-5.685126740003e-01	-7.049003060154e-01
5.547629069725e-01	-3.375351596002e-01	-7.604657343241e-01
7.283148706148e-01	4.863394561554e-02	-6.835145854882e-01
7.361524933157e-01	5.285802549093e-01	-4.227084346273e-01
4.044712414591e-01	8.948595020688e-01	-1.887577452441e-01
2.935945429535e-02	9.882218022493e-01	-1.501855252769e-01
-3.290545349093e-02	9.880560356960e-01	-1.505406970067e-01
-3.919229440021e-01	9.012296836708e-01	-1.848822956242e-01
-7.411334048461e-01	5.145917646569e-01	-4.311804633428e-01
-7.091696107312e-01	2.276919718008e-03	-7.050342394891e-01
-5.578593956900e-01	-3.191458744352e-01	-7.661193154277e-01
-4.428850790434e-01	-5.237211556850e-01	-7.277148877470e-01
-4.738530668422e-01	-4.477539476881e-01	-7.582741413064e-01
-3.676604571642e-01	-1.389379437678e-01	-9.195227218614e-01
-9.919700586176e-02	1.178723971173e-02	-9.949979974895e-01
8.828531623285e-02	9.151359095908e-03	-9.960531891241e-01
3.685524167464e-01	-1.393617758570e-01	-9.191014152640e-01
4.464364306106e-01	-3.853235205524e-01	-8.076015712793e-01
3.979967484328e-01	-5.655613425424e-01	-7.223149978081e-01
5.336318894437e-01	-3.283634043264e-01	-7.793680011829e-01
7.079138692619e-01	5.721180349518e-02	-7.039778144569e-01
7.168858576683e-01	5.363098229233e-01	-4.454732774377e-01
3.960932590260e-01	8.916975694999e-01	-2.190560994404e-01
2.411944454711e-02	9.834056601770e-01	-1.798097881833e-01
-3.421919866844e-02	9.829331874003e-01	-1.807523044101e-01
-3.826471984623e-01	8.989733096620e-01	-2.131387107597e-01
-7.204820972974e-01	5.273910262749e-01	-4.502935185838e-01
-6.902576852013e-01	1.862873901506e-02	-7.233237851082e-01
-5.393111320387e-01	-3.028350718436e-01	-7.857699549618e-01
-4.210182438432e-01	-5.146348884237e-01	-7.469234030129e-01
-4.462811244916e-01	-4.550365683457e-01	-7.705678940825e-01
-3.468758858039e-01	-1.627165933362e-01	-9.236884919175e-01
-9.518422095072e-02	-1.842533876581e-02	-9.952891393828e-01
8.043339296772e-02	-2.050785271954e-02	-9.965489939148e-01
3.476605919563e-01	-1.586771941434e-01	-9.240961318279e-01
4.186704701522e-01	-3.872617934297e-01	-8.214276235750e-01
3.730792409930e-01	-5.586620502481e-01	-7.407486709759e-01
5.147937627277e-01	-3.140041653439e-01	-7.977397858972e-01
6.877484039999e-01	7.023937375648e-02	-7.225431220141e-01
6.956670444367e-01	5.483501032133e-01	-4.640684514063e-01
3.771892579925e-01	8.930588529189e-01	-2.453041966176e-01
8.880651830304e-03	9.778098371513e-01	-2.093061308064e-01
-4.739311866522e-02	9.762076281354e-01	-2.115952718597e-01
-3.857725148780e-01	8.894884052592e-01	-2.449284460288e-01
-7.035721385183e-01	5.232928136546e-01	-4.807815273887e-01
-6.638558630457e-01	1.537789112515e-02	-7.477024231366e-01
-5.101405782297e-01	-3.044258384631e-01	-8.044137612693e-01
-3.908558691961e-01	-5.220103686578e-01	-7.581140181587e-01
-4.167904521119e-01	-4.786129606067e-01	-7.727970968939e-01
-3.418165153983e-01	-1.998864489451e-01	-9.182629674168e-01
-1.180659740333e-01	-5.601994243853e-02	-9.914243248099e-01
6.062221993772e-02	-4.746488444701e-02	-9.970316099273e-01
3.096787295786e-01	-1.705207709639e-01	-9.354259730820e-01
3.946449326132e-01	-3.926755380621e-01	-8.306992831166e-01
3.519277072090e-01	-5.477301747693e-01	-7.590379071863e-01
5.059559895351e-01	-2.764452732498e-01	-8.170596964429e-01
6.716386962206e-01	1.085155510863e-01	-7.328886933986e-01
6.719028441458e-01	5.743547587564e-01	-4.676143487134e-01
4.326972337746e-01	8.520992697150e-01	-2.944485327440e-01
-1.433598525932e-02	9.826595627839e-01	-1.848639045245e-01

Hair-19
-1.225332574417e-01	9.923534011163e-01	-1.484345356496e-02
-5.534539099778e-01	8.300414441354e-01	-6.870204180365e-02
-8.255919593175e-01	4.584102226173e-01	-3.290258113131e-01
-7.983005074109e-01	-7.020321412742e-02	-5.981536663715e-01
-6.473884552910e-01	-3.825982622715e-01	-6.591712658048e-01
-5.536139014884e-01	-5.537711063204e-01	-6.219720330396e-01
-6.034416635134e-01	-3.952852629920e-01	-6.925371611672e-01
-4.612480752940e-01	-2.136245793596e-02	-8.870140125322e-01
-1.324968163466e-01	1.531426297105e-01	-9.792813327249e-01
1.045211680673e-01	1.576743799730e-01	-9.819440489794e-01
4.455102341152e-01	-1.235523076929e-02	-8.951915881928e-01
5.757561304164e-01	-3.248565364722e-01	-7.503153397067e-01
5.294766594518e-01	-5.597815235883e-01	-6.374159653986e-01
6.381707051241e-01	-3.694244146802e-01	-6.754729846260e-01
8.057140194830e-01	1.609073581262e-02	-5.920861483176e-01
8.054854540023e-01	4.967570255895e-01	-3.231495643168e-01
4.513954227771e-01	8.889775509531e-01	-7.720807080461e-02
5.795122323824e-02	9.978422245955e-01	-3.086341749464e-02
-2.637657709964e-02	9.992228895873e-01	-2.928981231161e-02
-4.048255794605e-01	9.122329303603e-01	-6.282778828473e-02
-8.045980591384e-01	5.014735881948e-01	-3.180349093633e-01
-7.950122840764e-01	-9.385494649540e-03	-6.065207174184e-01
-6.544519646224e-01	-3.269628800715e-01	-6.817535486209e-01
-5.534562121269e-01	-5.047909086639e-01	-6.624744219880e-01
-5.765840262929e-01	-3.738468342853e-01	-7.264911596976e-01
-4.216688471638e-01	-3.077264740041e-02	-9.062275804143e-01
-1.131158968911e-01	1.297995607619e-01	-9.850669357442e-01
1.020368266197e-01	1.254537665787e-01	-9.868383041130e-01
4.247060128973e-01	-3.397853561966e-02	-9.046934628514e-01
5.496563516641e-01	-3.311639355543e-01	-7.669474185780e-01
5.010387725141e-01	-5.663629557481e-01	-6.543646925024e-01
6.154404833403e-01	-3.676221835211e-01	-6.971993557434e-01
7.857455328695e-01	1.637121518494e-02	-6.183331956874e-01
7.909996871249e-01	4.976207629406e-01	-3.559397017174e-01
4.478286903095e-01	8.875740137160e-01	-1.079899732002e-01
6.116424020132e-02	9.962110028889e-01	-6.182696372718e-02
-1.883369474196e-02	9.981069141862e-01	-5.854809814205e-02
-3.906960853140e-01	9.161207156278e-01	-8.988550115569e-02
-7.887485634484e-01	5.102463336242e-01	-3.428182939710e-01
-7.761290696420e-01	-4.735958289890e-04	-6.305738996848e-01
-6.346104793069e-01	-3.196799220398e-01	-7.036151554639e-01
-5.295458273286e-01	-5.046061623191e-01	-6.818752361748e-01
-5.510519016716e-01	-3.852318569086e-01	-7.402284904588e-01
-4.044398890150e-01	-5.438430288880e-02	-9.129461779168e-01
-1.060197292704e-01	1.017477680786e-01	-9.891446854209e-01
1.016586052136e-01	9.495641750686e-02	-9.902771363413e-01
4.137784214020e-01	-6.164054976203e-02	-9.082884236888e-01
5.233082916648e-01	-3.415184343483e-01	-7.807135139571e-01
4.737831424285e-01	-5.703956577478e-01	-6.709532976095e-01
5.937951166176e-01	-3.626419791211e-01	-7.182605059867e-01
7.659280139037e-01	2.117961112179e-02	-6.425773895728e-01
7.747502565071e-01	5.025202125433e-01	-3.837127519743e-01
4.384733593380e-01	8.881852093288e-01	-1.373613740485e-01
5.892416538078e-02	9.939686177752e-01	-9.248961894274e-02
-2.298443948314e-02	9.957612103111e-01	-8.905800122030e-02
-3.891323325311e-01	9.133739765854e-01	-1.196829422913e-01
-7.741286425605e-01	5.103197252481e-01	-3.745645775966e-01
-7.534195083560e-01	-2.834158330651e-03	-6.575340386437e-01
-6.079728662746e-01	-3.228863040553e-01	-7.253367690441e-01
-5.009079294757e-01	-5.129535073033e-01	-6.971154463456e-01
-5.248326019100e-01	-3.991497443021e-01	-7.518179444493e-01
-3.916474489677e-01	-8.192666160617e-02	-9.164607453869e-01
-1.021962402060e-01	7.300017754944e-02	-9.920821047502e-01
9.878224924202e-02	6.624906322645e-02	-9.929013691482e-01
4.013679681221e-01	-8.986996886335e-02	-9.114971984938e-01
4.953923722088e-01	-3.525702658545e-01	-7.939021382970e-01
4.396320079593e-01	-5.828114218869e-01	-6.834138893057e-01
5.659309673407e-01	-3.655352669806e-01	-7.389899246933e-01
7.426593867111e-01	1.648879011553e-02	-6.694663211323e-01
7.591817418125e-01	5.011214926672e-01	-4.153556698608e-01
4.345298938095e-01	8.849392215092e-01	-1.675301334706e-01
5.962753671912e-02	9.906653715515e-01	-1.225833531669e-01
-2.328858068207e-02	9.925040396004e-01	-1.199723859336e-01
-3.871812469855e-01	9.094328655085e-01	-1.517318197204e-01
-7.569372779607e-01	5.165464955621e-01	-4.002819945438e-01
-7.327028752878e-01	2.480150288765e-03	-6.805441538942e-01
-5.860809785794e-01	-3.151799339202e-01	-7.464386751780e-01
-4.766365523581e-01	-5.107727173780e-01	-7.154920182213e-01
-4.982423184779e-01	-4.042021958045e-01	-7.670561758988e-01
-3.704416842626e-01	-1.050852249118e-01	-9.228922223456e-01
-9.675165838572e-02	4.405075017603e-02	-9.943332680789e-01
9.079337001972e-02	3.529279025679e-02	-9.952441825584e-01
3.784383265319e-01	-1.076005824799e-01	-9.193511557951e-01
4.696694132748e-01	-3.553371682682e-01	-8.081745721571e-01
4.259556275944e-01	-5.633957942774e-01	-7.079173555657e-01
5.572622901911e-01	-3.353466751190e-01	-7.596060475125e-01
7.291513389524e-01	5.044408881333e-02	-6.824908195776e-01
7.361792133924e-01	5.277474365393e-01	-4.237013205020e-01
4.067959429844e-01	8.935107653607e-01	-1.901461883817e-01
3.932421866605e-02	9.876681785810e-01	-1.515426502500e-01
-3.734458379018e-02	9.877129423583e-01	-1.517515257238e-01
-3.879431507384e-01	9.030041344233e-01	-1.846175641955e-01
-7.373419370468e-01	5.282572451068e-01	-4.210358071047e-01
-7.149819185372e-01	1.897068816269e-02	-6.988855193488e-01
-5.681036387937e-01	-3.012146635071e-01	-7.658511487734e-01
-4.526656284026e-01	-5.045339026110e-01	-7.352138260255e-01
-4.721406435580e-01	-4.205362928966e-01	-7.747466934795e-01
-3.536076317902e-01	-1.274329284031e-01	-9.266728071430e-01
-9.975361508211e-02	9.589480230357e-03	-9.949659582855e-01
7.893359277999e-02	7.601741496133e-03	-9.968508922888e-01
3.498734464977e-01	-1.263198782169e-01	-9.282412724088e-01
4.427991178662e-01	-3.585968726550e-01	-8.217890387070e-01
4.051865006494e-01	-5.524301039152e-01	-7.284537596716e-01
5.417479561624e-01	-3.140984018458e-01	-7.796482193604e-01
7.114187094476e-01	7.172591302434e-02	-6.990985719116e-01
7.151020796807e-01	5.430032520332e-01	-4.402005042225e-01
3.950115773173e-01	8.922248487875e-01	-2.188622237652e-01
3.354320608134e-02	9.828827121447e-01	-1.811530499133e-01
-4.048437073480e-02	9.824025119591e-01	-1.823357349033e-01
-3.829986989843e-01	8.983594158173e-01	-2.150868582428e-01
-7.165920441621e-01	5.419535370408e-01	-4.390697050955e-01
-6.962418150916e-01	3.659544027859e-02	-7.168738443191e-01
-5.500351350406e-01	-2.849336448139e-01	-7.850313167473e-01
-4.302927340088e-01	-4.952676739765e-01	-7.546907274991e-01
-4.447137100708e-01	-4.272110026069e-01	-7.872232690455e-01
-3.309889862083e-01	-1.480393110574e-01	-9.319499200013e-01
-9.627549426162e-02	-2.171274700511e-02	-9.951178753405e-01
7.353701798176e-02	-2.217209046485e-02	-9.970459896067e-01
3.267536781757e-01	-1.477152296658e-01	-9.334946409720e-01
4.151155084697e-01	-3.639899539637e-01	-8.337808033539e-01
3.800684430054e-01	-5.484359626782e-01	-7.448261364055e-01
5.214292496413e-01	-3.009145915559e-01	-7.984747624110e-01
6.911655593311e-01	8.510779526406e-02	-7.176676339224e-01
6.945842691771e-01	5.511460604174e-01	-4.623750783704e-01
3.920324806237e-01	8.851044446658e-01	-2.508000322347e-01
3.564107927346e-02	9.766754797903e-01	-2.117421088129e-01
-4.280874912655e-02	9.762647796640e-01	-2.123075386928e-01
-3.778946321394e-01	8.927917598930e-01	-2.451907838140e-01
-6.955533028941e-01	5.547016557619e-01	-4.566307873196e-01
-6.761448458180e-01	5.273172211725e-02	-7.348792505958e-01
-5.303149814274e-01	-2.699771475633e-01	-8.036655773811e-01
-4.061683312472e-01	-4.895159357863e-01	-7.716225990101e-01
-4.173979597768e-01	-4.415658592072e-01	-7.942282638869e-01
-3.175148454513e-01	-1.756761308974e-01	-9.318380867677e-01
-9.450553646238e-02	-5.147555598380e-02	-9.941926225406e-01
7.659560707112e-02	-5.622386465065e-02	-9.954757606397e-01
3.173645842078e-01	-1.753772716032e-01	-9.319455634830e-01
3.915583356254e-01	-4.001781429718e-01	-8.285768061501e-01
3.377133929139e-01	-5.752383738211e-01	-7.450170988174e-01
4.845632924367e-01	-3.175417055634e-01	-8.150863027010e-01
6.630087388414e-01	6.475098420370e-02	-7.458060889163e-01
6.735724605252e-01	5.405484741204e-01	-5.040907532858e-01
4.848907572209e-01	8.165485877253e-01	-3.132560573167e-01
1.323479392601e-01	9.576127355536e-01	-2.558551771591e-01

Hair-20
-5.720981404076e-02	9.983372791461e-01	7.050832892997e-03
-4.866092412831e-01	8.717967898139e-01	-5.640747794411e-02
-8.264160029693e-01	4.706602652791e-01	-3.090558278430e-01
-8.017308010292e-01	-5.255667372849e-02	-5.953700687200e-01
-6.543144556583e-01	-3.700359899762e-01	-6.595043284460e-01
-5.586868747262e-01	-5.422556993491e-01	-6.275569556081e-01
-6.039590051460e-01	-3.893730813436e-01	-6.954294526607e-01
-4.597042068457e-01	-2.407208503367e-02	-8.877457839554e-01
-1.320870158865e-01	1.583204377331e-01	-9.785129836799e-01
1.126152930447e-01	1.603288745197e-01	-9.806184006879e-01
4.552639398104e-01	-2.421057422871e-02	-8.900272991340e-01
5.750716897195e-01	-3.316789082894e-01	-7.478513578774e-01
5.266994429821e-01	-5.684221799569e-01	-6.320474049432e-01
6.327287196786e-01	-3.777398802269e-01	-6.759933063131e-01
8.037603181052e-01	7.105435782677e-03	-5.949108032485e-01
8.068139114821e-01	4.906519878374e-01	-3.291077924787e-01
4.542081429471e-01	8.874975118822e-01	-7.773756674554e-02
6.915202451435e-02	9.971201163403e-01	-3.113633079087e-02
-2.642786656411e-02	9.991962468802e-01	-3.014014083067e-02
-3.929042250263e-01	9.177970934348e-01	-5.722556455953e-02
-7.995589247642e-01	5.145245380119e-01	-3.097902929621e-01
-7.990919502309e-01	2.954653094571e-03	-6.012015677801e-01
-6.601288486518e-01	-3.149269001679e-01	-6.819464427126e-01
-5.584766398595e-01	-4.939911010672e-01	-6.663907523350e-01
-5.751316765658e-01	-3.683790177551e-01	-7.304248447913e-01
-4.290580212212e-01	-3.678728675192e-02	-9.025275120234e-01
-1.088454156310e-01	1.344021542735e-01	-9.849308282427e-01
1.126161478646e-01	1.292945259149e-01	-9.851906053189e-01
4.376831738927e-01	-4.682680007732e-02	-8.979090655995e-01
5.491116269921e-01	-3.309960673262e-01	-7.674099455420e-01
5.024475429475e-01	-5.669766664288e-01	-6.527510446651e-01
6.148117773097e-01	-3.673382206857e-01	-6.979033673115e-01
7.858745079022e-01	1.657418145155e-02	-6.181638571922e-01
7.904086080578e-01	5.002486324744e-01	-3.535612224432e-01
4.500165370242e-01	8.863136164681e-01	-1.092395975275e-01
7.068461360764e-02	9.955831849178e-01	-6.178840755413e-02
-2.086329294357e-02	9.979878039390e-01	-5.987542230736e-02
-3.900641244230e-01	9.165388332484e-01	-8.835466023840e-02
-7.837885990770e-01	5.251048662780e-01	-3.315724828270e-01
-7.812302562188e-01	1.727488847810e-02	-6.240038982221e-01
-6.422883659556e-01	-3.021139751858e-01	-7.044095406477e-01
-5.377076152797e-01	-4.877171374489e-01	-6.877517824832e-01
-5.493650232418e-01	-3.738882649569e-01	-7.472654391620e-01
-4.050112697302e-01	-5.710839103512e-02	-9.125264396525e-01
-1.021460232434e-01	1.052277426822e-01	-9.891882086365e-01
1.061913473083e-01	9.876037797246e-02	-9.894290199401e-01
4.178605594946e-01	-6.799174310655e-02	-9.059633964395e-01
5.226077311626e-01	-3.344801579168e-01	-7.842220242311e-01
4.800562080545e-01	-5.631001674869e-01	-6.726546205034e-01
5.973613895289e-01	-3.533769103464e-01	-7.199195299019e-01
7.682552489116e-01	3.027542423646e-02	-6.394272993915e-01
7.727135228726e-01	5.119150044966e-01	-3.753089923530e-01
4.389284144135e-01	8.879070438728e-01	-1.377059492596e-01
6.214307462707e-02	9.938003816905e-01	-9.219023607542e-02
-2.604361061117e-02	9.955794131063e-01	-9.024058147687e-02
-3.920361515267e-01	9.121332937938e-01	-1.196683343624e-01
-7.710021187614e-01	5.210635424016e-01	-3.661263684104e-01
-7.573217532977e-01	1.232493704474e-02	-6.529256143766e-01
-6.150002518354e-01	-3.080796581342e-01	-7.258523365577e-01
-5.080878362782e-01	-4.989443582051e-01	-7.020692829354e-01
-5.243149967275e-01	-3.871966575457e-01	-7.584013004947e-01
-3.821184856545e-01	-7.838837155894e-02	-9.207826704090e-01
-9.384130804072e-02	7.643336075690e-02	-9.926488554714e-01
1.011840403157e-01	6.888006117442e-02	-9.924803913217e-01
3.991831226282e-01	-9.236635648735e-02	-9.122068245733e-01
4.962168383104e-01	-3.447616835922e-01	-7.968112893929e-01
4.457313934372e-01	-5.776767370523e-01	-6.838224275155e-01
5.690608360041e-01	-3.584767172485e-01	-7.400433825912e-01
7.442592027832e-01	2.561425651844e-02	-6.673995422050e-01
7.590750499734e-01	5.056306215434e-01	-4.100521223764e-01
4.358282124775e-01	8.840452521838e-01	-1.688720263988e-01
5.939494474987e-02	9.906962421324e-01	-1.224467082571e-01
-2.711596659296e-02	9.923353023074e-01	-1.205627311825e-01
-3.921841574084e-01	9.071785339154e-01	-1.523768167440e-01
-7.561062785046e-01	5.201097548987e-01	-3.972268098519e-01
-7.341075868639e-01	8.556680080395e-03	-6.789792589873e-01
-5.873478174217e-01	-3.097467800748e-01	-7.477161718214e-01
-4.807195227982e-01	-5.066798767330e-01	-7.156704848703e-01
-4.987599865520e-01	-4.011386140591e-01	-7.683269409082e-01
-3.716126569208e-01	-1.072203899565e-01	-9.221755913024e-01
-1.012546858182e-01	4.310933163758e-02	-9.939260908768e-01
8.089176195772e-02	4.262571440518e-02	-9.958110118485e-01
3.663561897704e-01	-1.059047813938e-01	-9.244281040161e-01
4.685932994732e-01	-3.423602928952e-01	-8.143769087698e-01
4.357611945527e-01	-5.485231385784e-01	-7.136067178538e-01
5.646471632490e-01	-3.171944550666e-01	-7.619457058806e-01
7.327688833090e-01	6.988849370874e-02	-6.768791340418e-01
7.340077742319e-01	5.397273886860e-01	-4.122219466130e-01
4.081507860785e-01	8.927404219558e-01	-1.908598303196e-01
3.788211159426e-02	9.876813482036e-01	-1.518239112651e-01
-4.557385160634e-02	9.872668793834e-01	-1.524045042719e-01
-3.911498444502e-01	9.016026271075e-01	-1.847011152631e-01
-7.356828461656e-01	5.353650129512e-01	-4.149157176649e-01
-7.169573175612e-01	2.679795052210e-02	-6.966018049383e-01
-5.705530377891e-01	-2.932823683149e-01	-7.671079998965e-01
-4.578413685466e-01	-4.971613126229e-01	-7.370291110115e-01
-4.718284388970e-01	-4.129357172791e-01	-7.790134900264e-01
-3.552405253332e-01	-1.313494325065e-01	-9.255006730096e-01
-1.007692340326e-01	1.233251759229e-02	-9.948333883029e-01
7.301056001007e-02	1.354089428988e-02	-9.972392402572e-01
3.463077519922e-01	-1.282724355912e-01	-9.293100253293e-01
4.409364529474e-01	-3.445091732210e-01	-8.287873515135e-01
4.130689395305e-01	-5.389383083497e-01	-7.341114023010e-01
5.482752574877e-01	-2.974107775642e-01	-7.816271946494e-01
7.151510790682e-01	8.887855093157e-02	-6.932961396776e-01
7.117978865376e-01	5.574352510669e-01	-4.273285733351e-01
3.907150188130e-01	8.944846364807e-01	-2.173453684206e-01
3.144905923549e-02	9.827962162646e-01	-1.819960273446e-01
-5.374439997557e-02	9.816412510263e-01	-1.830081794750e-01
-3.890831465988e-01	8.954899766324e-01	-2.161296064487e-01
-7.173554310759e-01	5.394688471211e-01	-4.408792901598e-01
-6.946364790713e-01	3.208127161247e-02	-7.186452212010e-01
-5.465641327335e-01	-2.887270330987e-01	-7.860689213850e-01
-4.294089261294e-01	-4.997736829094e-01	-7.522195424419e-01
-4.449835867799e-01	-4.290570198485e-01	-7.860659522045e-01
-3.376550420729e-01	-1.568339748699e-01	-9.281121574946e-01
-9.919029395946e-02	-1.788507091811e-02	-9.949077393520e-01
6.311768977603e-02	-1.588442134181e-02	-9.978796733053e-01
3.249122708345e-01	-1.493159265437e-01	-9.338826319948e-01
4.134179336771e-01	-3.529965840890e-01	-8.393324870012e-01
3.846372899237e-01	-5.398113502615e-01	-7.487709004288e-01
5.256779274422e-01	-2.894688839022e-01	-7.999190470620e-01
6.937096107382e-01	9.498846570645e-02	-7.139637017049e-01
6.909330131624e-01	5.655397228396e-01	-4.503069988495e-01
3.728900037907e-01	8.954977873074e-01	-2.429748093950e-01
2.518983577506e-02	9.769131948341e-01	-2.121463691242e-01
-6.085802501660e-02	9.751172991878e-01	-2.131725911457e-01
-3.863401219440e-01	8.887361480358e-01	-2.467577138629e-01
-6.987082272813e-01	5.422766722984e-01	-4.666292144844e-01
-6.714294937443e-01	3.781379366066e-02	-7.401030684568e-01
-5.215257663935e-01	-2.834678564684e-01	-8.047713025058e-01
-3.997430945272e-01	-5.038994971752e-01	-7.656962551328e-01
-4.174409369771e-01	-4.500040534275e-01	-7.894551387093e-01
-3.216618389755e-01	-1.843644206880e-01	-9.287321582304e-01
-9.598287557398e-02	-4.870288727342e-02	-9.941907846926e-01
7.536525640578e-02	-5.193446451271e-02	-9.958026358283e-01
3.167837152640e-01	-1.780660958745e-01	-9.316332664968e-01
3.925146851093e-01	-4.013398469161e-01	-8.275618099278e-01
3.408291334860e-01	-5.696307683770e-01	-7.479012565075e-01
4.875620412533e-01	-3.108027403005e-01	-8.158951602692e-01
6.626934567536e-01	7.113841980755e-02	-7.455043310426e-01
6.766679423064e-01	5.488877743731e-01	-4.907572791091e-01
4.280350760070e-01	8.536993858995e-01	-2.966198446202e-01
1.159393757251e-01	9.614048206454e-01	-2.495171977966e-01

Hair-21
-1.288176722260e-01	9.916089002953e-01	-1.085339473795e-02
-5.767019751338e-01	8.131866987602e-01	-7.837234739520e-02
-8.285365208568e-01	4.653989030244e-01	-3.113375895555e-01
-8.010570295074e-01	-5.436454333930e-02	-5.961141936780e-01
-6.546158682633e-01	-3.681357246108e-01	-6.602682434308e-01
-5.596671501388e-01	-5.389061002386e-01	-6.295656408836e-01
-6.019460599841e-01	-3.811208016617e-01	-7.017178032588e-01
-4.447462599131e-01	-1.549240223363e-02	-8.955226126494e-01
-1.331465842742e-01	1.536604651555e-01	-9.791120714935e-01
9.907674409972e-02	1.591117820545e-01	-9.822765596257e-01
4.315277039813e-01	-4.752602302895e-03	-9.020871651165e-01
5.738127011141e-01	-3.108357098459e-01	-7.577071634376e-01
5.337235496675e-01	-5.528829869668e-01	-6.398902837620e-01
6.407574096230e-01	-3.629556784618e-01	-6.765302044148e-01
8.068341821023e-01	2.018378019957e-02	-5.904330763161e-01
8.057174256039e-01	4.967128998361e-01	-3.226386914408e-01
4.534651406290e-01	8.878538919070e-01	-7.800533866243e-02
4.354724150268e-02	9.986120396659e-01	-2.962485429149e-02
-2.875813637794e-02	9.991697028961e-01	-2.885956351935e-02
-4.208992310814e-01	9.046026275467e-01	-6.736411144465e-02
-8.028440427648e-01	5.092785542453e-01	-3.099625738421e-01
-7.982163986375e-01	3.099207149445e-03	-6.023628274232e-01
-6.597219215723e-01	-3.138728062210e-01	-6.828256349259e-01
-5.602930209913e-01	-4.915035406598e-01	-6.667053323225e-01
-5.750296664921e-01	-3.636129708010e-01	-7.328891390376e-01
-4.140861912279e-01	-2.957635244287e-02	-9.097570365820e-01
-1.140751442909e-01	1.310751383074e-01	-9.847873727728e-01
9.869791708340e-02	1.268348888989e-01	-9.870013333939e-01
4.129610268834e-01	-2.834841784749e-02	-9.103073972461e-01
5.468308830760e-01	-3.101546097741e-01	-7.776760915383e-01
5.123204566183e-01	-5.476655190615e-01	-6.615060309336e-01
6.247458996165e-01	-3.471538113069e-01	-6.994117472615e-01
7.907436773451e-01	3.634622395867e-02	-6.110674175103e-01
7.884895673358e-01	5.085702059940e-01	-3.458909478112e-01
4.474917871751e-01	8.877309858582e-01	-1.080962402589e-01
4.225659708030e-02	9.972619019541e-01	-6.068837544435e-02
-2.736806458376e-02	9.979407996874e-01	-5.800990743187e-02
-4.138238363913e-01	9.051524042921e-01	-9.720574797098e-02
-7.898383821700e-01	5.086674351893e-01	-3.426554689905e-01
-7.765749159903e-01	3.270277235864e-03	-6.300164324377e-01
-6.353696428409e-01	-3.153233014194e-01	-7.048947669959e-01
-5.338194769664e-01	-4.978523775080e-01	-6.835055056259e-01
-5.496375058130e-01	-3.750282498030e-01	-7.464934186270e-01
-3.979143045124e-01	-5.262026172598e-02	-9.159122852764e-01
-1.059343496219e-01	1.024922916106e-01	-9.890769655242e-01
9.574877498813e-02	9.753563120443e-02	-9.906154514916e-01
4.011912474854e-01	-5.535354841908e-02	-9.143202762810e-01
5.203112872322e-01	-3.138510229956e-01	-7.942126287987e-01
4.906812719945e-01	-5.439026540661e-01	-6.807362133849e-01
6.074128224681e-01	-3.328243335503e-01	-7.213027284699e-01
7.729688145935e-01	4.980986804178e-02	-6.324857221405e-01
7.705466847502e-01	5.209959723963e-01	-3.671797970577e-01
4.286760829948e-01	8.933869350793e-01	-1.345236042407e-01
3.723108905980e-02	9.951223839715e-01	-9.135254198036e-02
-4.208041596581e-02	9.950026117066e-01	-9.054855763167e-02
-4.126526487633e-01	9.019426202487e-01	-1.273471681960e-01
-7.776097247167e-01	4.977745956034e-01	-3.841140039076e-01
-7.498213424118e-01	-1.311134394838e-02	-6.615104285827e-01
-6.018768695719e-01	-3.326635029015e-01	-7.260022229385e-01
-4.971776903815e-01	-5.205249281262e-01	-6.941672301299e-01
-5.246072918049e-01	-3.977426855941e-01	-7.527203633764e-01
-3.891929958734e-01	-8.298666789048e-02	-9.174104996759e-01
-1.018258826080e-01	7.421422576242e-02	-9.920301095862e-01
9.345491376072e-02	6.885943685289e-02	-9.932394258437e-01
3.948377261590e-01	-8.600968997785e-02	-9.147160779343e-01
4.951457019800e-01	-3.374344430920e-01	-8.006052275785e-01
4.458670906079e-01	-5.751064219186e-01	-6.858973253926e-01
5.707091735078e-01	-3.565019800967e-01	-7.397279077209e-01
7.447036828065e-01	2.491920215907e-02	-6.669298750080e-01
7.586694860720e-01	5.042396814106e-01	-4.125081267008e-01
4.298622311074e-01	8.873377979664e-01	-1.668834760172e-01
5.322245095035e-02	9.910757181547e-01	-1.222141219293e-01
-3.341583002263e-02	9.920979712904e-01	-1.209338565716e-01
-3.970640103987e-01	9.048102458234e-01	-1.538134932287e-01
-7.581021266608e-01	5.127235929956e-01	-4.029834770038e-01
-7.315245008039e-01	-4.764851552060e-04	-6.818149878710e-01
-5.842950487141e-01	-3.160160323585e-01	-7.474845572589e-01
-4.767848169890e-01	-5.126624292723e-01	-7.140402452953e-01
-4.984394764765e-01	-4.022338197793e-01	-7.679622663358e-01
-3.713574420038e-01	-1.071308065932e-01	-9.222888053896e-01
-1.005363376938e-01	4.298145053162e-02	-9.940045471291e-01
8.452200353444e-02	3.932457982325e-02	-9.956453225623e-01
3.692531772253e-01	-1.045648263415e-01	-9.234274677532e-01
4.685825555306e-01	-3.459605796654e-01	-8.128601761496e-01
4.267375905991e-01	-5.636095823894e-01	-7.072759485580e-01
5.563223974388e-01	-3.351994744934e-01	-7.603595875685e-01
7.285583465596e-01	4.997862171631e-02	-6.831580146859e-01
7.376830786434e-01	5.222918375142e-01	-4.278257962644e-01
4.201568057714e-01	8.861030906972e-01	-1.956772118076e-01
4.619260427514e-02	9.872924592579e-01	-1.520521068674e-01
-2.850006805241e-02	9.880468783488e-01	-1.514962451885e-01
-3.835621048798e-01	9.052722394458e-01	-1.826534538104e-01
-7.333845198026e-01	5.437613759706e-01	-4.080082255501e-01
-7.211974920717e-01	3.974235121902e-02	-6.915885503311e-01
-5.771472952584e-01	-2.799243970179e-01	-7.671657783882e-01
-4.635493990409e-01	-4.850691583322e-01	-7.415051357096e-01
-4.712361280519e-01	-4.007493672326e-01	-7.857076150078e-01
-3.501241281171e-01	-1.272382928062e-01	-9.280212884164e-01
-9.843694880830e-02	1.186417476173e-02	-9.950725644226e-01
7.714841882343e-02	1.007122599994e-02	-9.969687517068e-01
3.465771516466e-01	-1.261435749843e-01	-9.295009824883e-01
4.409760267807e-01	-3.449651970252e-01	-8.285765846595e-01
4.083034043847e-01	-5.482148258258e-01	-7.298964547884e-01
5.429766549279e-01	-3.086199617435e-01	-7.809801991195e-01
7.121895029860e-01	7.625865708031e-02	-6.978328804641e-01
7.154632487808e-01	5.435201234828e-01	-4.389740482231e-01
4.066223414796e-01	8.859110074379e-01	-2.232038492277e-01
3.735191291610e-02	9.827020035075e-01	-1.813880009919e-01
-3.409864548145e-02	9.827340443774e-01	-1.818545583648e-01
-3.848779758664e-01	8.974643479875e-01	-2.154685308449e-01
-7.160682856993e-01	5.442059172998e-01	-4.371339952367e-01
-6.977306795173e-01	4.194081855252e-02	-7.151313631770e-01
-5.518187427721e-01	-2.794459804343e-01	-7.857518814133e-01
-4.328182420979e-01	-4.910518920634e-01	-7.560002702435e-01
-4.441770815538e-01	-4.197369446496e-01	-7.915349755498e-01
-3.325874141914e-01	-1.496689599237e-01	-9.311201932924e-01
-9.570193613248e-02	-1.987606317143e-02	-9.952115762657e-01
7.171822397733e-02	-1.955900427363e-02	-9.972331431021e-01
3.256187324675e-01	-1.498274240673e-01	-9.335545961879e-01
4.136939711074e-01	-3.556085244027e-01	-8.380929993989e-01
3.813662582150e-01	-5.471742147009e-01	-7.450907031104e-01
5.209245931476e-01	-2.981031486856e-01	-7.998575379389e-01
6.906999088324e-01	8.484827232842e-02	-7.181465077697e-01
6.952865622750e-01	5.518048201097e-01	-4.605301692871e-01
3.989213477352e-01	8.814989580959e-01	-2.526288684949e-01
4.129066824920e-02	9.764325532557e-01	-2.118361386969e-01
-3.149038456871e-02	9.768728808586e-01	-2.114893149139e-01
-3.759426788632e-01	8.937783001783e-01	-2.445965092545e-01
-6.964499861834e-01	5.501221380330e-01	-4.607852536607e-01
-6.751807259010e-01	4.915441802768e-02	-7.360127923890e-01
-5.285045300899e-01	-2.724188163726e-01	-8.040341722593e-01
-4.055579638677e-01	-4.907798060216e-01	-7.711406615818e-01
-4.168379004907e-01	-4.306697725914e-01	-8.004809252509e-01
-3.135446512622e-01	-1.735626535651e-01	-9.335768618343e-01
-8.831244794178e-02	-4.798834450442e-02	-9.949361941000e-01
8.045715658154e-02	-5.788007498511e-02	-9.950761492843e-01
3.148930557022e-01	-1.778813975006e-01	-9.323092683728e-01
3.909233290485e-01	-4.132241083581e-01	-8.224504769755e-01
3.302198710941e-01	-5.869089400309e-01	-7.392514679366e-01
4.757736656179e-01	-3.306336330532e-01	-8.150587830326e-01
6.567576605456e-01	4.998512394520e-02	-7.524432621128e-01
6.789185686532e-01	5.322768472242e-01	-5.057182368147e-01
4.923039669829e-01	8.080570346087e-01	-3.235438655147e-01
1.292604756120e-01	9.604145283243e-01	-2.467704666856e-01

Hair-22
-8.673924437325e-02	9.962209807162e-01	4.478958178176e-03
-5.058639685216e-01	8.603679758854e-01	-6.219800175669e-02
-8.335211395152e-01	4.393306572253e-01	-3.350090798820e-01
-7.883782877944e-01	-8.691211517232e-02	-6.090204919136e-01
-6.360039622683e-01	-4.024502827320e-01	-6.584320237565e-01
-5.458348753135e-01	-5.703099906646e-01	-6.138491699429e-01
-6.042570862804e-01	-4.092911674788e-01	-6.836330257556e-01
-4.641317279651e-01	-2.941267396326e-02	-8.852777155822e-01
-1.350198399105e-01	1.576242572507e-01	-9.782250438200e-01
1.091592561613e-01	1.612010353771e-01	-9.808661901542e-01
4.560312354155e-01	-2.411056940029e-02	-8.896371129672e-01
5.754063691066e-01	-3.352500912476e-01	-7.459992538267e-01
5.209899256012e-01	-5.763509306054e-01	-6.295943949976e-01
6.283755130739e-01	-3.852006822667e-01	-6.758436571800e-01
8.012472152606e-01	-1.121024800568e-03	-5.983323853349e-01
8.091192049010e-01	4.821880582050e-01	-3.358880599022e-01
4.485236078196e-01	8.905666906719e-01	-7.561443443024e-02
5.028859656576e-02	9.982698771231e-01	-3.046817165477e-02
-3.817858973681e-02	9.988153116652e-01	-3.017231295117e-02
-4.140399251212e-01	9.079987170882e-01	-6.410358938334e-02
-8.112149695861e-01	4.773789422839e-01	-3.376975252845e-01
-7.852789904124e-01	-3.940116987879e-02	-6.178870892235e-01
-6.384621345508e-01	-3.574144707287e-01	-6.816311310809e-01
-5.388639532110e-01	-5.349051610241e-01	-6.507703962532e-01
-5.779537405442e-01	-3.976701812205e-01	-7.126204464924e-01
-4.413500009713e-01	-4.808913766816e-02	-8.960455409637e-01
-1.134404392098e-01	1.346292319876e-01	-9.843811439917e-01
9.832280726521e-02	1.331713772446e-01	-9.862038378825e-01
4.361083363449e-01	-4.641951958179e-02	-8.986961372857e-01
5.503194239573e-01	-3.427365039081e-01	-7.613673361159e-01
4.924462788269e-01	-5.829932500396e-01	-6.462317950069e-01
6.066059674583e-01	-3.837742738874e-01	-6.962373926658e-01
7.807101641863e-01	-1.380687290186e-03	-6.248917772214e-01
7.947376712554e-01	4.832468421916e-01	-3.672390548395e-01
4.460744101784e-01	8.884563167284e-01	-1.079953417950e-01
5.632862068754e-02	9.965161199729e-01	-6.150373261492e-02
-3.222873968835e-02	9.976846818877e-01	-5.988809451592e-02
-4.056599357367e-01	9.093456841801e-01	-9.236039844598e-02
-7.948862906451e-01	4.872754359821e-01	-3.615500441612e-01
-7.670997976417e-01	-2.862410695399e-02	-6.408888834730e-01
-6.195512750041e-01	-3.467143674668e-01	-7.042338851780e-01
-5.166347892563e-01	-5.309824886561e-01	-6.716740960247e-01
-5.515873675907e-01	-4.026045355918e-01	-7.305210221721e-01
-4.175755919695e-01	-6.734696665461e-02	-9.061429308193e-01
-1.066934271161e-01	1.048289184945e-01	-9.887504288027e-01
9.469135179330e-02	1.028983314013e-01	-9.901744701265e-01
4.165244337911e-01	-6.854382372528e-02	-9.065368940557e-01
5.239937696625e-01	-3.483913324410e-01	-7.772091152546e-01
4.685743934435e-01	-5.808125820949e-01	-6.656536503989e-01
5.881847055112e-01	-3.724253480687e-01	-7.178705400827e-01
7.623855268244e-01	9.428017405666e-03	-6.470544188679e-01
7.773345247798e-01	4.932263562164e-01	-3.904853366246e-01
4.334446721447e-01	8.908709465670e-01	-1.359215683847e-01
4.985605296725e-02	9.945116752072e-01	-9.198316073698e-02
-3.865479471503e-02	9.951438152919e-01	-9.052399533773e-02
-4.062422230142e-01	9.054196735937e-01	-1.232171697040e-01
-7.809383213738e-01	4.847862185840e-01	-3.938497943135e-01
-7.429550171682e-01	-3.340894302632e-02	-6.685070567993e-01
-5.914417760375e-01	-3.512275729810e-01	-7.258345662308e-01
-4.867220379461e-01	-5.398772178193e-01	-6.867563232015e-01
-5.250239897152e-01	-4.172511900758e-01	-7.417892251873e-01
-3.977338611277e-01	-9.018511473041e-02	-9.130577313585e-01
-1.023449205929e-01	7.439154925707e-02	-9.919634139564e-01
9.172633915842e-02	7.202975205696e-02	-9.931757113035e-01
3.998008863954e-01	-9.366290083172e-02	-9.118039878423e-01
4.970252019644e-01	-3.672038989726e-01	-7.862106875333e-01
4.311649583518e-01	-5.980440548422e-01	-6.756034984793e-01
5.568499149356e-01	-3.826605778788e-01	-7.372171012487e-01
7.357176895104e-01	-3.610816206647e-03	-6.772787043365e-01
7.637910816702e-01	4.857375514045e-01	-4.250673061018e-01
4.343662426214e-01	8.848400036270e-01	-1.684759189090e-01
5.598271494126e-02	9.908935900484e-01	-1.224574572199e-01
-3.199594233946e-02	9.921864932789e-01	-1.205911366095e-01
-3.998272742869e-01	9.035577320386e-01	-1.540181015646e-01
-7.632383891301e-01	4.929634403297e-01	-4.176771574511e-01
-7.220486011913e-01	-2.701061934177e-02	-6.913148660056e-01
-5.708792806001e-01	-3.430060864450e-01	-7.459515209739e-01
-4.614324117835e-01	-5.370498579413e-01	-7.061569085132e-01
-4.988156444048e-01	-4.256987247556e-01	-7.549593026373e-01
-3.700999299943e-01	-1.067141538999e-01	-9.228424194713e-01
-8.761069419281e-02	4.629049388017e-02	-9.950786684677e-01
9.316701795331e-02	3.987583218224e-02	-9.948516596827e-01
3.829992782497e-01	-1.170807213295e-01	-9.162988909484e-01
4.700753000484e-01	-3.692384042048e-01	-8.016808673935e-01
4.154955487829e-01	-5.830643929581e-01	-6.981399305340e-01
5.459388186002e-01	-3.551077651163e-01	-7.588473374135e-01
7.228196359087e-01	2.852215196782e-02	-6.904478697136e-01
7.407617871006e-01	5.102367414410e-01	-4.369558815890e-01
4.110881824746e-01	8.913720135295e-01	-1.909514067143e-01
3.912863648484e-02	9.876421807348e-01	-1.517625534849e-01
-4.281905397369e-02	9.874216121653e-01	-1.522008161793e-01
-3.916625398178e-01	9.013528471847e-01	-1.848337084395e-01
-7.413221998061e-01	5.128764645952e-01	-4.328962094301e-01
-7.081990595720e-01	-3.305208088508e-04	-7.060127355631e-01
-5.587649191002e-01	-3.188247788146e-01	-7.655929242076e-01
-4.439023161956e-01	-5.225870065659e-01	-7.279104026216e-01
-4.726381157940e-01	-4.330681908539e-01	-7.675058003489e-01
-3.556280810494e-01	-1.325039088695e-01	-9.251872146239e-01
-9.279882334396e-02	1.424346520510e-02	-9.955829960807e-01
7.939813112842e-02	1.183917893196e-02	-9.967726775025e-01
3.576508994725e-01	-1.358048734452e-01	-9.239279573944e-01
4.435084867275e-01	-3.728430552685e-01	-8.150388201422e-01
3.938997670257e-01	-5.737195459813e-01	-7.181147931189e-01
5.305732928212e-01	-3.356738686043e-01	-7.783412072357e-01
7.047301669284e-01	4.680049288565e-02	-7.079301559382e-01
7.191873304423e-01	5.259845136917e-01	-4.539932544519e-01
3.970443545828e-01	8.914290502427e-01	-2.184262550091e-01
3.484092421278e-02	9.827063028673e-01	-1.818637740315e-01
-4.535502930319e-02	9.821360457931e-01	-1.826245023834e-01
-3.882062925017e-01	8.958425217900e-01	-2.162453481927e-01
-7.220923626053e-01	5.199715280567e-01	-4.563027831139e-01
-6.871039564176e-01	8.838124136453e-03	-7.265053617401e-01
-5.368014534541e-01	-3.104404929792e-01	-7.845195344212e-01
-4.178694302429e-01	-5.213181813968e-01	-7.440514048193e-01
-4.454916514704e-01	-4.465884721833e-01	-7.759484035574e-01
-3.369054204388e-01	-1.564930210907e-01	-9.284420671366e-01
-8.906157787740e-02	-1.591238703470e-02	-9.958990065689e-01
7.454856998379e-02	-1.831109058238e-02	-9.970492538862e-01
3.402353329692e-01	-1.597573140720e-01	-9.266701240462e-01
4.168658803775e-01	-3.871658201034e-01	-8.223900932773e-01
3.651293431911e-01	-5.757985910643e-01	-7.315302763859e-01
5.076175329214e-01	-3.292298964641e-01	-7.961985402806e-01
6.822145375347e-01	5.186548258100e-02	-7.293101510969e-01
6.996212995507e-01	5.305157160137e-01	-4.786262762088e-01
3.907991259933e-01	8.860663894559e-01	-2.493238789196e-01
3.654701849997e-02	9.765401864724e-01	-2.122111675742e-01
-4.308652153789e-02	9.762718605892e-01	-2.122187689235e-01
-3.784466976103e-01	8.929140234628e-01	-2.438906389581e-01
-7.009044727904e-01	5.329669421706e-01	-4.740033318193e-01
-6.675089336450e-01	2.494369300488e-02	-7.441838722274e-01
-5.155427719784e-01	-2.957900728350e-01	-8.041914467794e-01
-3.933851669077e-01	-5.148275002162e-01	-7.617091016117e-01
-4.174576318713e-01	-4.565932860009e-01	-7.856536748284e-01
-3.228525750075e-01	-1.843621968565e-01	-9.283193390107e-01
-9.260640159637e-02	-4.768405335536e-02	-9.945603478115e-01
8.286048294508e-02	-5.578800334956e-02	-9.949984115808e-01
3.214399414971e-01	-1.825751065757e-01	-9.291623617373e-01
3.947550861139e-01	-4.270871376979e-01	-8.134893968579e-01
3.267374226135e-01	-5.975804242130e-01	-7.322160154362e-01
4.717167866717e-01	-3.399767769705e-01	-8.135717941847e-01
6.527754999679e-01	4.096106651314e-02	-7.564432151006e-01
6.807183289445e-01	5.245809965490e-01	-5.113094314588e-01
4.487558925042e-01	8.401025354162e-01	-3.047062174127e-01
1.302577198625e-01	9.591813871864e-01	-2.510059618641e-01

Hair-23
-1.907759860955e-01	9.814637263143e-01	-1.826135423473e-02
-5.240316813525e-01	8.491044492945e-01	-6.642613286386e-02
-8.391375501151e-01	3.960403168028e-01	-3.728273587783e-01
-7.682083377576e-01	-1.356540336185e-01	-6.256627949325e-01
-6.195308251797e-01	-4.328360883477e-01	-6.548545466560e-01
-5.350291202210e-01	-5.938956264200e-01	-6.008592392855e-01
-6.038243390428e-01	-4.172189203991e-01	-6.792087602795e-01
-4.578952865958e-01	-3.133240934273e-02	-8.884538179546e-01
-1.201805770442e-01	1.646175702083e-01	-9.790085211478e-01
9.776202940672e-02	1.620842889416e-01	-9.819222315869e-01
4.434736984220e-01	-1.660415556991e-02	-8.961335730937e-01
5.778791212606e-01	-3.383268659752e-01	-7.426914924587e-01
5.118520783014e-01	-5.929033181181e-01	-6.216696110500e-01
6.186269734143e-01	-4.037419914558e-01	-6.740126646433e-01
7.949108550692e-01	-2.444441735963e-02	-6.062336207710e-01
8.145245970761e-01	4.603404390170e-01	-3.530387527787e-01
4.547681844709e-01	8.871649823061e-01	-7.825722051579e-02
5.360351677184e-02	9.981097229271e-01	-3.006067178473e-02
-3.916000954942e-02	9.987898803699e-01	-2.975346236651e-02
-4.210162827888e-01	9.046693782978e-01	-6.571609846147e-02
-8.155910747563e-01	4.612340533144e-01	-3.493913949156e-01
-7.791528720128e-01	-5.566099959085e-02	-6.243577941843e-01
-6.326118150662e-01	-3.676551336851e-01	-6.816391964329e-01
-5.355796369916e-01	-5.399194659681e-01	-6.493392200604e-01
-5.811074121007e-01	-3.906922007764e-01	-7.139144065322e-01
-4.262461793128e-01	-4.434479207907e-02	-9.035196367742e-01
-1.147875438337e-01	1.348924929289e-01	-9.841889224799e-01
8.211038194783e-02	1.341339842951e-01	-9.875555475180e-01
4.111649411945e-01	-2.897621677768e-02	-9.111003073173e-01
5.516213814943e-01	-3.253842334489e-01	-7.680097343792e-01
4.983889099884e-01	-5.722693633352e-01	-6.512420979855e-01
6.124029624110e-01	-3.725339665539e-01	-6.972668466189e-01
7.825073665001e-01	4.457469707904e-03	-6.226253707784e-01
7.940740876013e-01	4.849936599501e-01	-3.663707046264e-01
4.307141340252e-01	8.967022830662e-01	-1.020311241473e-01
3.383863546756e-02	9.976018914237e-01	-6.037725546505e-02
-5.113478479906e-02	9.968175070520e-01	-6.115628682507e-02
-4.233870179414e-01	9.006203796575e-01	-9.811403969015e-02
-7.990901307679e-01	4.699701358029e-01	-3.749440416419e-01
-7.611896455824e-01	-4.746216211225e-02	-6.467902802499e-01
-6.109751489882e-01	-3.627452926021e-01	-7.036513483351e-01
-5.094595070446e-01	-5.420568825869e-01	-6.683003417043e-01
-5.530560557093e-01	-4.086293595431e-01	-7.260516825700e-01
-4.203736271246e-01	-7.460355085547e-02	-9.042788971428e-01
-1.266330724410e-01	1.005432738201e-01	-9.868409775915e-01
6.400534402607e-02	1.081678639579e-01	-9.920700726979e-01
3.858585851886e-01	-4.682292673721e-02	-9.213689628851e-01
5.233128476066e-01	-3.257626098090e-01	-7.874150021306e-01
4.782681864412e-01	-5.640289595051e-01	-6.731499644789e-01
5.973335460359e-01	-3.539649201474e-01	-7.196537153974e-01
7.661292471491e-01	2.260246609275e-02	-6.422889577047e-01
7.750033673836e-01	5.014531995858e-01	-3.845965017642e-01
4.168845219166e-01	8.995917963429e-01	-1.301610361778e-01
2.242577462545e-02	9.956542969257e-01	-9.038587083123e-02
-5.877830212541e-02	9.940416287319e-01	-9.179516080553e-02
-4.268957192352e-01	8.947627486734e-01	-1.309949177832e-01
-7.831341965527e-01	4.749533090309e-01	-4.013977882729e-01
-7.408613771658e-01	-4.153569754662e-02	-6.703724380173e-01
-5.867467817824e-01	-3.596267733052e-01	-7.255320792288e-01
-4.803543313747e-01	-5.454243242613e-01	-6.868566246559e-01
-5.283692525105e-01	-4.226884121292e-01	-7.363154481968e-01
-4.024462765156e-01	-1.016040823244e-01	-9.097876702691e-01
-1.252937085492e-01	6.953901837398e-02	-9.896796509586e-01
5.986136311034e-02	7.828310737882e-02	-9.951323390915e-01
3.703790078012e-01	-7.080349015080e-02	-9.261783070028e-01
4.986354358992e-01	-3.418477957020e-01	-7.965568320210e-01
4.451134396927e-01	-5.758876883629e-01	-6.857312857066e-01
5.700810324172e-01	-3.592429733912e-01	-7.388857168380e-01
7.444273093827e-01	2.256076893975e-02	-6.673222555483e-01
7.590744287065e-01	5.022149031704e-01	-4.142296497324e-01
4.318519317964e-01	8.862155581619e-01	-1.677077621208e-01
5.282600449144e-02	9.910447179096e-01	-1.226367822188e-01
-2.744823501659e-02	9.924991875254e-01	-1.191300010743e-01
-3.931270350296e-01	9.066674494325e-01	-1.529878115030e-01
-7.581201117025e-01	5.133836964685e-01	-4.021082894353e-01
-7.321756933769e-01	9.670101684061e-04	-6.811151289755e-01
-5.855736510466e-01	-3.129454003316e-01	-7.477758190870e-01
-4.777349154866e-01	-5.089572783099e-01	-7.160529585026e-01
-5.013280651795e-01	-3.986084159594e-01	-7.679723313959e-01
-3.582501697385e-01	-1.032340462404e-01	-9.279006129857e-01
-9.152939905379e-02	4.751351391817e-02	-9.946682035252e-01
7.477518996362e-02	4.133018299061e-02	-9.963435586884e-01
3.625844219058e-01	-1.017512760894e-01	-9.263796278014e-01
4.711243182526e-01	-3.557031633391e-01	-8.071661144657e-01
4.191325996566e-01	-5.751320027289e-01	-7.025318806589e-01
5.503528115131e-01	-3.484731458145e-01	-7.587346370805e-01
7.251483204311e-01	3.451994205192e-02	-6.877268985409e-01
7.394938682254e-01	5.104909857422e-01	-4.388026576184e-01
4.208379066657e-01	8.857551384324e-01	-1.957888941026e-01
4.651393425685e-02	9.871159597079e-01	-1.530964924807e-01
-3.081048982297e-02	9.881274124108e-01	-1.505155492272e-01
-3.863459104907e-01	9.040934051416e-01	-1.826251686557e-01
-7.398460311869e-01	5.184976836721e-01	-4.287050293194e-01
-7.119267308622e-01	1.078004225166e-02	-7.021710052209e-01
-5.648887167263e-01	-3.046129930727e-01	-7.668843864408e-01
-4.509970217816e-01	-5.084607084679e-01	-7.335321358254e-01
-4.723234129354e-01	-4.167970097836e-01	-7.766536204953e-01
-3.436529835198e-01	-1.237628615757e-01	-9.309056778281e-01
-8.929940022548e-02	1.307058802178e-02	-9.959190613941e-01
7.119258907839e-02	1.591355612574e-02	-9.973356375823e-01
3.407275102133e-01	-1.276085803713e-01	-9.314616546050e-01
4.437650096079e-01	-3.582124848656e-01	-8.214355920790e-01
3.996551383392e-01	-5.634934359478e-01	-7.230151575471e-01
5.347399414129e-01	-3.252886483007e-01	-7.798977435180e-01
7.065893694710e-01	5.387556454812e-02	-7.055699019198e-01
7.188779919027e-01	5.260111148068e-01	-4.544521315361e-01
4.018194167906e-01	8.887039838445e-01	-2.207858360246e-01
3.358580943399e-02	9.829048660907e-01	-1.810249088382e-01
-4.290446226576e-02	9.822563558677e-01	-1.825695989893e-01
-3.888680363131e-01	8.954793856410e-01	-2.165602000043e-01
-7.209548311241e-01	5.220835349185e-01	-4.556894930168e-01
-6.898985716167e-01	1.589006319607e-02	-7.237316262075e-01
-5.399244343128e-01	-3.049550451499e-01	-7.845278998669e-01
-4.204936723419e-01	-5.146598467241e-01	-7.472016553049e-01
-4.475299234635e-01	-4.412786417930e-01	-7.778111132544e-01
-3.320706751114e-01	-1.574065537532e-01	-9.300280875149e-01
-1.028798720651e-01	-1.500063570949e-02	-9.945806718674e-01
5.291159202938e-02	-1.658476072198e-02	-9.984614710347e-01
3.156199958893e-01	-1.452253291690e-01	-9.377065756209e-01
4.165334874406e-01	-3.682958947491e-01	-8.311786737829e-01
3.706678559232e-01	-5.657539449393e-01	-7.365648745161e-01
5.095538209778e-01	-3.182699733361e-01	-7.994117384674e-01
6.833075120846e-01	5.691859686234e-02	-7.279087286604e-01
7.005728529871e-01	5.275772546849e-01	-4.804788424026e-01
4.043971851680e-01	8.786340579355e-01	-2.538998008349e-01
4.198421291840e-02	9.765358383414e-01	-2.112228261825e-01
-3.239462941686e-02	9.769124312475e-01	-2.111698123761e-01
-3.752638650676e-01	8.942108329525e-01	-2.440574067816e-01
-6.992653869067e-01	5.397119357685e-01	-4.687632078814e-01
-6.704970347255e-01	3.459125257042e-02	-7.411053715025e-01
-5.205952949922e-01	-2.856547742248e-01	-8.046004528923e-01
-3.986828708807e-01	-5.035530375747e-01	-7.664765533371e-01
-4.191809851970e-01	-4.436954580139e-01	-7.920995153307e-01
-3.003824453421e-01	-1.681477772261e-01	-9.388805629814e-01
-6.851995365541e-02	-4.441221105399e-02	-9.966607103023e-01
8.678613140440e-02	-5.473520219420e-02	-9.947221848519e-01
3.314559169171e-01	-2.004015509229e-01	-9.219415347669e-01
3.934717555243e-01	-4.404019940546e-01	-8.069857875064e-01
3.160330665152e-01	-6.219278043303e-01	-7.164697530740e-01
4.557746051707e-01	-3.709412978946e-01	-8.091180771666e-01
6.379255673457e-01	1.115475042441e-03	-7.700972186952e-01
6.826399908941e-01	4.901341754531e-01	-5.420065801122e-01
4.770286595237e-01	8.201310642360e-01	-3.159567936732e-01
1.717536758896e-01	9.476000256609e-01	-2.693601050378e-01

Hair-24
-4.281101416439e-02	9.990796162118e-01	-2.671616806652e-03
-1.069989324160e-02	9.999427439680e-01	1.451564247780e-04
-3.352335051924e-02	9.994379274776e-01	1.186980866608e-04
-1.227970754573e-02	9.999245997086e-01	6.066532321219e-05
-3.209575528945e-02	9.994847478853e-01	3.181777497225e-04
-8.460170191637e-03	9.999642108601e-01	5.019239708626e-05
-2.841916242788e-02	9.995960567475e-01	-2.730232762954e-04
-1.330260943651e-03	9.999991094971e-01	1.068210520261e-04
-2.352459888271e-02	9.997231936066e-01	-3.597394650519e-04
3.547394388614e-03	9.999937038261e-01	9.111096874886e-05
-1.907274217468e-02	9.998180987089e-01	-9.806495618328e-08
2.355909837792e-03	9.999972186700e-01	1.110905017536e-04
-2.096348949604e-02	9.997802076817e-01	2.616028354862e-04
-1.027830860632e-03	9.999994618099e-01	1.412222412098e-04
-2.419776189420e-02	9.997071880560e-01	8.042663455921e-05

Hair-25
9.988871560226e-01	-4.716394710920e-02	1.078246487355e-04
9.997443005081e-01	-2.261038698921e-02	-3.224929162011e-04
9.992667739923e-01	-3.828536279903e-02	3.813009748820e-04
9.998872035101e-01	-1.501426889206e-02	-3.898543635613e-04
9.996625289374e-01	-2.597659587489e-02	-2.114362914552e-04
9.995658109131e-01	-2.944690702019e-02	1.034079551773e-03
9.996303353889e-01	-2.718806895541e-02	3.842802062157e-05

Hair-26
9.980766203939e-01	6.199236954519e-02	7.708016343011e-05
9.985427045440e-01	5.396400296516e-02	-5.946308720175e-04
9.987248900840e-01	5.048268212829e-02	-3.045189266216e-04
9.991027136320e-01	4.235026292959e-02	-4.720624879394e-04
9.992461411637e-01	3.882174107828e-02	-1.476111822586e-04
9.992755738707e-01	3.803579192007e-02	-1.267279950041e-03
9.995049939227e-01	3.145836549899e-02	-3.719726079654e-04

