Hair-0
-2.008664991762e-02	5.264286464942e-01	8.499820037185e-01
-4.405195365102e-02	5.561176216688e-01	8.299353084723e-01
-1.272899232423e-01	4.458153920582e-01	8.860281663948e-01
2.492142419942e-02	4.880188889511e-01	8.724772126782e-01
-2.405974821286e-02	4.818606331861e-01	8.759174953735e-01
-8.258888838425e-02	5.256881059564e-01	8.466587806026e-01
1.358477483861e-02	6.020982774328e-01	7.983064062157e-01
9.504927662888e-02	5.963927627213e-01	7.970453610592e-01

Hair-1
9.052789952228e-02	6.176485791105e-01	-7.812265562120e-01
-5.612297691416e-02	8.321711267383e-01	-5.516714849305e-01
-1.002927184596e-01	6.242684483145e-01	-7.747452968963e-01
1.333765537990e-03	5.419340914437e-01	-8.404199317012e-01
4.092083565050e-02	5.501586592568e-01	-8.340569134384e-01
9.701435139411e-02	6.161945855167e-01	-7.815960903200e-01
6.507078664086e-02	8.305851988623e-01	-5.530768664090e-01
-3.995386142869e-02	6.356480219564e-01	-7.709444085924e-01

Hair-2
-2.593374333695e-02	5.757454163376e-01	8.172176310646e-01
6.751813316603e-03	7.130853286303e-01	7.010447397343e-01
7.550576332693e-02	5.410069438143e-01	8.376218517023e-01
8.566670358061e-02	4.970505499234e-01	8.634824646271e-01
-1.929554893124e-03	4.854779812514e-01	8.742467652431e-01
-5.802902535408e-02	5.144891269031e-01	8.555311627959e-01
-7.986802915558e-03	6.145495588346e-01	7.888377847919e-01
1.069970156987e-01	6.584928151965e-01	7.449421796127e-01

Hair-3
5.832397209471e-02	6.527941354923e-01	-7.552867872179e-01
-3.597505461091e-02	8.552924526273e-01	-5.168951691828e-01
-1.657363788439e-01	6.566792005946e-01	-7.357335660646e-01
-9.427385233102e-02	5.543898239270e-01	-8.269004558548e-01
1.216520231713e-02	5.427756971249e-01	-8.397895870176e-01
7.404671709889e-02	6.091913255323e-01	-7.895587454921e-01
7.709866544139e-02	8.384670672826e-01	-5.394708267086e-01
-6.165002358545e-02	6.497891735638e-01	-7.576102589796e-01

Hair-4
-2.584129913328e-02	5.721387030367e-01	8.197496762711e-01
3.593468631607e-04	7.104333177551e-01	7.037644292611e-01
6.360286881780e-02	5.330279124937e-01	8.437036918141e-01
7.808797496204e-02	4.965932489798e-01	8.644636563986e-01
-1.104686680784e-02	4.854389017066e-01	8.742008004135e-01
-6.648154585432e-02	5.191706395206e-01	8.520810120643e-01
-1.300302348224e-02	6.215086011263e-01	7.832994191919e-01
1.056894629764e-01	6.586217326176e-01	7.450148661199e-01

Hair-5
7.126178448810e-02	6.077966557730e-01	-7.908887300390e-01
-6.890873765946e-02	8.205338325664e-01	-5.674291281632e-01
-9.818243402909e-02	6.226465006616e-01	-7.763192287081e-01
-5.764453650873e-02	5.472383615522e-01	-8.349893909843e-01
5.012676286953e-03	5.417820130489e-01	-8.405040888735e-01
4.225889273353e-02	5.969801782312e-01	-8.011422175768e-01
9.457279076278e-02	8.074772305441e-01	-5.822684169695e-01
-9.681308209418e-02	5.991964439916e-01	-7.947269019249e-01

Hair-6
-2.850076910900e-02	5.590305574171e-01	8.286570714319e-01
-1.224942372827e-02	6.996700520274e-01	7.143610921056e-01
4.308368356889e-02	5.172287965770e-01	8.547620535574e-01
8.265646230919e-02	5.008752889806e-01	8.615636100296e-01
-4.128262366251e-02	4.911669871463e-01	8.700866254122e-01
-6.485120229088e-02	5.169926218913e-01	8.535297009896e-01
-1.113510001711e-02	6.028310685496e-01	7.977911458138e-01
1.069554470605e-01	6.507966528495e-01	7.516809489298e-01

Hair-7
1.017248936484e-01	5.921617381048e-01	-7.993725801758e-01
-8.748479672404e-02	7.949819497389e-01	-6.002916873750e-01
-8.153082578809e-02	6.251984435761e-01	-7.761956136157e-01
-2.834626903463e-02	5.425096768333e-01	-8.395711640916e-01
5.574285128029e-02	5.490608854732e-01	-8.339213863276e-01
6.153282554037e-02	6.062433814006e-01	-7.928951216201e-01
9.789299684454e-02	7.860249581221e-01	-6.103947299722e-01
-8.997688441692e-02	5.767206209505e-01	-8.119713576483e-01

Hair-8
-2.361333375515e-02	5.570380564210e-01	8.301511995822e-01
-1.891345927414e-02	6.974448866135e-01	7.163887989039e-01
3.135977184590e-02	5.076524968225e-01	8.609910029609e-01
7.264150612685e-02	4.985221706721e-01	8.638280250930e-01
-6.147598096343e-02	4.950328039145e-01	8.666967328963e-01
-5.563175416452e-02	5.163755152216e-01	8.545533542197e-01
-9.082477265674e-03	6.118621871668e-01	7.909122407209e-01
1.078834239123e-01	6.477927496205e-01	7.541390590495e-01

Hair-9
8.803890777707e-02	6.164034782006e-01	-7.824933883296e-01
-7.829954196780e-02	8.247256390842e-01	-5.600864236569e-01
-9.482277705623e-02	6.293531712132e-01	-7.713126647704e-01
-4.988650519967e-02	5.494479654546e-01	-8.340373312129e-01
4.291015889817e-02	5.475262365902e-01	-8.356875842734e-01
7.048280326017e-02	6.089898503506e-01	-7.900402120238e-01
6.566665236509e-02	8.263734105025e-01	-5.592806783553e-01
-5.166320353225e-02	6.240166900853e-01	-7.797012786291e-01

Hair-10
-2.814273888837e-02	5.534150371112e-01	8.324300468790e-01
-2.459681503751e-02	6.943248700577e-01	7.192412470857e-01
4.342592496801e-02	5.190003504388e-01	8.536702087370e-01
8.012247103299e-02	5.027694509104e-01	8.606992906160e-01
-1.757882283064e-02	4.852579886878e-01	8.741942972833e-01
-6.256799973520e-02	5.198449921282e-01	8.519662138656e-01
6.300454012403e-03	5.665788493799e-01	8.239834414080e-01
1.044740044600e-01	6.449627254171e-01	7.570391437796e-01

Hair-11
5.437639426873e-02	6.223357433478e-01	-7.808594177559e-01
-5.086272331218e-02	8.333025813517e-01	-5.504723347180e-01
-1.050639425512e-01	6.285726558361e-01	-7.706218166590e-01
-9.539931835407e-02	5.576898938262e-01	-8.245489387427e-01
4.441401616069e-02	5.489899216719e-01	-8.346481061329e-01
5.442894910962e-02	6.033195270067e-01	-7.956400177412e-01
7.579622862187e-02	8.239337694790e-01	-5.615942265006e-01
-6.931301504107e-02	6.233169736522e-01	-7.788912994141e-01

Hair-12
-2.328354883907e-02	5.636312787586e-01	8.256982850645e-01
-1.632643577947e-02	7.042745851371e-01	7.097399215380e-01
4.079580667832e-02	5.209351138290e-01	8.526208473509e-01
7.734864135674e-02	5.017066321652e-01	8.615727728531e-01
-4.245002913916e-02	4.878253342490e-01	8.719085033941e-01
-9.141704839354e-02	5.256416792710e-01	8.457799644566e-01
-2.751919074039e-02	6.159902499050e-01	7.872729553103e-01
1.004082877083e-01	6.599738010513e-01	7.445486939653e-01

Hair-13
4.500501085319e-02	5.994695974241e-01	-7.991312475197e-01
-6.238467412413e-02	8.098011193845e-01	-5.833783501966e-01
-7.954845951804e-02	6.055798420318e-01	-7.917986470770e-01
-8.140542261461e-02	5.523868924363e-01	-8.296034463727e-01
3.006395852848e-02	5.447705131514e-01	-8.380460884691e-01
4.062849338085e-02	5.972239259097e-01	-8.010448850386e-01
7.032150098147e-02	8.048310757451e-01	-5.893231931756e-01
-9.640896603976e-02	5.785672413179e-01	-8.099168219891e-01

Hair-14
-2.523960251437e-02	5.419131493805e-01	8.400554154301e-01
-2.458338629116e-02	6.835266068333e-01	7.295115042749e-01
1.382781558886e-01	5.979256396260e-01	7.895340911461e-01
2.200551526295e-01	5.162037926590e-01	8.277133406232e-01
8.769426499151e-02	4.717679275558e-01	8.773509778973e-01
1.578008266715e-01	4.559762731838e-01	8.758907108739e-01
3.172339665928e-01	4.430040371248e-01	8.385165672370e-01
3.095128648759e-01	4.548473336211e-01	8.350543033684e-01

Hair-15
1.825406642136e-02	5.647882499478e-01	-8.250339518953e-01
-4.208595160650e-02	7.845637857590e-01	-6.186181687866e-01
-1.678184676879e-02	7.043299878798e-01	-7.096743181152e-01
-1.724685177321e-01	6.071092910165e-01	-7.756757822394e-01

Hair-16
-1.609714963377e-02	9.998207762055e-01	-9.964800121622e-03
-4.344363999724e-01	8.988830533238e-01	-5.722124453689e-02
-8.012324145257e-01	5.795311746845e-01	-1.488967275733e-01
-8.574540726557e-01	6.527310868793e-02	-5.104036976437e-01

Hair-17
1.566352429402e-02	9.983102366068e-01	5.595824776290e-02
-4.751856830993e-01	8.787778111036e-01	-4.413757230951e-02
-8.286790796066e-01	4.454596938352e-01	-3.389050666345e-01
-7.893057570436e-01	-9.455468897873e-02	-6.066760525107e-01
-6.359211391209e-01	-4.057420723829e-01	-6.564888997672e-01
-5.354284471652e-01	-5.890454237137e-01	-6.052618167109e-01
-6.079065047233e-01	-4.416317017546e-01	-6.598568947282e-01
-4.830541610945e-01	-3.473362350971e-02	-8.749012817725e-01
-1.484480241003e-01	1.526413828312e-01	-9.770689803633e-01
9.879786076669e-02	1.568351209025e-01	-9.826707116626e-01
4.753906444243e-01	-3.059526681220e-02	-8.792426655040e-01
5.783380841295e-01	-3.514328243392e-01	-7.362200964537e-01
5.207877412651e-01	-5.748204648318e-01	-6.311589037306e-01
6.319683702021e-01	-3.815392428104e-01	-6.745693331747e-01
8.023090049300e-01	4.583798749657e-03	-5.968913212615e-01
8.067516302367e-01	4.901298365997e-01	-3.300371954571e-01
4.344227270304e-01	8.982390693819e-01	-6.665934649714e-02
4.806323975035e-02	9.984221714367e-01	-2.903605634811e-02
-2.679375988827e-02	9.991888338265e-01	-3.006274750486e-02
-3.829547000685e-01	9.221408169558e-01	-5.479061415537e-02
-8.026663334019e-01	5.076033641798e-01	-3.131542461735e-01
-7.952259624785e-01	-7.093003297778e-03	-6.062716865435e-01
-6.559720168516e-01	-3.249527256516e-01	-6.812535792194e-01
-5.507854875398e-01	-5.102685608150e-01	-6.605008270694e-01
-5.792921740748e-01	-4.010604040287e-01	-7.096274581610e-01
-4.549068445948e-01	-4.911841843491e-02	-8.891834139879e-01
-1.189283196975e-01	1.320341202821e-01	-9.840848773634e-01
9.260149591557e-02	1.282226834354e-01	-9.874127335653e-01
4.464360923924e-01	-4.849187348051e-02	-8.935006175799e-01
5.510701603119e-01	-3.503978254303e-01	-7.573262456481e-01
4.986401576659e-01	-5.720763577957e-01	-6.512193440110e-01
6.151319039638e-01	-3.691918488535e-01	-6.966420310791e-01
7.855513550965e-01	1.825491147061e-02	-6.185271430692e-01
7.895540597851e-01	5.022618687726e-01	-3.526150902243e-01
4.301524633477e-01	8.973922772725e-01	-9.826473918720e-02
5.752183547325e-02	9.964792618398e-01	-6.099441914683e-02
-2.003598384091e-02	9.979883098543e-01	-6.014892140134e-02
-3.745954257974e-01	9.235273740823e-01	-8.231315989794e-02
-7.858007701508e-01	5.186121990068e-01	-3.369844754165e-01
-7.776208662158e-01	5.137689409006e-03	-6.287124880050e-01
-6.371540657750e-01	-3.143347001810e-01	-7.037246568997e-01
-5.288076815045e-01	-5.060528378314e-01	-6.813757856753e-01
-5.530237474310e-01	-4.045842075712e-01	-7.283380765561e-01
-4.265767959475e-01	-6.847301479266e-02	-9.018556887908e-01
-1.056656151117e-01	1.047384430892e-01	-9.888703839848e-01
9.496192123221e-02	9.934206185806e-02	-9.905116800228e-01
4.305809402116e-01	-7.442202361590e-02	-8.994784134861e-01
5.251107994913e-01	-3.613407914640e-01	-7.705137770876e-01
4.701762430669e-01	-5.765189405660e-01	-6.682516080221e-01
5.920273828075e-01	-3.657051247112e-01	-7.181666518059e-01
7.654435181914e-01	2.107506366166e-02	-6.431578827554e-01
7.741734477394e-01	5.053258603077e-01	-3.811840076914e-01
4.289803169820e-01	8.935042078622e-01	-1.327633916957e-01
6.299728336575e-02	9.937294673561e-01	-9.237471513686e-02
-1.426094904636e-02	9.958774034973e-01	-8.958137382122e-02
-3.648395775740e-01	9.249874388169e-01	-1.062559206193e-01
-7.663969925734e-01	5.330886887582e-01	-3.584021480021e-01
-7.598500830957e-01	2.173693089712e-02	-6.497348359558e-01
-6.199932006141e-01	-2.994856664521e-01	-7.252011905548e-01
-5.095940083244e-01	-4.967256123690e-01	-7.025507901188e-01
-5.249448402943e-01	-4.024435537208e-01	-7.499814002473e-01
-3.926514782064e-01	-8.461694417989e-02	-9.157864322100e-01
-9.232679539326e-02	7.605660721202e-02	-9.928198000402e-01
1.000282770179e-01	6.936858253856e-02	-9.925635211680e-01
4.108565880565e-01	-9.819827774784e-02	-9.063961398296e-01
4.965512985345e-01	-3.670613449319e-01	-7.865766186332e-01
4.352014729522e-01	-5.891487786086e-01	-6.808108361390e-01
5.622841008272e-01	-3.708334080301e-01	-7.391340700074e-01
7.416895602319e-01	1.339844552977e-02	-6.706094824116e-01
7.598502515496e-01	5.001360933755e-01	-4.153209401452e-01
4.265041732943e-01	8.893248501274e-01	-1.649105851923e-01
6.223251600769e-02	9.904662250922e-01	-1.228973999032e-01
-1.164371888023e-02	9.928689145520e-01	-1.186412336707e-01
-3.704686409667e-01	9.178163491257e-01	-1.427099693008e-01
-7.512491926392e-01	5.341960544749e-01	-3.876328494110e-01
-7.382417561052e-01	2.323978764484e-02	-6.741357591857e-01
-5.946406043267e-01	-2.989325807871e-01	-7.463523724287e-01
-4.843967334807e-01	-4.987383509480e-01	-7.187627298955e-01
-4.981205361780e-01	-4.115449118731e-01	-7.632212765307e-01
-3.694093472056e-01	-1.049520915149e-01	-9.233210669555e-01
-8.404085821948e-02	4.629499145339e-02	-9.953863108945e-01
9.556166693677e-02	3.879655211927e-02	-9.946671781837e-01
3.883950212869e-01	-1.164756746987e-01	-9.141021412529e-01
4.697951184649e-01	-3.600832972629e-01	-8.059978695374e-01
4.282647918073e-01	-5.599743795979e-01	-7.092375922722e-01
5.600060968693e-01	-3.271744925578e-01	-7.611504600857e-01
7.308858032568e-01	5.887051861335e-02	-6.799560313990e-01
7.342055849528e-01	5.362114280285e-01	-4.164366260018e-01
3.962451472805e-01	8.992792178794e-01	-1.851666048369e-01
3.463730895635e-02	9.877654736293e-01	-1.520513924110e-01
-3.615153354593e-02	9.878565213588e-01	-1.511044666156e-01
-3.772028986794e-01	9.087205676212e-01	-1.787313716450e-01
-7.342848382644e-01	5.389013477186e-01	-4.128088101315e-01
-7.172941417089e-01	2.996982453959e-02	-6.961256523697e-01
-5.730636220081e-01	-2.922638737124e-01	-7.656238719199e-01
-4.561275778306e-01	-5.003286883966e-01	-7.359475771478e-01
-4.725390419556e-01	-4.304825215023e-01	-7.690199298515e-01
-3.622622333007e-01	-1.346388367984e-01	-9.223006331720e-01
-9.379663378366e-02	1.270833217348e-02	-9.955102660366e-01
7.711864665336e-02	1.118479489227e-02	-9.969591840700e-01
3.618484979461e-01	-1.349561247011e-01	-9.224166677483e-01
4.438250536311e-01	-3.684105590542e-01	-8.168800289802e-01
4.038478984232e-01	-5.550669278001e-01	-7.271915707720e-01
5.414559969675e-01	-3.136820817874e-01	-7.800185606212e-01
7.113625466834e-01	7.296359050501e-02	-6.990276401093e-01
7.143668215965e-01	5.475771978628e-01	-4.357054699941e-01
3.804499660433e-01	9.001262740918e-01	-2.122039444197e-01
2.703817055867e-02	9.829276718413e-01	-1.819948605358e-01
-4.409225961758e-02	9.823194734083e-01	-1.819459392363e-01
-3.797548111210e-01	9.003628291521e-01	-2.124454266667e-01
-7.173553612232e-01	5.385930982911e-01	-4.419488207898e-01
-6.936210829580e-01	3.030011570728e-02	-7.197025053897e-01
-5.465854535992e-01	-2.922587261474e-01	-7.847478441541e-01
-4.246924949789e-01	-5.068802237855e-01	-7.501391360566e-01
-4.456722372059e-01	-4.499428125999e-01	-7.739042074919e-01
-3.476449759982e-01	-1.603576609846e-01	-9.238118808647e-01
-9.316899680279e-02	-1.938728851770e-02	-9.954615367149e-01
6.581216043054e-02	-1.792029028397e-02	-9.976710994790e-01
3.396282654707e-01	-1.550417768295e-01	-9.276932083027e-01
4.167313017609e-01	-3.764637822732e-01	-8.274116525462e-01
3.771670497481e-01	-5.528201786772e-01	-7.430577814892e-01
5.202806757331e-01	-3.036046929729e-01	-7.982056181608e-01
6.903207569811e-01	8.349380661121e-02	-7.186696297595e-01
6.937791320189e-01	5.574489143156e-01	-4.559837978520e-01
3.640759569203e-01	9.003248206554e-01	-2.384615585466e-01
1.035164536135e-02	9.775202902519e-01	-2.105870973827e-01
-5.765150115439e-02	9.752983352932e-01	-2.132356949221e-01
-3.768086423677e-01	8.939549879062e-01	-2.426102360466e-01
-7.004493514186e-01	5.351760893697e-01	-4.721835018974e-01
-6.687576202204e-01	2.722176418483e-02	-7.429819788876e-01
-5.187000060309e-01	-2.910908543940e-01	-8.038758724030e-01
-3.924722488941e-01	-5.135593359799e-01	-7.630349548192e-01
-4.180683026861e-01	-4.643546820121e-01	-7.807647684051e-01
-3.202363807746e-01	-1.797092501887e-01	-9.301361437042e-01
-6.227330463223e-02	-4.910743618301e-02	-9.968502872757e-01
1.101828671473e-01	-5.946835962512e-02	-9.921306617531e-01
3.530295726878e-01	-1.916454055000e-01	-9.157740765924e-01
3.990747544508e-01	-4.438624639687e-01	-8.023250297976e-01
3.257767161936e-01	-5.935856163758e-01	-7.358842621078e-01
4.841417487389e-01	-3.220478617808e-01	-8.135674169056e-01
6.611040022606e-01	6.048842155481e-02	-7.478520234999e-01
6.743562434189e-01	5.540654739858e-01	-4.881138263753e-01
4.121959062428e-01	8.720144478091e-01	-2.639798054565e-01
-1.090794922688e-02	9.874603466768e-01	-1.574899374073e-01

Hair-18
7.620859906035e-02	9.899406015718e-01	1.192050954819e-01
-5.542267575049e-01	8.300965180673e-01	-6.142045227913e-02
-8.268884617837e-01	4.287774145344e-01	-3.638755289301e-01
-7.967643052567e-01	-9.883857693890e-02	-5.961523107205e-01
-6.364074280944e-01	-4.166325025752e-01	-6.491555616832e-01
-5.323711835532e-01	-6.027313330540e-01	-5.943869640875e-01
-6.189898239446e-01	-4.596276885021e-01	-6.368626114126e-01
-5.067684641784e-01	-3.697389333533e-02	-8.612889497293e-01
-1.493392712167e-01	1.536682152862e-01	-9.767721646747e-01
8.914021019678e-02	1.586372821325e-01	-9.833047521718e-01
4.761695768791e-01	-4.047299191367e-02	-8.784215793002e-01
5.788994752057e-01	-3.758905361616e-01	-7.235894571031e-01
5.190614596742e-01	-5.850409959948e-01	-6.231390166618e-01
6.289550668642e-01	-3.848107770841e-01	-6.755266017751e-01
7.989284556003e-01	-9.190392879852e-03	-6.013558509825e-01
8.090226773760e-01	4.808608934281e-01	-3.380164325337e-01
4.327193117784e-01	8.991284739814e-01	-6.574180169313e-02
1.558197959624e-02	9.996521398923e-01	-2.127912405578e-02
3.125080616044e-03	9.997209545859e-01	-2.341467132036e-02
-4.102718104126e-01	9.095796589708e-01	-6.589298572130e-02
-8.145610097776e-01	4.702929710235e-01	-3.395804510805e-01
-7.840299287666e-01	-5.235347238500e-02	-6.185112648347e-01
-6.323613282472e-01	-3.661608722597e-01	-6.826751542011e-01
-5.235077204228e-01	-5.541267409673e-01	-6.472118830821e-01
-5.857243543898e-01	-4.497926055657e-01	-6.742503931427e-01
-4.670368391906e-01	-5.306115542054e-02	-8.826443817440e-01
-1.231093722601e-01	1.300218938360e-01	-9.838385993572e-01
1.227976041891e-01	1.271996080142e-01	-9.842464163645e-01
4.799812771183e-01	-6.621678062788e-02	-8.747761494115e-01
5.582864588246e-01	-4.116585655549e-01	-7.203148306806e-01
4.726972201651e-01	-6.075663653740e-01	-6.382949551064e-01
5.902797712619e-01	-4.105507484829e-01	-6.949948737646e-01
7.755254455689e-01	-2.666071642166e-02	-6.307531129333e-01
8.003299943235e-01	4.673686684492e-01	-3.755508326954e-01
4.458613733301e-01	8.885503643531e-01	-1.081012755716e-01
3.008705166240e-02	9.979153342929e-01	-5.709426333059e-02
-9.445335124930e-03	9.983601078268e-01	-5.646132078161e-02
-4.081035569360e-01	9.077875433119e-01	-9.681561353365e-02
-8.002921949230e-01	4.739329880723e-01	-3.673144777465e-01
-7.632290183081e-01	-5.167588892738e-02	-6.440582800616e-01
-6.072095501935e-01	-3.691882287787e-01	-7.035599575622e-01
-4.970387323611e-01	-5.599919126809e-01	-6.628435382991e-01
-5.609902065814e-01	-4.646604430261e-01	-6.851136116050e-01
-4.467115565594e-01	-7.726510643892e-02	-8.913354523204e-01
-1.162586904624e-01	1.017194504146e-01	-9.879964930602e-01
1.232628045893e-01	9.503485961503e-02	-9.878130675703e-01
4.683622664490e-01	-9.222258642127e-02	-8.787102946481e-01
5.314678931430e-01	-4.321456653673e-01	-7.285547353922e-01
4.352873393632e-01	-6.230249641861e-01	-6.498960118288e-01
5.593319944700e-01	-4.234228799813e-01	-7.126435186477e-01
7.516243980969e-01	-3.932548862855e-02	-6.584180056238e-01
7.880108158027e-01	4.587313665445e-01	-4.106147677887e-01
4.511589313888e-01	8.805550498423e-01	-1.451840997677e-01
3.516638509746e-02	9.953096171808e-01	-9.012264591449e-02
-1.788387076415e-02	9.959623325373e-01	-8.797271925681e-02
-4.045585653139e-01	9.058415279239e-01	-1.256323744890e-01
-7.832645535948e-01	4.809709667567e-01	-3.939080707718e-01
-7.420690646156e-01	-4.516270535608e-02	-6.688002940979e-01
-5.849508616266e-01	-3.645645268943e-01	-7.245172152631e-01
-4.725997765016e-01	-5.613902058588e-01	-6.793309120131e-01
-5.322891662942e-01	-4.746099284349e-01	-7.010090293833e-01
-4.285538790731e-01	-1.036600156617e-01	-8.975500954735e-01
-1.055542384161e-01	7.373278227604e-02	-9.916762473561e-01
1.164844397825e-01	6.556795781873e-02	-9.910258413362e-01
4.473677179145e-01	-1.165947053049e-01	-8.867174294345e-01
5.032931812781e-01	-4.460674859747e-01	-7.400809223559e-01
4.025272575386e-01	-6.353509465390e-01	-6.590151604254e-01
5.329481682928e-01	-4.245647754030e-01	-7.319228110944e-01
7.299832281421e-01	-4.123873452541e-02	-6.822197984565e-01
7.723774955330e-01	4.585590576030e-01	-4.394958419421e-01
4.481798179734e-01	8.760689781100e-01	-1.778707293364e-01
3.508268510981e-02	9.921430605979e-01	-1.200889358469e-01
-2.364303807843e-02	9.926450453695e-01	-1.187300326532e-01
-4.046119813203e-01	9.007214328077e-01	-1.580823995668e-01
-7.671442485035e-01	4.824489841633e-01	-4.227678791816e-01
-7.187353084550e-01	-4.406990722182e-02	-6.938857252153e-01
-5.599742286650e-01	-3.626199677977e-01	-7.449400124745e-01
-4.439846647970e-01	-5.652922387321e-01	-6.952138536122e-01
-5.029022784937e-01	-4.845531815828e-01	-7.157496157902e-01
-4.059796718846e-01	-1.276725931518e-01	-9.049200047376e-01
-9.316553682050e-02	4.356209082722e-02	-9.946972036714e-01
1.079624765887e-01	3.676317636859e-02	-9.934749984333e-01
4.269282328434e-01	-1.336163161464e-01	-8.943595272935e-01
4.812465398787e-01	-4.450405449376e-01	-7.552090314717e-01
3.870473628335e-01	-6.201595968694e-01	-6.823462561884e-01
5.247596526623e-01	-3.971989146666e-01	-7.529012744878e-01
7.174917968639e-01	-1.152582365269e-02	-6.964715908221e-01
7.493247028019e-01	4.839897967629e-01	-4.519583679945e-01
4.231475116866e-01	8.835887602353e-01	-2.005419809898e-01
1.939878233951e-02	9.887764294566e-01	-1.481379755325e-01
-3.200430445300e-02	9.880942182961e-01	-1.504843522308e-01
-4.045719213839e-01	8.939639679313e-01	-1.927433123828e-01
-7.509356086525e-01	4.833664692379e-01	-4.499472947737e-01
-6.975902650855e-01	-4.229606748815e-02	-7.152474150481e-01
-5.358877997899e-01	-3.606850710199e-01	-7.633678966132e-01
-4.142884927897e-01	-5.697486124426e-01	-7.097545796694e-01
-4.786915757535e-01	-5.036141900043e-01	-7.191850408128e-01
-3.959646039016e-01	-1.536653011129e-01	-9.053170757756e-01
-9.529077371021e-02	1.241162782250e-02	-9.953721012468e-01
9.402392882673e-02	7.861499712794e-03	-9.955388981000e-01
4.008871112994e-01	-1.525549976989e-01	-9.033363142657e-01
4.554903865504e-01	-4.508005276044e-01	-7.676635930353e-01
3.636550129254e-01	-6.135213405682e-01	-7.009611945334e-01
5.082179697640e-01	-3.802480550766e-01	-7.727392262720e-01
6.984808114882e-01	5.997809593361e-03	-7.156036488608e-01
7.274982043248e-01	5.012928183139e-01	-4.684569062476e-01
4.074052138482e-01	8.848805817273e-01	-2.258480635544e-01
7.093071068400e-03	9.846002679876e-01	-1.746768462662e-01
-3.763289326725e-02	9.825185437903e-01	-1.823213549000e-01
-4.028759303245e-01	8.869231912599e-01	-2.259606991725e-01
-7.334766551206e-01	4.866544929773e-01	-4.745307164538e-01
-6.761148234066e-01	-3.732692643760e-02	-7.358501519553e-01
-5.116321940984e-01	-3.545141504381e-01	-7.826571504186e-01
-3.878744112956e-01	-5.665919691345e-01	-7.269986118105e-01
-4.516631974652e-01	-5.182538580871e-01	-7.262322594276e-01
-3.823498846119e-01	-1.807076514462e-01	-9.061750992198e-01
-1.005589922265e-01	-1.899869632266e-02	-9.947496864138e-01
8.331079566982e-02	-2.116912531050e-02	-9.962987400667e-01
3.741602915364e-01	-1.693216339451e-01	-9.117753344523e-01
4.265926824220e-01	-4.522167530538e-01	-7.832743399101e-01
3.365392807503e-01	-6.078429596445e-01	-7.192136323254e-01
4.874034316532e-01	-3.708001936575e-01	-7.905346995523e-01
6.772558458233e-01	1.275358372401e-02	-7.356370473273e-01
7.084054075673e-01	5.059152543313e-01	-4.921499100521e-01
3.972100996444e-01	8.811194423430e-01	-2.566177411359e-01
-7.528563119131e-03	9.793208728944e-01	-2.021730660862e-01
-4.240954602395e-02	9.766802789888e-01	-2.104686747247e-01
-3.772002598748e-01	8.944401349576e-01	-2.402016005930e-01
-7.039141101630e-01	5.227047528624e-01	-4.809206450637e-01
-6.622901774983e-01	6.901294121565e-03	-7.492156518178e-01
-5.121035181881e-01	-3.005123573181e-01	-8.046379992012e-01
-3.855459244108e-01	-5.306214483748e-01	-7.548478116116e-01
-4.188684015636e-01	-5.065576652416e-01	-7.536236421162e-01
-3.544665451464e-01	-2.061949181770e-01	-9.120510534449e-01
-9.368097926284e-02	-5.199939764293e-02	-9.942433991579e-01
6.252410612519e-02	-4.968322752320e-02	-9.968060558886e-01
3.356612227235e-01	-1.778196207664e-01	-9.250468777474e-01
4.079885118384e-01	-4.318744692181e-01	-8.043816364422e-01
3.353327069715e-01	-5.861144588139e-01	-7.375783462145e-01
4.893507361312e-01	-3.161726547386e-01	-8.127550119460e-01
6.654235495696e-01	6.991409042822e-02	-7.431847143461e-01
6.757967844671e-01	5.454419207466e-01	-4.957739577632e-01
3.939593704482e-01	8.744042136181e-01	-2.832195008170e-01
-5.476678113415e-02	9.979687957182e-01	3.254047413590e-02

Hair-19
-1.031288093129e-02	9.980351551626e-01	6.180188950500e-02
-5.072995954848e-01	8.609909525954e-01	-3.662922289383e-02
-8.246026122775e-01	4.377999129220e-01	-3.582761059165e-01
-7.870233170932e-01	-1.133206966296e-01	-6.064261851759e-01
-6.243890306102e-01	-4.238775726478e-01	-6.560991859924e-01
-5.313581313227e-01	-5.984705841061e-01	-5.995760971194e-01
-6.056044097858e-01	-4.395261532815e-01	-6.633702280247e-01
-4.728903726914e-01	-2.872780679353e-02	-8.806528308776e-01
-1.369568667368e-01	1.509580857208e-01	-9.790068809815e-01
1.109090506405e-01	1.556480823244e-01	-9.815665321081e-01
4.843402123958e-01	-3.093129618336e-02	-8.743327819388e-01
5.797523990061e-01	-3.511931560082e-01	-7.352214108823e-01
5.232844199632e-01	-5.690078486598e-01	-6.343528071881e-01
6.356396239679e-01	-3.744911805625e-01	-6.750693476398e-01
8.052229811517e-01	1.426266686799e-02	-5.928005794186e-01
8.048252853224e-01	4.980541449042e-01	-3.227976592998e-01
4.297421148924e-01	9.004782028019e-01	-6.678862902065e-02
4.069097720768e-02	9.987542694761e-01	-2.888171700463e-02
-3.471994126407e-02	9.989453880035e-01	-3.004392559380e-02
-3.877120431997e-01	9.201190185188e-01	-5.532055059245e-02
-8.059459397794e-01	4.967584944773e-01	-3.219971122818e-01
-7.924487164413e-01	-2.023228679352e-02	-6.096028923665e-01
-6.478347862489e-01	-3.400782650522e-01	-6.816574384285e-01
-5.434753503138e-01	-5.236828389114e-01	-6.560417881744e-01
-5.809517494605e-01	-4.076187173140e-01	-7.045154690239e-01
-4.630426825842e-01	-5.040420181822e-02	-8.849016276086e-01
-1.249876479322e-01	1.233075072112e-01	-9.844660210133e-01
8.700914919789e-02	1.270510364771e-01	-9.880725894821e-01
4.410843386544e-01	-4.157828605660e-02	-8.965020091012e-01
5.517350970462e-01	-3.466876020668e-01	-7.585486729674e-01
4.963448602552e-01	-5.732115040487e-01	-6.519741952903e-01
6.133486171802e-01	-3.716872156026e-01	-6.968874281839e-01
7.854784095016e-01	1.540525451978e-02	-6.186972978282e-01
7.904937548380e-01	4.996664926740e-01	-3.541934777222e-01
4.310262801389e-01	8.968007382857e-01	-9.982375288349e-02
5.141113818021e-02	9.968356649654e-01	-6.062633028699e-02
-2.078032815729e-02	9.980477944384e-01	-5.889633246864e-02
-3.765986783049e-01	9.226679505888e-01	-8.280874624821e-02
-7.900489067671e-01	5.057029440635e-01	-3.465360836646e-01
-7.742702397501e-01	-8.534436904818e-03	-6.327975657539e-01
-6.290690973286e-01	-3.308372773588e-01	-7.034335552815e-01
-5.210724316602e-01	-5.206688246080e-01	-6.763042924934e-01
-5.541487204007e-01	-4.115809357804e-01	-7.235470468327e-01
-4.325088038589e-01	-6.763130655602e-02	-8.990896178680e-01
-1.117467403960e-01	9.790414225647e-02	-9.889021412354e-01
9.210199012802e-02	9.664411721571e-02	-9.910485043741e-01
4.273783776094e-01	-6.848540382349e-02	-9.014751642808e-01
5.244338422123e-01	-3.537809563099e-01	-7.744728401273e-01
4.715467347952e-01	-5.736247334250e-01	-6.697748443373e-01
5.935766758528e-01	-3.631854797531e-01	-7.181664411403e-01
7.665716117802e-01	2.448055582194e-02	-6.416920339223e-01
7.738684415247e-01	5.064532160091e-01	-3.803061598320e-01
4.223713901838e-01	8.971703344095e-01	-1.291812672555e-01
4.842568862931e-02	9.946569075120e-01	-9.117340083261e-02
-2.190387232316e-02	9.957977794722e-01	-8.892132913717e-02
-3.786714452007e-01	9.185047382526e-01	-1.138287415247e-01
-7.769188470103e-01	5.007837421629e-01	-3.815923855969e-01
-7.510994983237e-01	-1.181062873427e-02	-6.600833679671e-01
-6.013300549488e-01	-3.350552593186e-01	-7.253551807344e-01
-4.913716339769e-01	-5.295212343628e-01	-6.914919953852e-01
-5.259087073356e-01	-4.229669161188e-01	-7.379153199504e-01
-4.109307621128e-01	-9.191762239390e-02	-9.070209807071e-01
-1.082035744541e-01	7.159246007640e-02	-9.915475309513e-01
8.609014564896e-02	6.795326700108e-02	-9.939672229636e-01
4.088771362106e-01	-9.403266407427e-02	-9.077319789295e-01
4.954580380928e-01	-3.677345894149e-01	-7.869514624404e-01
4.359373699436e-01	-5.871430406068e-01	-6.820715940088e-01
5.630960739437e-01	-3.709258208499e-01	-7.384692593033e-01
7.419205328623e-01	1.394883483407e-02	-6.703427130387e-01
7.601730371865e-01	4.966765144338e-01	-4.188667968992e-01
4.269216667801e-01	8.894207021610e-01	-1.633055571653e-01
4.825688850233e-02	9.914873060596e-01	-1.209305364030e-01
-1.585282379262e-02	9.927591133646e-01	-1.190715365203e-01
-3.755410242902e-01	9.152711214297e-01	-1.457659540220e-01
-7.600768851614e-01	5.053512630793e-01	-4.085379169031e-01
-7.284291560014e-01	-1.349880527290e-02	-6.849881363522e-01
-5.762312186230e-01	-3.346255765024e-01	-7.456428811668e-01
-4.646832024188e-01	-5.299339089907e-01	-7.093938070576e-01
-4.989102150274e-01	-4.245870703231e-01	-7.555226118759e-01
-3.708727538907e-01	-1.053105854017e-01	-9.226933840794e-01
-7.251137201824e-02	4.821294684524e-02	-9.962015923921e-01
1.098936741722e-01	3.110605926653e-02	-9.934564879520e-01
4.105245012046e-01	-1.240636589219e-01	-9.033702687413e-01
4.705383211027e-01	-3.868144716497e-01	-7.930751874168e-01
4.058917838279e-01	-5.905459497534e-01	-6.975007821149e-01
5.421026004758e-01	-3.661074729786e-01	-7.563663720623e-01
7.239687585469e-01	2.148776137033e-02	-6.894980150510e-01
7.412256865867e-01	5.042668794070e-01	-4.430568765714e-01
4.093054434676e-01	8.917395857126e-01	-1.930532704230e-01
4.176645756535e-02	9.874705741118e-01	-1.521756494508e-01
-1.924257498378e-02	9.886531323551e-01	-1.489788816996e-01
-3.699271209378e-01	9.124070424881e-01	-1.751208554477e-01
-7.387765096341e-01	5.222562353944e-01	-4.259785128438e-01
-7.129418857385e-01	1.104570978029e-02	-7.011361207748e-01
-5.627778319134e-01	-3.124689599159e-01	-7.652739777334e-01
-4.450681947099e-01	-5.173561134474e-01	-7.309288295972e-01
-4.730873504905e-01	-4.369840765556e-01	-7.650054088977e-01
-3.580613256937e-01	-1.297725944204e-01	-9.246356908425e-01
-8.092505991805e-02	1.329247973661e-02	-9.966315490991e-01
9.065036879333e-02	4.217551099667e-03	-9.958738488887e-01
3.775076970984e-01	-1.389325792859e-01	-9.155248096280e-01
4.456003679196e-01	-3.849206892363e-01	-8.082551423331e-01
3.917167553558e-01	-5.724132680638e-01	-7.203478563292e-01
5.321664040063e-01	-3.358887249901e-01	-7.771600111120e-01
7.085274200246e-01	5.338141626339e-02	-7.036613670445e-01
7.176521584048e-01	5.295973802466e-01	-4.522189672856e-01
3.847465208009e-01	8.979340994594e-01	-2.137392517991e-01
2.507886170326e-02	9.833006159847e-01	-1.802524598992e-01
-3.183167547117e-02	9.829956226514e-01	-1.808489709259e-01
-3.691006981794e-01	9.057999605091e-01	-2.080651487999e-01
-7.191044005283e-01	5.295754420025e-01	-4.499318974787e-01
-6.927026946898e-01	2.099505708254e-02	-7.209175988610e-01
-5.415620190228e-01	-3.026960176190e-01	-7.842739957881e-01
-4.189548858294e-01	-5.147023733277e-01	-7.480362762129e-01
-4.461294812180e-01	-4.495645459252e-01	-7.738605850121e-01
-3.415818976901e-01	-1.531107986104e-01	-9.272965493947e-01
-8.436753934048e-02	-1.936714288212e-02	-9.962464715532e-01
8.165595125938e-02	-2.551737254493e-02	-9.963338643860e-01
3.539055198726e-01	-1.593246751708e-01	-9.216108348351e-01
4.181222802771e-01	-3.923301054685e-01	-8.192989973624e-01
3.641245689768e-01	-5.720429695062e-01	-7.349694818875e-01
5.099736208965e-01	-3.279197480327e-01	-7.952330129213e-01
6.876619968036e-01	6.087220108022e-02	-7.234746390080e-01
6.970024055205e-01	5.333045557155e-01	-4.793473662718e-01
3.772155698010e-01	8.936184257248e-01	-2.432170288133e-01
2.346729050111e-02	9.774233563520e-01	-2.099830201090e-01
-3.253491914053e-02	9.769653564746e-01	-2.109032272986e-01
-3.634525604271e-01	9.005696873508e-01	-2.384878918181e-01
-6.983043243603e-01	5.418112291648e-01	-4.677730887200e-01
-6.722954577466e-01	3.466141168578e-02	-7.394710298810e-01
-5.211689174591e-01	-2.875127416574e-01	-8.035666636061e-01
-3.942758945956e-01	-5.095576557664e-01	-7.647859271657e-01
-4.186504506417e-01	-4.617239495402e-01	-7.820120169144e-01
-3.294071819156e-01	-1.812618879299e-01	-9.266256182982e-01
-7.889397311046e-02	-4.868944897629e-02	-9.956932653007e-01
1.070699438408e-01	-6.805951462055e-02	-9.919193160714e-01
3.371459232564e-01	-1.841788513609e-01	-9.232609474807e-01
3.971094823166e-01	-4.496036349667e-01	-8.001003877508e-01
3.192271856441e-01	-6.105675847398e-01	-7.247766748529e-01
4.687827679469e-01	-3.484563866744e-01	-8.116778074223e-01
6.581648591867e-01	3.341284197367e-02	-7.521320363627e-01
6.718029839903e-01	5.360276537552e-01	-5.112290143481e-01
4.568790412958e-01	8.454904078681e-01	-2.764190873071e-01
3.746720277402e-03	9.920917848666e-01	-1.254585688084e-01

Hair-20
-4.294136918332e-02	9.990193404042e-01	1.078871220463e-02
-5.548060996172e-01	8.279148956511e-01	-8.214083872587e-02
-8.245739127417e-01	4.605391528559e-01	-3.286054642159e-01
-7.913430278606e-01	-9.677771553642e-02	-6.036640506375e-01
-6.369920190256e-01	-3.953452702027e-01	-6.617728349109e-01
-5.379830603368e-01	-5.782439854843e-01	-6.133580683759e-01
-6.063397072597e-01	-4.298901350297e-01	-6.689892609037e-01
-4.861887377259e-01	-3.508935251596e-02	-8.731490414863e-01
-1.281502150273e-01	1.576804964615e-01	-9.791396138570e-01
1.066124846030e-01	1.596128445322e-01	-9.814058885024e-01
4.740309265960e-01	-3.021578309283e-02	-8.799895948718e-01
5.762709869284e-01	-3.393038869873e-01	-7.434948701234e-01
5.417921763072e-01	-5.478422100412e-01	-6.374403113936e-01
6.488904545993e-01	-3.481842143743e-01	-6.765418913788e-01
8.104502785961e-01	3.445960810138e-02	-5.847930243539e-01
7.992807390153e-01	5.181475416605e-01	-3.044231024585e-01
4.319077084594e-01	8.992987313780e-01	-6.868422755827e-02
5.220051561682e-02	9.981825107426e-01	-3.011281151000e-02
-2.784419831694e-02	9.991583140905e-01	-3.012248336391e-02
-3.842443327496e-01	9.216602024321e-01	-5.384017090134e-02
-7.953943483780e-01	5.279974279490e-01	-2.976013216495e-01
-8.017373911271e-01	1.450320625744e-02	-5.975004708592e-01
-6.685229810289e-01	-2.993009145461e-01	-6.808053953870e-01
-5.622401354409e-01	-4.867505933794e-01	-6.685505889192e-01
-5.783200876271e-01	-3.889638040883e-01	-7.171143809437e-01
-4.513671316624e-01	-4.416057953234e-02	-8.912449470657e-01
-1.359414001558e-01	1.236156564104e-01	-9.829746208392e-01
1.108223303064e-01	1.299820107622e-01	-9.853035511880e-01
4.415692325017e-01	-4.792904511681e-02	-8.959461030341e-01
5.503188557928e-01	-3.347510524403e-01	-7.649123412843e-01
5.147998579897e-01	-5.508255654162e-01	-6.569416280749e-01
6.274988869549e-01	-3.437889088138e-01	-6.986088555458e-01
7.923389973849e-01	4.204715896648e-02	-6.086303883688e-01
7.843315137731e-01	5.243730071988e-01	-3.314468672708e-01
4.274863953172e-01	8.984511146462e-01	-1.002046725942e-01
6.059397875208e-02	9.962770917565e-01	-6.132149851562e-02
-1.777699682871e-02	9.980751501313e-01	-5.941357651339e-02
-3.739785871310e-01	9.237807357931e-01	-8.227495697415e-02
-7.792182087487e-01	5.406507362601e-01	-3.170422125455e-01
-7.843659539530e-01	3.248574163467e-02	-6.194471138604e-01
-6.515608490060e-01	-2.849628721014e-01	-7.030395590337e-01
-5.430449720184e-01	-4.782005566007e-01	-6.902364710970e-01
-5.520458706473e-01	-3.887519064066e-01	-7.376430789796e-01
-4.172290805137e-01	-6.107593498191e-02	-9.067467256846e-01
-1.252968360693e-01	9.552395441177e-02	-9.875099376738e-01
1.110445918556e-01	9.697871134403e-02	-9.890724079488e-01
4.226775252960e-01	-6.981449138580e-02	-9.035870995107e-01
5.237040535182e-01	-3.396963014980e-01	-7.812429116973e-01
4.910764379481e-01	-5.497867730856e-01	-6.757058799746e-01
6.081237421555e-01	-3.333251358076e-01	-7.204719759058e-01
7.734967661645e-01	5.278461735276e-02	-6.315983984337e-01
7.678018548339e-01	5.330216211751e-01	-3.554831403505e-01
4.223796741496e-01	8.968798615409e-01	-1.311561086177e-01
6.110202862513e-02	9.938707706653e-01	-9.212726694641e-02
-1.246466067913e-02	9.959919309083e-01	-8.857034379331e-02
-3.676025524313e-01	9.235188517525e-01	-1.094590969440e-01
-7.653650751202e-01	5.413708266278e-01	-3.480430000194e-01
-7.623040088684e-01	3.600359412441e-02	-6.462169444337e-01
-6.288624877570e-01	-2.836534691118e-01	-7.239286435505e-01
-5.187039318159e-01	-4.805370241095e-01	-7.071282766081e-01
-5.249019737959e-01	-3.907535650248e-01	-7.561676859834e-01
-3.785926479526e-01	-7.770421866155e-02	-9.222958643073e-01
-9.866272310992e-02	7.489662558977e-02	-9.922984241365e-01
1.216898056353e-01	6.236565416361e-02	-9.906069434368e-01
4.186221102628e-01	-1.007922695434e-01	-9.025499693643e-01
4.960165879152e-01	-3.455385759472e-01	-7.965994206911e-01
4.485714628351e-01	-5.738945009271e-01	-6.851487024987e-01
5.735612744801e-01	-3.502068637756e-01	-7.405286064570e-01
7.467477877929e-01	3.673699988266e-02	-6.640919622056e-01
7.572181024533e-01	5.154109866164e-01	-4.012134845593e-01
4.260413618157e-01	8.895940025808e-01	-1.646549986927e-01
6.247376877416e-02	9.904606153681e-01	-1.228201840897e-01
-6.124399048415e-03	9.930241337110e-01	-1.177521193175e-01
-3.674736147176e-01	9.190239909973e-01	-1.426816262098e-01
-7.505884264320e-01	5.407203834865e-01	-3.797874155215e-01
-7.411310052425e-01	3.491249835098e-02	-6.704520493869e-01
-5.986883797567e-01	-2.867519695300e-01	-7.478940646341e-01
-4.940372875628e-01	-4.873323235145e-01	-7.200238641570e-01
-4.985331744787e-01	-3.939772246371e-01	-7.721700722065e-01
-3.663178015342e-01	-1.052780014349e-01	-9.245149056089e-01
-8.913238409634e-02	4.670617530174e-02	-9.949240932322e-01
1.088436606470e-01	3.240533933857e-02	-9.935305488606e-01
3.964657190918e-01	-1.170510998521e-01	-9.105569579156e-01
4.702826528118e-01	-3.597779702358e-01	-8.058498858952e-01
4.292793719786e-01	-5.558182245241e-01	-7.118885601557e-01
5.594743222932e-01	-3.263125595240e-01	-7.619111471763e-01
7.317963710252e-01	6.193877768384e-02	-6.787029240937e-01
7.350953953888e-01	5.332159188986e-01	-4.187069900435e-01
4.032811024656e-01	8.953641747446e-01	-1.889109498631e-01
3.997531650920e-02	9.875925130008e-01	-1.518650793788e-01
-2.432822006937e-02	9.883404513773e-01	-1.503039915627e-01
-3.721155849377e-01	9.110353160510e-01	-1.776081201813e-01
-7.323426973828e-01	5.483107121769e-01	-4.037691623962e-01
-7.217338311413e-01	4.334671352859e-02	-6.908120869038e-01
-5.781085427611e-01	-2.784198389677e-01	-7.669895084392e-01
-4.653785456176e-01	-4.860269893959e-01	-7.397300689154e-01
-4.721858957501e-01	-4.150813286710e-01	-7.776554316941e-01
-3.574306187510e-01	-1.321096225765e-01	-9.245487550162e-01
-1.009809379382e-01	1.246121619903e-02	-9.948103177310e-01
9.050885624530e-02	7.696747341379e-03	-9.958659081531e-01
3.598130750979e-01	-1.332256669925e-01	-9.234638447947e-01
4.426196452923e-01	-3.591538155715e-01	-8.216424930356e-01
4.112118182723e-01	-5.410518063935e-01	-7.335991980036e-01
5.461708715271e-01	-3.016631839233e-01	-7.814708584206e-01
7.149989668334e-01	8.696268332172e-02	-6.936958765458e-01
7.125381536089e-01	5.528086423324e-01	-4.320786787313e-01
3.862555048615e-01	8.969270474745e-01	-2.152406942772e-01
3.255710289828e-02	9.828291407430e-01	-1.816230028308e-01
-3.363542696536e-02	9.828625364393e-01	-1.812453930917e-01
-3.696023672833e-01	9.054224747329e-01	-2.088162645653e-01
-7.124193303195e-01	5.590308907443e-01	-4.241970779964e-01
-7.016061338866e-01	5.602006052006e-02	-7.103594764006e-01
-5.581886441634e-01	-2.657114149170e-01	-7.860171000111e-01
-4.415948504300e-01	-4.813976061625e-01	-7.571329690713e-01
-4.452880762913e-01	-4.225397645929e-01	-7.894166684651e-01
-3.346596193867e-01	-1.551440031692e-01	-9.294801113701e-01
-9.878687971842e-02	-1.781575825291e-02	-9.949491198817e-01
8.186463771390e-02	-2.106032148057e-02	-9.964209170582e-01
3.341512799375e-01	-1.531351268556e-01	-9.299959973242e-01
4.142368488455e-01	-3.592346832885e-01	-8.362764347876e-01
3.887858643624e-01	-5.330671128331e-01	-7.514552580745e-01
5.286170246212e-01	-2.834741128430e-01	-8.001290324869e-01
6.953805479373e-01	1.053142537677e-01	-7.108831138125e-01
6.906074218399e-01	5.672252585860e-01	-4.486835130932e-01
3.678138482289e-01	8.982114653593e-01	-2.406847243764e-01
1.727589679766e-02	9.773167469542e-01	-2.110770463899e-01
-4.812667323172e-02	9.760771479789e-01	-2.120311876045e-01
-3.751510525055e-01	8.947706933513e-01	-2.421716212186e-01
-6.960261904680e-01	5.523898953571e-01	-4.587079089029e-01
-6.753370340371e-01	5.027514258133e-02	-7.357936534766e-01
-5.293894809981e-01	-2.683406385816e-01	-8.048230110367e-01
-4.061214346782e-01	-4.925353960404e-01	-7.697234983695e-01
-4.179757737257e-01	-4.512435762991e-01	-7.884640051564e-01
-3.121468873008e-01	-1.802181106942e-01	-9.327838727842e-01
-6.019877734500e-02	-4.422594251915e-02	-9.972061839030e-01
1.063883829415e-01	-6.296554568738e-02	-9.923290039253e-01
3.634862852631e-01	-1.946810568498e-01	-9.110307385206e-01
4.003113499822e-01	-4.507994799938e-01	-7.978287108852e-01
3.214989130237e-01	-6.042303106750e-01	-7.290707651430e-01
4.737631295866e-01	-3.351408791605e-01	-8.143887819462e-01
6.556911362864e-01	4.234803866462e-02	-7.538406843735e-01
6.759534659933e-01	5.536208914973e-01	-4.864060241294e-01
4.391413137415e-01	8.452564393303e-01	-3.044609307221e-01
4.045776112433e-02	9.805498322338e-01	-1.920551901695e-01

Hair-21
-3.016214578567e-02	9.977517128484e-01	5.984784431867e-02
-5.199625441987e-01	8.535565988579e-01	-3.286464934449e-02
-8.237535349944e-01	4.315927403764e-01	-3.676381645567e-01
-7.847829936907e-01	-1.213902165448e-01	-6.077664585522e-01
-6.200390059288e-01	-4.346629079823e-01	-6.531613794088e-01
-5.291776301544e-01	-5.993300141742e-01	-6.006451280533e-01
-6.043090354728e-01	-4.440097404495e-01	-6.615632547473e-01
-4.931678213062e-01	-3.982214223864e-02	-8.690222649711e-01
-1.543325211596e-01	1.402518474682e-01	-9.780137484690e-01
9.085829550163e-02	1.599654884667e-01	-9.829322523135e-01
4.651462676387e-01	-1.831936432832e-02	-8.850442647644e-01
5.791876580317e-01	-3.419696429817e-01	-7.399989324741e-01
5.194368965698e-01	-5.738619296894e-01	-6.331412134232e-01
6.314615407864e-01	-3.814419446060e-01	-6.750987819593e-01
8.038252567674e-01	5.704573543516e-03	-5.948381413658e-01
8.072122980651e-01	4.894875408272e-01	-3.298639920140e-01
4.359588612087e-01	8.972069908067e-01	-7.042362516338e-02
4.051760161481e-02	9.987531574794e-01	-2.916255105966e-02
-2.472664229751e-02	9.993039067392e-01	-2.793376337847e-02
-3.921328018900e-01	9.180996670173e-01	-5.766166061228e-02
-8.080036983226e-01	4.914332520040e-01	-3.249975112548e-01
-7.922697941674e-01	-2.212283250583e-02	-6.097697545237e-01
-6.455322735699e-01	-3.416038695055e-01	-6.830775066700e-01
-5.428317771027e-01	-5.250873299031e-01	-6.554517203752e-01
-5.805561938222e-01	-4.027402832547e-01	-7.076402829536e-01
-4.494334658042e-01	-4.341088469876e-02	-8.922584014202e-01
-1.122297905124e-01	1.252719404322e-01	-9.857542366441e-01
1.044116605015e-01	1.241584820915e-01	-9.867537060868e-01
4.524354160346e-01	-4.400940850349e-02	-8.907105962549e-01
5.513887197320e-01	-3.458182923240e-01	-7.591970682546e-01
4.913432769978e-01	-5.791110000078e-01	-6.505476414676e-01
6.091598883610e-01	-3.789715112988e-01	-6.966382303865e-01
7.854991619540e-01	7.876338509699e-03	-6.188125967216e-01
7.929379709507e-01	4.879109190132e-01	-3.649552155160e-01
4.313867652043e-01	8.962166773368e-01	-1.034462472496e-01
3.928228061847e-02	9.974359649801e-01	-5.981971408842e-02
-1.618667788362e-02	9.983050803820e-01	-5.590132326243e-02
-3.917853107415e-01	9.158182818908e-01	-8.821079776177e-02
-7.941255596826e-01	4.910143427445e-01	-3.581473309658e-01
-7.709741214419e-01	-2.214924145308e-02	-6.364811978134e-01
-6.213458726279e-01	-3.427685355561e-01	-7.045843012735e-01
-5.165212678479e-01	-5.289032865405e-01	-6.733996535100e-01
-5.528874817038e-01	-4.078666578010e-01	-7.266087131528e-01
-4.348621999442e-01	-6.800082739923e-02	-8.979258068085e-01
-1.271023059533e-01	9.106096329555e-02	-9.877008174468e-01
9.303620584462e-02	9.708198191530e-02	-9.909184392216e-01
4.179555332084e-01	-6.098979944857e-02	-9.064179039624e-01
5.226907102422e-01	-3.322011520549e-01	-7.851349030580e-01
4.847602023353e-01	-5.525502509372e-01	-6.780086772462e-01
6.034075619658e-01	-3.418279422923e-01	-7.204533100976e-01
7.728409367368e-01	4.807597828551e-02	-6.327760953257e-01
7.719138379010e-01	5.130940888100e-01	-3.753444856198e-01
4.071373053771e-01	9.048054457601e-01	-1.247650587832e-01
1.580956743264e-02	9.960542750870e-01	-8.732662056074e-02
-2.726699864626e-02	9.957249003930e-01	-8.825210208356e-02
-3.904339942022e-01	9.130566876974e-01	-1.178506734066e-01
-7.751645444858e-01	5.093483217385e-01	-3.737435164846e-01
-7.536100719855e-01	3.342689705092e-03	-6.573132326581e-01
-6.093057736239e-01	-3.191919170633e-01	-7.258532870422e-01
-5.028586549675e-01	-5.114346825723e-01	-6.968269071917e-01
-5.253630391901e-01	-4.079939213859e-01	-7.466824205545e-01
-4.056038257544e-01	-8.948796980919e-02	-9.096578696372e-01
-1.178631893273e-01	6.790869445001e-02	-9.907051417146e-01
9.227913450634e-02	6.894628869685e-02	-9.933433296749e-01
3.947417086401e-01	-8.735221079535e-02	-9.146302940145e-01
4.958879418907e-01	-3.185302552669e-01	-8.078574289854e-01
4.700543894150e-01	-5.464666964234e-01	-6.931255446828e-01
5.867563903540e-01	-3.211227180263e-01	-7.433687768168e-01
7.528788866845e-01	6.567534998620e-02	-6.548741332416e-01
7.560569399849e-01	5.231706013276e-01	-3.932816108174e-01
4.051715405362e-01	9.010238188365e-01	-1.548938366390e-01
2.020103936973e-02	9.929306232738e-01	-1.169645047590e-01
-3.190504168842e-02	9.921219110974e-01	-1.211452922542e-01
-3.894731288913e-01	9.085356677729e-01	-1.512402798734e-01
-7.574492950461e-01	5.149141747324e-01	-4.014149450304e-01
-7.340815416846e-01	7.209308323685e-03	-6.790230600145e-01
-5.843344929280e-01	-3.147386603070e-01	-7.479924973439e-01
-4.765339072386e-01	-5.123464454554e-01	-7.144344302182e-01
-4.985212086781e-01	-4.015423635602e-01	-7.682710034646e-01
-3.716341056395e-01	-1.072480015363e-01	-9.221637369210e-01
-9.381034171124e-02	4.510268733364e-02	-9.945679299994e-01
1.044935450334e-01	3.091322238089e-02	-9.940450048808e-01
3.915530014867e-01	-1.129643876941e-01	-9.131951019030e-01
4.691658812940e-01	-3.581370279456e-01	-8.072306021478e-01
4.224581122115e-01	-5.682341526597e-01	-7.061438176305e-01
5.541303381236e-01	-3.395852257426e-01	-7.600141069930e-01
7.289348883245e-01	5.068948083714e-02	-6.827038194677e-01
7.381485319878e-01	5.184670116385e-01	-4.316580852559e-01
4.103795136232e-01	8.916623578765e-01	-1.911201045010e-01
4.335367924771e-02	9.874795433073e-01	-1.516727069888e-01
-8.056427712132e-03	9.889475085679e-01	-1.480470170921e-01
-3.643632688381e-01	9.146293293816e-01	-1.751930311302e-01
-7.341866309721e-01	5.400679143103e-01	-4.114567277787e-01
-7.212604693958e-01	3.906383397527e-02	-6.915615317252e-01
-5.750984007747e-01	-2.844700757904e-01	-7.670323366105e-01
-4.609778559357e-01	-4.889092985427e-01	-7.405856561772e-01
-4.720122426800e-01	-4.125128740263e-01	-7.791261589260e-01
-3.552597574513e-01	-1.292985091220e-01	-9.257820479327e-01
-9.868563229421e-02	1.179973493619e-02	-9.950486984234e-01
9.120427742135e-02	4.173093734651e-03	-9.958234607945e-01
3.620056393016e-01	-1.315686753357e-01	-9.228442993183e-01
4.423063747543e-01	-3.610119952358e-01	-8.209965956979e-01
4.039044244422e-01	-5.538451255478e-01	-7.280911981496e-01
5.396049318393e-01	-3.162894009473e-01	-7.802483786481e-01
7.121845940700e-01	7.465217542192e-02	-6.980115734528e-01
7.164069706053e-01	5.342290252944e-01	-4.487319923976e-01
3.950689568165e-01	8.923862076571e-01	-2.180994629597e-01
2.760411707975e-02	9.833667539944e-01	-1.795211404231e-01
-2.256360908233e-02	9.834650299986e-01	-1.796870009629e-01
-3.655990308891e-01	9.071471786902e-01	-2.083778894395e-01
-7.154180773503e-01	5.481664379004e-01	-4.332326522321e-01
-6.993059534629e-01	4.872254209158e-02	-7.131600783439e-01
-5.534817087466e-01	-2.757753490264e-01	-7.858790969051e-01
-4.340692165834e-01	-4.887510812197e-01	-7.567736093583e-01
-4.446379973059e-01	-4.269440712509e-01	-7.874108275706e-01
-3.358585160678e-01	-1.510870467611e-01	-9.297159574224e-01
-9.718400205510e-02	-2.039685960395e-02	-9.950574043053e-01
8.277546215426e-02	-2.407904387230e-02	-9.962772819408e-01
3.362433072480e-01	-1.534587205174e-01	-9.291882798594e-01
4.147780435140e-01	-3.654777491786e-01	-8.332977795927e-01
3.825730246286e-01	-5.447130797230e-01	-7.462744412113e-01
5.216801497292e-01	-2.960686631945e-01	-8.001207209245e-01
6.924285951541e-01	9.333695502154e-02	-7.154235482847e-01
6.953865652102e-01	5.502836844570e-01	-4.621962695062e-01
3.878961856059e-01	8.876085214394e-01	-2.483700099861e-01
3.116732908404e-02	9.771397804532e-01	-2.103008489134e-01
-2.415386712333e-02	9.773577839163e-01	-2.102102588390e-01
-3.608459962347e-01	9.016897189113e-01	-2.382138069277e-01
-6.971725860813e-01	5.454295883404e-01	-4.652493410845e-01
-6.745246887301e-01	4.536031837826e-02	-7.368574392718e-01
-5.250573349472e-01	-2.798779433489e-01	-8.037307583046e-01
-4.008133405554e-01	-4.980409142253e-01	-7.689628819328e-01
-4.168403140412e-01	-4.437448786427e-01	-7.933061422102e-01
-3.103821529068e-01	-1.721011730811e-01	-9.349032599050e-01
-5.554314686562e-02	-4.532966464916e-02	-9.974267794375e-01
1.397275257577e-01	-9.050624164610e-02	-9.860450490564e-01
3.463298392258e-01	-1.923256911383e-01	-9.181865120933e-01
4.003175769251e-01	-4.698222512779e-01	-7.867737221139e-01
3.079555758036e-01	-6.311040286505e-01	-7.119487821133e-01
4.565456602905e-01	-3.721175625755e-01	-8.081426728572e-01
6.486532429938e-01	1.190557596744e-02	-7.609909510727e-01
6.743088925395e-01	5.148289124122e-01	-5.293946622196e-01
4.733173186319e-01	8.299153918641e-01	-2.953153538681e-01
2.266194660909e-02	9.916140469965e-01	-1.272321420676e-01

Hair-22
-5.398696973916e-02	9.983687615231e-01	1.858018065521e-02
-5.755239207132e-01	8.125185633610e-01	-9.265959680837e-02
-8.290377192303e-01	4.437928992446e-01	-3.402121730236e-01
-7.870987205589e-01	-1.041088250723e-01	-6.079777599852e-01
-6.321325026764e-01	-4.053182928011e-01	-6.603980470753e-01
-5.374645975197e-01	-5.856244715909e-01	-6.067749044636e-01
-6.054086044807e-01	-4.304301045469e-01	-6.694851355486e-01
-4.829542429663e-01	-3.718499763233e-02	-8.748556881863e-01
-1.492445985118e-01	1.513745918681e-01	-9.771447092175e-01
1.117859145256e-01	1.591994116293e-01	-9.808972712015e-01
4.690839666798e-01	-2.802452645160e-02	-8.827088184227e-01
5.761762776979e-01	-3.408916466294e-01	-7.428416939540e-01
5.364846076047e-01	-5.517968123403e-01	-6.385174576269e-01
6.427287501078e-01	-3.553112039922e-01	-6.787147428062e-01
8.083703495939e-01	2.940801369826e-02	-5.879392371902e-01
8.013312323315e-01	5.114270941516e-01	-3.103394648730e-01
4.344042795483e-01	8.980194056351e-01	-6.967114907157e-02
5.411788899023e-02	9.980599210101e-01	-3.078389456306e-02
-2.019555815887e-02	9.993891488784e-01	-2.852136979166e-02
-3.855010911431e-01	9.212188371226e-01	-5.239048442250e-02
-7.965879744313e-01	5.297140121697e-01	-2.912913735463e-01
-7.996448736087e-01	2.342510988517e-02	-6.000161167320e-01
-6.692936316776e-01	-2.968308671715e-01	-6.811295551435e-01
-5.668263559827e-01	-4.846132216939e-01	-6.662266187438e-01
-5.771645364685e-01	-3.883419429290e-01	-7.183812589463e-01
-4.353726510663e-01	-4.782970304439e-02	-8.989788508136e-01
-1.511246962088e-01	1.220846704719e-01	-9.809468178406e-01
1.204871014054e-01	1.258437700647e-01	-9.847061510577e-01
4.283906204772e-01	-4.366399265897e-02	-9.025380501853e-01
5.498186439540e-01	-3.347497381940e-01	-7.652725472272e-01
5.086840398310e-01	-5.581218762617e-01	-6.555459700580e-01
6.202630705460e-01	-3.549490149547e-01	-6.994890421583e-01
7.880632733483e-01	3.131417948704e-02	-6.147972831451e-01
7.891490411336e-01	5.090269392889e-01	-3.437082570379e-01
4.356280972297e-01	8.941926297522e-01	-1.031877017914e-01
5.107142288110e-02	9.968207626095e-01	-6.115616890816e-02
-1.184808868077e-02	9.982867334738e-01	-5.729939410550e-02
-3.830497106402e-01	9.199796052232e-01	-8.312908727846e-02
-7.834556725748e-01	5.321790930379e-01	-3.209090557210e-01
-7.799089399498e-01	3.072435572080e-02	-6.251384321507e-01
-6.472868799782e-01	-2.910307916638e-01	-7.045003714064e-01
-5.436221520497e-01	-4.819905080872e-01	-6.871390731975e-01
-5.498169362975e-01	-3.852264202899e-01	-7.411490684545e-01
-4.025464340735e-01	-6.372672454426e-02	-9.131786643333e-01
-1.279936323388e-01	9.872824689148e-02	-9.868487033717e-01
1.141146259319e-01	9.708608186362e-02	-9.887123671002e-01
4.177706978472e-01	-6.902611882042e-02	-9.059266189603e-01
5.219124929847e-01	-3.225538874449e-01	-7.896621678672e-01
4.924516540952e-01	-5.451698000998e-01	-6.784403123621e-01
6.069422110155e-01	-3.320813037045e-01	-7.220409685174e-01
7.718499096847e-01	5.629437329426e-02	-6.333077138762e-01
7.711820607230e-01	5.239611277559e-01	-3.615839678689e-01
4.166003677855e-01	9.000452182260e-01	-1.279169211227e-01
3.619069252928e-02	9.952127580582e-01	-9.078435973507e-02
-2.298512731031e-02	9.958517120267e-01	-8.804005665611e-02
-3.900239248347e-01	9.135896104734e-01	-1.150450420120e-01
-7.748389711746e-01	5.139564219737e-01	-3.680670659826e-01
-7.529385158066e-01	1.532380662110e-02	-6.579124351808e-01
-6.134058043919e-01	-3.095161096628e-01	-7.265900474116e-01
-5.069376117227e-01	-5.030779652623e-01	-6.999477256827e-01
-5.246574869125e-01	-4.004138672573e-01	-7.512677660693e-01
-3.964297707400e-01	-9.034614613724e-02	-9.136087842995e-01
-1.198253148470e-01	6.949140331801e-02	-9.903599541514e-01
8.298859200516e-02	7.315581169085e-02	-9.938617211729e-01
3.869906292196e-01	-8.555201148554e-02	-9.181062608582e-01
4.964510931815e-01	-3.307137232804e-01	-8.025987448987e-01
4.590359668498e-01	-5.615012501381e-01	-6.884782692516e-01
5.773285612202e-01	-3.374934190170e-01	-7.434984361245e-01
7.472322418000e-01	4.660070615552e-02	-6.629271083614e-01
7.592967527120e-01	5.122056992492e-01	-4.013897893291e-01
4.067099439403e-01	9.008027244867e-01	-1.521232166944e-01
2.865520336005e-02	9.924682397409e-01	-1.191036205408e-01
-4.069253213110e-02	9.917337275143e-01	-1.216894882041e-01
-3.925227830419e-01	9.073765055056e-01	-1.503121487090e-01
-7.622942512738e-01	4.967541146294e-01	-4.149009810470e-01
-7.258539457507e-01	-1.345680364478e-02	-6.877172121401e-01
-5.742919584376e-01	-3.361972405953e-01	-7.464316190315e-01
-4.657692648849e-01	-5.303236000071e-01	-7.083896323098e-01
-4.985693890842e-01	-4.150597294095e-01	-7.610216720244e-01
-3.645850884146e-01	-1.027612765889e-01	-9.254824867816e-01
-7.825415258365e-02	4.747954223899e-02	-9.958021794876e-01
1.051863458432e-01	3.742721796582e-02	-9.937479740877e-01
3.927905359670e-01	-1.226894826981e-01	-9.114070910905e-01
4.698588708962e-01	-3.660019776589e-01	-8.032902301098e-01
4.158012909163e-01	-5.819403528628e-01	-6.988953513812e-01
5.463245832068e-01	-3.535841031650e-01	-7.592810624353e-01
7.244325920694e-01	3.569172842201e-02	-6.884210340118e-01
7.410305209702e-01	5.079867790664e-01	-4.391163846686e-01
4.118776851828e-01	8.908288101575e-01	-1.917832199173e-01
4.469262910475e-02	9.872438657388e-01	-1.528139995710e-01
-1.892691047076e-02	9.886048632215e-01	-1.493391993914e-01
-3.651953626774e-01	9.149135864466e-01	-1.719461439358e-01
-7.351397176421e-01	5.417954996497e-01	-4.074643936645e-01
-7.179683534782e-01	4.082513205967e-02	-6.948775086273e-01
-5.751645504927e-01	-2.841593401236e-01	-7.670979137484e-01
-4.620389446976e-01	-4.904733399900e-01	-7.388882976078e-01
-4.715302888579e-01	-4.095087356296e-01	-7.810005007249e-01
-3.495575789490e-01	-1.291556429924e-01	-9.279699989130e-01
-8.625319322359e-02	1.534036327659e-02	-9.961551384766e-01
8.881207543398e-02	1.047374054019e-02	-9.959933313111e-01
3.633201848530e-01	-1.392144959836e-01	-9.212045198469e-01
4.425520156887e-01	-3.552527328457e-01	-8.233730680655e-01
4.072028484512e-01	-5.524929512832e-01	-7.272808116509e-01
5.412261359962e-01	-3.114776273604e-01	-7.810607898035e-01
7.104258737106e-01	7.982040297822e-02	-6.992308497420e-01
7.165128999956e-01	5.416539780061e-01	-4.395682338956e-01
3.880772472115e-01	8.965342196106e-01	-2.135941086828e-01
2.566140014148e-02	9.831677986854e-01	-1.808938146285e-01
-3.442639838776e-02	9.828811783447e-01	-1.809956141730e-01
-3.738841044544e-01	9.036204210882e-01	-2.089995479153e-01
-7.182560690839e-01	5.400432561151e-01	-4.387043432071e-01
-6.943291467057e-01	3.937611071309e-02	-7.185795418324e-01
-5.486000405564e-01	-2.858055799103e-01	-7.857182484795e-01
-4.299736089637e-01	-4.988004662539e-01	-7.525428828045e-01
-4.447448713593e-01	-4.325018476544e-01	-7.843112591153e-01
-3.339908271559e-01	-1.549058679171e-01	-9.297603451753e-01
-8.496091306101e-02	-1.524235414853e-02	-9.962676918840e-01
8.128407973763e-02	-1.918675247859e-02	-9.965062804170e-01
3.447582113403e-01	-1.628264641796e-01	-9.244616369954e-01
4.160913441975e-01	-3.703336037320e-01	-8.304944402167e-01
3.792470786478e-01	-5.537888521122e-01	-7.412756306620e-01
5.186262838110e-01	-3.036826639833e-01	-7.992519110621e-01
6.882560380100e-01	8.713050992673e-02	-7.202165649183e-01
6.971105326555e-01	5.481898133098e-01	-4.620874742343e-01
3.792327301828e-01	8.929035186707e-01	-2.427052589120e-01
2.699071659977e-02	9.771690417247e-01	-2.107419396141e-01
-3.111645437581e-02	9.770127130949e-01	-2.108979011702e-01
-3.632998130159e-01	9.010932994937e-01	-2.367363754689e-01
-6.977058772217e-01	5.465748651056e-01	-4.631008807215e-01
-6.735193385204e-01	4.861354034229e-02	-7.375692674824e-01
-5.248838057163e-01	-2.762734822856e-01	-8.050900281848e-01
-4.016671237755e-01	-4.983946905476e-01	-7.682878719021e-01
-4.170376953083e-01	-4.463237413286e-01	-7.917541781503e-01
-3.144872961749e-01	-1.794128688789e-01	-9.321527573447e-01
-3.946043857868e-02	-4.771366263653e-02	-9.980812993865e-01
1.028538214270e-01	-6.947913053570e-02	-9.922669710506e-01
3.615498335068e-01	-1.975703854019e-01	-9.111792692458e-01
4.035960904264e-01	-4.732153570804e-01	-7.830564613205e-01
3.076168098240e-01	-6.342126855882e-01	-7.093279691037e-01
4.593468103062e-01	-3.654317544962e-01	-8.096049287568e-01
6.467872560289e-01	2.447634297690e-02	-7.622776095840e-01
6.816360486224e-01	5.392772547591e-01	-4.945223349030e-01
4.193048083375e-01	8.703097194833e-01	-2.583495110853e-01
1.142837167765e-01	9.640634716776e-01	-2.398350571889e-01

Hair-23
-1.986300454512e-01	9.798920545283e-01	-1.891207329401e-02
-4.807416468628e-01	8.766661976128e-01	-1.854311016834e-02
-8.393620881333e-01	3.878498905591e-01	-3.808460941087e-01
-7.665283072770e-01	-1.391527014825e-01	-6.269536504505e-01
-6.207232224766e-01	-4.285564623384e-01	-6.565379194427e-01
-5.371413574966e-01	-5.900216235066e-01	-6.027882263792e-01
-6.041076750324e-01	-4.166455746426e-01	-6.793087531437e-01
-4.590467902040e-01	-3.295376823889e-02	-8.878007059933e-01
-1.285250041680e-01	1.611505376329e-01	-9.785253331029e-01
1.006934029706e-01	1.614399831236e-01	-9.817321276434e-01
4.424980011193e-01	-1.647938634057e-02	-8.966180618476e-01
5.768969305587e-01	-3.336322724989e-01	-7.455732279657e-01
5.243036117704e-01	-5.728243317176e-01	-6.300619078128e-01
6.287889903899e-01	-3.814365058163e-01	-6.775917632285e-01
8.013433143639e-01	6.215834404532e-03	-5.981724299289e-01
8.117275580522e-01	4.752836637789e-01	-3.394168682366e-01
4.575444806807e-01	8.856293946369e-01	-7.945831330790e-02
6.088371925702e-02	9.976607106691e-01	-3.108503042601e-02
7.387112222875e-04	9.996717683355e-01	-2.560878557839e-02
-3.794600296709e-01	9.240341775835e-01	-4.659318125854e-02
-8.008396322579e-01	5.208021132908e-01	-2.956704959865e-01
-8.002214626424e-01	2.920525565278e-02	-5.989930415028e-01
-6.653660192659e-01	-2.853018348192e-01	-6.898484786205e-01
-5.806735618511e-01	-4.640039662220e-01	-6.689682607549e-01
-5.741704605604e-01	-3.320233231228e-01	-7.483908037398e-01
-3.983230299928e-01	-2.980021294433e-02	-9.167609890728e-01
-9.937013926091e-02	1.440673575071e-01	-9.845659814985e-01
7.000797536991e-02	1.374032597080e-01	-9.880380699175e-01
3.984934904478e-01	-1.935619151649e-02	-9.169668892172e-01
5.423537121213e-01	-2.818756832379e-01	-7.914534415538e-01
5.241065141791e-01	-5.320539654376e-01	-6.650044658927e-01
6.291773415868e-01	-3.280414345880e-01	-7.046450808934e-01
7.930395195637e-01	5.375718730662e-02	-6.067936100711e-01
7.875611239080e-01	5.159879856990e-01	-3.369033611039e-01
4.121618335211e-01	9.063767382810e-01	-9.275683959437e-02
2.489159351234e-02	9.979432249218e-01	-5.907392322491e-02
-2.697150546500e-02	9.980028861915e-01	-5.712072344106e-02
-4.001345372733e-01	9.124334679219e-01	-8.577597972055e-02
-7.930483796938e-01	4.985559862584e-01	-3.500231364223e-01
-7.723493004318e-01	-5.788832910796e-03	-6.351716677687e-01
-6.282328189551e-01	-3.238484906360e-01	-7.074218545539e-01
-5.322672913084e-01	-5.082114618546e-01	-6.770617701826e-01
-5.517504121612e-01	-3.784857349512e-01	-7.431823673355e-01
-4.106648300031e-01	-6.609879936639e-02	-9.093873465806e-01
-1.272339133692e-01	1.001476140297e-01	-9.868039251507e-01
3.938691100985e-02	1.138022105025e-01	-9.927223822025e-01
3.558229930106e-01	-2.517516717669e-02	-9.342142198675e-01
5.120483020837e-01	-2.776178445303e-01	-8.128559950763e-01
5.102788252786e-01	-5.086285075810e-01	-6.934785950180e-01
6.190066122715e-01	-2.910593458135e-01	-7.294623164899e-01
7.778710576431e-01	8.158289835996e-02	-6.231058083315e-01
7.669779489748e-01	5.394699433030e-01	-3.474435293095e-01
3.787815130874e-01	9.189922960412e-01	-1.094427940075e-01
-8.482376005594e-03	9.962143109187e-01	-8.651644940704e-02
-5.380060067378e-02	9.943989659051e-01	-9.097357843954e-02
-4.031158026309e-01	9.076534223327e-01	-1.168884707618e-01
-7.790956115493e-01	4.949170246732e-01	-3.847949671620e-01
-7.482228405669e-01	-1.296893340069e-02	-6.633207275673e-01
-5.995957431215e-01	-3.330126207437e-01	-7.277276545906e-01
-4.961451319869e-01	-5.218592788938e-01	-6.939041007504e-01
-5.278416006709e-01	-4.033849637958e-01	-7.474381684024e-01
-3.883076982631e-01	-8.818929001300e-02	-9.173002674134e-01
-1.211530618148e-01	7.051001034767e-02	-9.901263929689e-01
4.563141191389e-02	8.077104334599e-02	-9.956876080396e-01
3.455841097827e-01	-5.168681452352e-02	-9.369632310129e-01
4.914646856807e-01	-3.018375091473e-01	-8.169189560786e-01
4.685165032975e-01	-5.391887110244e-01	-6.998341375224e-01
5.874917252012e-01	-3.139429064545e-01	-7.458507386247e-01
7.522492369648e-01	5.485799560864e-02	-6.565909577535e-01
7.551046646814e-01	5.242288691401e-01	-3.937017121331e-01
3.863522502600e-01	9.115797176926e-01	-1.405501939189e-01
1.058148705490e-02	9.931635163114e-01	-1.162508580601e-01
-4.067322351835e-02	9.918055929847e-01	-1.211088543955e-01
-3.806782040100e-01	9.128055516687e-01	-1.478855294966e-01
-7.581109257906e-01	5.135603676966e-01	-4.018999538793e-01
-7.320848144251e-01	6.415486899980e-04	-6.812131919623e-01
-5.831759962839e-01	-3.173638200378e-01	-7.477873782629e-01
-4.735634162466e-01	-5.141006598890e-01	-7.151490769724e-01
-5.009545480675e-01	-3.945428484393e-01	-7.703119377991e-01
-3.521265762319e-01	-9.871216176601e-02	-9.307323908787e-01
-9.862899595829e-02	4.603414118009e-02	-9.940589414125e-01
5.583701959990e-02	4.596853031073e-02	-9.973811314955e-01
3.401592115467e-01	-8.322419191338e-02	-9.366778766899e-01
4.680921329232e-01	-3.249457785025e-01	-8.217663878066e-01
4.333529653369e-01	-5.538928164836e-01	-7.109204985661e-01
5.607427684218e-01	-3.244250013766e-01	-7.617847242787e-01
7.297891377343e-01	5.586598193853e-02	-6.813859453401e-01
7.364022069437e-01	5.286510675907e-01	-4.221846022104e-01
3.919005115169e-01	9.027288198019e-01	-1.774673687522e-01
3.821065900152e-02	9.877036041457e-01	-1.515966223118e-01
-1.104168960105e-02	9.889369569697e-01	-1.479249006429e-01
-3.476072177354e-01	9.235584143464e-01	-1.618921785269e-01
-7.336240768803e-01	5.471633604689e-01	-4.029987230525e-01
-7.205696804579e-01	4.515441716910e-02	-6.919106981504e-01
-5.773289146874e-01	-2.692095212598e-01	-7.708550823138e-01
-4.690390660909e-01	-4.768384970792e-01	-7.433891324091e-01
-4.699984426220e-01	-3.853748771079e-01	-7.940955030895e-01
-3.275285735288e-01	-1.126035607070e-01	-9.381073881163e-01
-7.833424490730e-02	1.730144330464e-02	-9.967770092324e-01
5.411755313909e-02	2.181036865280e-02	-9.982963479155e-01
3.186311149690e-01	-1.120395736429e-01	-9.412339488732e-01
4.403528136410e-01	-3.227538538982e-01	-8.378062719461e-01
4.135764143160e-01	-5.410217550154e-01	-7.322909327047e-01
5.442390860196e-01	-2.980593122509e-01	-7.841966995780e-01
7.112838621823e-01	7.670655080692e-02	-6.987069288782e-01
7.161913476635e-01	5.436165202046e-01	-4.376654344275e-01
3.723636540373e-01	9.054396912875e-01	-2.037750588103e-01
1.684657917602e-02	9.837766836564e-01	-1.786046736902e-01
-2.998904457829e-02	9.830674918142e-01	-1.807732384601e-01
-3.557993913695e-01	9.133726996148e-01	-1.978815420887e-01
-7.164027619660e-01	5.470542172953e-01	-4.330112769744e-01
-6.971287287759e-01	4.572683994848e-02	-7.154862623584e-01
-5.525697825670e-01	-2.717179547499e-01	-7.879314617785e-01
-4.371960127936e-01	-4.854662593725e-01	-7.570879456234e-01
-4.466380608441e-01	-4.068044936358e-01	-7.968842742602e-01
-3.143069345610e-01	-1.432261633846e-01	-9.384548028589e-01
-8.771320968421e-02	-1.048869243777e-02	-9.960905481822e-01
4.429502226761e-02	-1.342812161777e-02	-9.989282439455e-01
3.015405821463e-01	-1.364709864625e-01	-9.436360247324e-01
4.123324867301e-01	-3.383047107985e-01	-8.458911531861e-01
3.873831864103e-01	-5.376935255146e-01	-7.488791220927e-01
5.201788676571e-01	-2.830741731086e-01	-8.057809616526e-01
6.900081631203e-01	9.018979283338e-02	-7.181605225129e-01
6.976258151051e-01	5.514647454435e-01	-4.573891741525e-01
3.575162381722e-01	9.058736005268e-01	-2.271016497338e-01
2.779598906140e-03	9.789692691405e-01	-2.039888328031e-01
-4.138206685979e-02	9.762370842581e-01	-2.127173708507e-01
-3.647311680831e-01	8.999549081956e-01	-2.388563129653e-01
-6.994374428526e-01	5.388733517432e-01	-4.694707385096e-01
-6.707659407155e-01	3.568895888358e-02	-7.408099290573e-01
-5.206366848016e-01	-2.855128469651e-01	-8.046240467801e-01
-3.982071872219e-01	-5.044939528723e-01	-7.661050107917e-01
-4.192777136719e-01	-4.436010772210e-01	-7.921011823665e-01
-2.999298811120e-01	-1.678960650294e-01	-9.390702730700e-01
-5.333345349280e-02	-4.309919476129e-02	-9.976462309604e-01
1.246641608216e-01	-7.281723978294e-02	-9.895233683936e-01
3.543914383338e-01	-2.215289602589e-01	-9.084776432044e-01
3.997479593999e-01	-4.852005202232e-01	-7.776773264862e-01
3.016034417616e-01	-6.478725323280e-01	-6.994973522269e-01
4.424387332035e-01	-4.079091178945e-01	-7.986602024014e-01
6.254428450704e-01	-2.741813910313e-02	-7.797881078846e-01
6.822584214092e-01	4.685989799677e-01	-5.611937654584e-01
4.655915745108e-01	8.344955101183e-01	-2.946892080430e-01
1.735315528669e-01	9.481947101916e-01	-2.661082331011e-01

Hair-24
-9.636807903436e-02	9.950553321909e-01	-2.404327809824e-02
-2.823733082766e-02	9.996012469142e-01	-1.775424324707e-05
-6.306805606314e-02	9.980075341419e-01	-1.839048763892e-03
-1.725669773258e-02	9.998510787312e-01	1.635344322274e-04
-3.275139634633e-02	9.994635167836e-01	1.570222615320e-04
-1.621592003390e-02	9.998684980722e-01	1.746433577913e-04
-2.731950665124e-02	9.996266792544e-01	-3.829870860774e-04
-8.442118040218e-03	9.999643540798e-01	1.456457264690e-04
-3.786503508354e-02	9.992806834215e-01	-2.086829849461e-03
4.972387737223e-03	9.999876355368e-01	6.429345307452e-05
-1.926740445739e-02	9.998143661803e-01	1.746111514200e-05
7.704545274887e-03	9.999703159729e-01	-8.458811021722e-05
-1.693122158819e-02	9.998566560797e-01	3.207191165543e-05
1.953431543332e-03	9.999980918200e-01	-2.148581849704e-05
-4.855693622494e-02	9.988109049847e-01	-4.358902170843e-03

Hair-25
9.996706998904e-01	2.541266571121e-02	-3.562050272867e-03
9.993883972547e-01	-3.496401449283e-02	-5.908664281249e-04
9.998244268885e-01	-1.873178141841e-02	4.855532613764e-04
9.993539540266e-01	-3.592722167564e-02	-9.535795836776e-04
9.998181496251e-01	-1.906622199681e-02	-3.832219201145e-04
9.997891746323e-01	-2.051098799949e-02	9.516613756647e-04
9.996988444497e-01	-2.453906683350e-02	-2.336768825774e-04

Hair-26
9.992149873653e-01	3.960485624111e-02	9.297239783843e-04
9.986864534653e-01	5.123777061488e-02	-2.419243689634e-04
9.993546266368e-01	3.591889367875e-02	-4.040995542652e-04
9.995073252964e-01	3.138568869972e-02	2.126586911632e-04
9.995549093142e-01	2.982635673140e-02	-6.096803016759e-04
9.996071454735e-01	2.798252883678e-02	-1.591476733183e-03
9.999018008098e-01	1.401154714606e-02	2.555069942549e-04

