Hair-0
-1.711645643804e-02	4.019913839757e-01	9.154834537709e-01
-2.047863803026e-02	5.444446053865e-01	8.385467769004e-01
-4.745833654964e-02	4.612162171601e-01	8.860176676119e-01
8.192174964525e-04	4.814968782346e-01	8.764474229142e-01
9.293520472892e-03	4.842708532951e-01	8.748687736604e-01
1.831287566523e-02	4.885140455185e-01	8.723638380378e-01
5.918616443798e-02	4.780047511800e-01	8.763609163972e-01
8.013816615039e-02	4.744278165094e-01	8.766391054751e-01

Hair-1
1.410181260693e-02	4.062483442813e-01	-9.136538850407e-01
-1.164673880267e-02	6.597269613139e-01	-7.514151249415e-01
3.128999062089e-02	5.471026787043e-01	-8.364804812078e-01
-5.488470270159e-03	5.408611280312e-01	-8.410940000255e-01
-1.131591398785e-02	5.389000406100e-01	-8.422937114339e-01
-4.537330599625e-02	5.438272051607e-01	-8.379697094944e-01
7.429787772356e-03	6.661551414200e-01	-7.457761901626e-01
-1.468586956102e-02	4.068598525125e-01	-9.133725338813e-01

Hair-2
-1.302186746584e-02	3.941585208667e-01	9.189502115979e-01
-2.685342366309e-02	5.472772814253e-01	8.365204545457e-01
-3.547903477561e-02	4.699109816945e-01	8.820005143843e-01
4.598097130617e-03	4.822887021360e-01	8.760002655792e-01
1.431770241008e-02	4.830622621523e-01	8.754689339331e-01
2.166317252257e-02	4.860399571363e-01	8.736680531090e-01
5.847334360033e-02	4.761541434697e-01	8.774155798393e-01
8.021076598782e-02	4.740225149927e-01	8.768516911654e-01

Hair-3
1.500497036088e-02	4.046314886854e-01	-9.143567188076e-01
-7.122294188677e-03	6.617667860697e-01	-7.496759258376e-01
3.465968139676e-02	5.469717695201e-01	-8.364332548587e-01
7.489528534142e-03	5.394593468625e-01	-8.419783370402e-01
-2.353401702049e-03	5.395814635467e-01	-8.419301073707e-01
-4.240410573196e-02	5.455949196195e-01	-8.369755525118e-01
7.976301274189e-03	6.650637430791e-01	-7.467439964671e-01
-7.368325268802e-03	4.079584208332e-01	-9.129707742606e-01

Hair-4
-1.331996792831e-02	3.938572454075e-01	9.190751050346e-01
-2.695209605543e-02	5.473323091252e-01	8.364812776781e-01
-3.333292323008e-02	4.729847418094e-01	8.804398617989e-01
3.411160562971e-03	4.819335317628e-01	8.762011384073e-01
1.792828806448e-02	4.820504944254e-01	8.759599861359e-01
2.149954657861e-02	4.861512569081e-01	8.736101675825e-01
5.762494448844e-02	4.738691513156e-01	8.787077973958e-01
7.913128292513e-02	4.724711990982e-01	8.777865378811e-01

Hair-5
1.570210709690e-02	3.932185303473e-01	-9.193109545873e-01
-5.901475705133e-03	6.498944368853e-01	-7.600015746629e-01
4.120879723281e-02	5.423545823138e-01	-8.391384522675e-01
1.018471047415e-02	5.386651783093e-01	-8.424583653508e-01
-7.465063182516e-03	5.389895422118e-01	-8.422793753963e-01
-4.939707403477e-02	5.412471955132e-01	-8.394113428027e-01
9.655767840602e-03	6.513773303421e-01	-7.586925198418e-01
-1.053264348159e-02	3.970207779192e-01	-9.177491843209e-01

Hair-6
-1.302019539659e-02	3.909711921146e-01	9.203108178481e-01
-2.676637472480e-02	5.437174964598e-01	8.388413707177e-01
-3.510459258843e-02	4.709703483141e-01	8.814502814045e-01
5.980366276340e-04	4.813482821876e-01	8.765292200419e-01
1.922473220432e-02	4.817218600319e-01	8.761132684984e-01
2.317739576009e-02	4.853628224266e-01	8.740055714535e-01
5.906121478363e-02	4.687286247325e-01	8.813655593820e-01
7.868632181676e-02	4.666877509928e-01	8.809148686634e-01

Hair-7
1.534016694442e-02	3.924260516671e-01	-9.196556275319e-01
-5.953175642402e-03	6.458355402355e-01	-7.634533480629e-01
4.279841541653e-02	5.408116826233e-01	-8.400541765719e-01
1.094525164866e-02	5.384776368461e-01	-8.425687129742e-01
-1.059409415220e-02	5.386049522295e-01	-8.424918222766e-01
-5.163999645749e-02	5.389733073722e-01	-8.407384163378e-01
8.402928265462e-03	6.488426334815e-01	-7.608762236878e-01
-1.162906898713e-02	3.924545049553e-01	-9.196978994729e-01

Hair-8
-1.257571569704e-02	3.922392717291e-01	9.197772584100e-01
-2.549034168703e-02	5.438791181529e-01	8.387763392692e-01
-3.713541924922e-02	4.681812208376e-01	8.828518024517e-01
1.059941930794e-04	4.813762497392e-01	8.765140586164e-01
1.373673540446e-02	4.828314114173e-01	8.756055791560e-01
1.912717960161e-02	4.888377576468e-01	8.721650060048e-01
6.074366963768e-02	4.724745629078e-01	8.792485393812e-01
7.949857893740e-02	4.666344439644e-01	8.808701786603e-01

Hair-9
1.696043647251e-02	4.028186796959e-01	-9.151226447218e-01
-1.024610270424e-02	6.536575873266e-01	-7.567210687629e-01
3.628601705753e-02	5.451196275495e-01	-8.375726336422e-01
3.579032559948e-03	5.396461026290e-01	-8.418843593055e-01
-9.837448926263e-03	5.387731456284e-01	-8.423934485431e-01
-4.432800058439e-02	5.449148141684e-01	-8.373188602104e-01
9.566403525295e-03	6.609048920467e-01	-7.504086937079e-01
-1.233150090706e-02	4.019126737166e-01	-9.155949632842e-01

Hair-10
-1.301968093786e-02	3.950056614279e-01	9.185864223622e-01
-2.634865844458e-02	5.473786213300e-01	8.364701985780e-01
-3.498364959638e-02	4.702898328203e-01	8.818183585108e-01
2.836029500068e-03	4.820034849732e-01	8.761647090646e-01
1.311695628546e-02	4.831799141990e-01	8.754228212541e-01
1.883740697143e-02	4.881416259391e-01	8.725611182743e-01
5.919444462752e-02	4.776116027991e-01	8.765746828405e-01
8.093661706303e-02	4.730787060635e-01	8.772945924190e-01

Hair-11
1.278765908917e-02	3.903110985165e-01	-9.205942223096e-01
-5.579005942885e-03	6.472455404203e-01	-7.622611659390e-01
4.206161040317e-02	5.424735259184e-01	-8.390192456720e-01
1.057851401015e-02	5.384038019614e-01	-8.426205795463e-01
-1.226348918287e-02	5.382752484269e-01	-8.426798702734e-01
-5.033202037904e-02	5.404438981776e-01	-8.398732527276e-01
7.046089661137e-03	6.518787216164e-01	-7.582905016709e-01
-8.595638372896e-03	3.923284226626e-01	-9.197850421550e-01

Hair-12
-1.334734284734e-02	3.945022308882e-01	9.187980399757e-01
-2.693580244622e-02	5.470810570235e-01	8.366461495714e-01
-3.563601940141e-02	4.709595573711e-01	8.814347221672e-01
2.396551219952e-03	4.818793706348e-01	8.762342887030e-01
1.398681119803e-02	4.827790054506e-01	8.756305162617e-01
1.941207842918e-02	4.869357200443e-01	8.732220655458e-01
5.714420191596e-02	4.790348953478e-01	8.759338498006e-01
8.106249553570e-02	4.757508355317e-01	8.758367509465e-01

Hair-13
1.371022824801e-02	3.988834454343e-01	-9.168991365466e-01
-6.910275132741e-03	6.561571173909e-01	-7.545926619010e-01
3.615261970780e-02	5.450507767653e-01	-8.376232081526e-01
6.542860254321e-03	5.394028186100e-01	-8.420224404702e-01
-7.813068944659e-03	5.386315636937e-01	-8.425051896259e-01
-4.310563779871e-02	5.455574025594e-01	-8.369641715764e-01
1.040995436865e-02	6.606074004755e-01	-7.506593736756e-01
-1.312018218617e-02	4.048152487222e-01	-9.143043668393e-01

Hair-14
-1.338623994424e-02	3.937013805541e-01	9.191409203871e-01
-2.700791248018e-02	5.463643056363e-01	8.371120702690e-01
-3.558607985535e-02	4.708254084863e-01	8.815084036152e-01
3.746089803251e-03	4.823071978290e-01	8.759941402393e-01
1.657290263065e-02	4.819880485381e-01	8.760210385401e-01
2.325679667365e-02	4.848468053286e-01	8.742898242409e-01
5.221057195196e-02	4.736978622413e-01	8.791384370419e-01
8.079572241554e-02	4.820949181201e-01	8.723855461676e-01

Hair-15
6.050593773856e-03	3.552495804521e-01	-9.347519060711e-01
1.658991408585e-03	6.167781462467e-01	-7.871352908236e-01
6.184041694821e-02	5.304284630141e-01	-8.454711162755e-01
9.045309362180e-03	5.390934414580e-01	-8.421973900194e-01

Hair-16
-1.052252919085e-01	9.944465321225e-01	1.932017699902e-03
-4.801913911266e-01	8.756778308390e-01	-5.103493377050e-02
-8.366386888805e-01	4.266471045275e-01	-3.435228558140e-01
-7.865952415769e-01	-9.475683908997e-02	-6.101549535768e-01

Hair-17
-6.664846207070e-02	9.977762063082e-01	-7.903345736600e-04
-4.577380379116e-01	8.879498556993e-01	-4.495489308640e-02
-8.233126868072e-01	4.810762764179e-01	-3.012006573867e-01
-8.079782642934e-01	-3.361609186154e-02	-5.882525671830e-01
-6.673742404086e-01	-3.470706013637e-01	-6.589033471672e-01
-5.727609468624e-01	-5.137169951985e-01	-6.387798890021e-01
-5.994965029310e-01	-3.552121893200e-01	-7.172365324856e-01
-4.346470481957e-01	-5.373753780383e-03	-9.005848467885e-01
-1.011559275086e-01	1.679887216428e-01	-9.805851659752e-01
9.722222684526e-02	1.619080623164e-01	-9.820048971182e-01
4.373175539070e-01	-9.405899536408e-03	-8.992579641564e-01
5.730349028709e-01	-3.101138987827e-01	-7.585910425741e-01
5.251182028760e-01	-5.677051919166e-01	-6.340044858510e-01
6.336821313936e-01	-3.777260189485e-01	-6.751074069819e-01
8.027667085784e-01	4.459362486366e-03	-5.962765513455e-01
8.078737121738e-01	4.869402504397e-01	-3.320079180988e-01
4.640948403752e-01	8.820686028969e-01	-8.106145150821e-02
6.031746978175e-02	9.976974034267e-01	-3.101119208735e-02
-3.473773556702e-02	9.989431758832e-01	-3.009686169904e-02
-4.172777627295e-01	9.063215722474e-01	-6.678679817538e-02
-8.056219428956e-01	4.978342682837e-01	-3.211453353974e-01
-7.933001581792e-01	-1.450993283283e-02	-6.086578027775e-01
-6.533341050835e-01	-3.292592323228e-01	-6.817205476329e-01
-5.539439551701e-01	-5.037919871527e-01	-6.628270726299e-01
-5.742307551643e-01	-3.593755820540e-01	-7.356005919293e-01
-4.157688535131e-01	-2.758230018377e-02	-9.090519661521e-01
-9.761269831297e-02	1.378244250173e-01	-9.856349166891e-01
9.020732802664e-02	1.327483421440e-01	-9.870362281235e-01
4.178717539224e-01	-3.160419165990e-02	-9.079561511127e-01
5.474912739278e-01	-3.170548661487e-01	-7.744220534207e-01
5.008840930960e-01	-5.678774349164e-01	-6.531694605507e-01
6.142228540178e-01	-3.692377474686e-01	-6.974193655517e-01
7.845404005208e-01	1.237533817164e-02	-6.199542006921e-01
7.917917131911e-01	4.950856181580e-01	-3.577095380542e-01
4.537683109947e-01	8.843021409320e-01	-1.100183779197e-01
5.620669973735e-02	9.965251631213e-01	-6.146874141212e-02
-3.805095805212e-02	9.974268384415e-01	-6.076040279544e-02
-4.141125367202e-01	9.049973996220e-01	-9.741926713233e-02
-7.905474520595e-01	5.032776491375e-01	-3.489216730455e-01
-7.734825531778e-01	-9.408445410592e-03	-6.337477582481e-01
-6.310913265321e-01	-3.263373578481e-01	-7.037241408739e-01
-5.278729390194e-01	-5.080626911390e-01	-6.806044828853e-01
-5.496436207037e-01	-3.758377221926e-01	-7.460816957926e-01
-3.997631984721e-01	-5.266684029600e-02	-9.151041411121e-01
-9.775506713215e-02	1.064158019496e-01	-9.895047366968e-01
8.334306818868e-02	1.036904404705e-01	-9.911116110408e-01
3.981053273164e-01	-5.402621659365e-02	-9.157474085592e-01
5.215097617041e-01	-3.246439963542e-01	-7.890715075825e-01
4.762928524689e-01	-5.675007688339e-01	-6.716308480557e-01
5.945693931062e-01	-3.599885112483e-01	-7.189544551295e-01
7.658462851593e-01	2.161690877703e-02	-6.426602343094e-01
7.745302000915e-01	5.044809692844e-01	-3.815781974591e-01
4.415573347917e-01	8.864871033635e-01	-1.384475917517e-01
4.936572684829e-02	9.945568264847e-01	-9.175916251509e-02
-4.544183574374e-02	9.947636965464e-01	-9.154358304929e-02
-4.150639010191e-01	9.006026868811e-01	-1.289835588494e-01
-7.761297911517e-01	5.025613803855e-01	-3.808603500390e-01
-7.509513147008e-01	-1.125780794839e-02	-6.602616032372e-01
-6.043488948577e-01	-3.291724153387e-01	-7.255397537450e-01
-4.992221420725e-01	-5.160439168316e-01	-6.960430509427e-01
-5.243777354220e-01	-3.917211902686e-01	-7.560307531365e-01
-3.835043671001e-01	-7.809787690366e-02	-9.202310155816e-01
-9.736654729706e-02	7.525298056191e-02	-9.923994883030e-01
7.869396523181e-02	7.358324190624e-02	-9.941794437357e-01
3.801167485488e-01	-7.785481569812e-02	-9.216560557742e-01
4.952989829737e-01	-3.364682777460e-01	-8.009169841724e-01
4.474427369320e-01	-5.727694114700e-01	-6.868261777562e-01
5.706028377615e-01	-3.566206867270e-01	-7.397527203985e-01
7.449254674468e-01	2.538868744341e-02	-6.666644302039e-01
7.576830016943e-01	5.088374004264e-01	-4.086575202669e-01
4.355526231489e-01	8.842589920198e-01	-1.684634901108e-01
5.276446189034e-02	9.910937963360e-01	-1.222660967958e-01
-4.244935058871e-02	9.916399572311e-01	-1.218533867288e-01
-4.078182545804e-01	8.991525372659e-01	-1.587733792527e-01
-7.580948164195e-01	5.120086206733e-01	-4.039052137249e-01
-7.316218805003e-01	-7.483775715919e-04	-6.817102492293e-01
-5.845823283808e-01	-3.181607352293e-01	-7.463492800982e-01
-4.758188693380e-01	-5.118271957128e-01	-7.152826890892e-01
-4.980595675864e-01	-3.990679415891e-01	-7.698580681733e-01
-3.636289303225e-01	-1.005285930824e-01	-9.261036675262e-01
-9.392748891236e-02	4.480275490108e-02	-9.945704298741e-01
7.184939846198e-02	4.386614320445e-02	-9.964504129263e-01
3.590533583575e-01	-9.939356222574e-02	-9.280094857491e-01
4.684708454926e-01	-3.407313808683e-01	-8.151301693687e-01
4.272040055051e-01	-5.622293988178e-01	-7.080923956556e-01
5.569211195779e-01	-3.349638775849e-01	-7.600250438514e-01
7.285021599205e-01	4.836070770018e-02	-6.833343580868e-01
7.362912234411e-01	5.279819188747e-01	-4.232142809795e-01
4.232751858722e-01	8.843653708447e-01	-1.968146536098e-01
4.870552083521e-02	9.870960330511e-01	-1.525424327031e-01
-4.188897555294e-02	9.874868984448e-01	-1.520359797121e-01
-3.993903972625e-01	8.972529654536e-01	-1.882137788769e-01
-7.373548832299e-01	5.288013575653e-01	-4.203295140888e-01
-7.147035171755e-01	1.929683470454e-02	-6.991612937709e-01
-5.689174226439e-01	-2.985935703308e-01	-7.662733493795e-01
-4.551943701473e-01	-5.006683021507e-01	-7.362943274314e-01
-4.712819492963e-01	-4.065104980317e-01	-7.827148518187e-01
-3.408638154188e-01	-1.206297846474e-01	-9.323413078879e-01
-8.713300800556e-02	1.507081920123e-02	-9.960826819720e-01
6.714558271325e-02	1.361171397862e-02	-9.976503355207e-01
3.390338837669e-01	-1.221674788907e-01	-9.328081971978e-01
4.413257296367e-01	-3.478566401151e-01	-8.271803662373e-01
4.044846893265e-01	-5.542698326762e-01	-7.274455915638e-01
5.403108397093e-01	-3.162458784044e-01	-7.797773662301e-01
7.100513115946e-01	6.650653774308e-02	-7.010021507387e-01
7.153119015915e-01	5.427495304655e-01	-4.401725009822e-01
4.121472850976e-01	8.827916736709e-01	-2.254184470800e-01
4.602966168570e-02	9.821032076545e-01	-1.826323075467e-01
-4.345496050298e-02	9.822605553523e-01	-1.824167421225e-01
-3.923078090740e-01	8.936644970921e-01	-2.178493735970e-01
-7.173226232094e-01	5.395938848341e-01	-4.407796429981e-01
-6.949125181388e-01	3.296763763544e-02	-7.183381703646e-01
-5.486585066019e-01	-2.865066464390e-01	-7.854220423948e-01
-4.301819092147e-01	-4.965536786000e-01	-7.539084621180e-01
-4.443290268798e-01	-4.188842896020e-01	-7.919012992770e-01
-3.228151041306e-01	-1.445412367916e-01	-9.353599517896e-01
-8.635485248390e-02	-1.660638291417e-02	-9.961260299274e-01
5.857459984548e-02	-1.529589898884e-02	-9.981658437990e-01
3.158985681559e-01	-1.429991753382e-01	-9.379548659129e-01
4.133401674619e-01	-3.515730144091e-01	-8.399680479053e-01
3.808213130234e-01	-5.473253901788e-01	-7.452583745338e-01
5.213481874841e-01	-3.003963359969e-01	-7.987227984267e-01
6.901471754718e-01	8.138558646396e-02	-7.190780642630e-01
6.941540398249e-01	5.548377738212e-01	-4.585904640700e-01
4.001572276103e-01	8.806132162586e-01	-2.537608254673e-01
3.996134785247e-02	9.763566680940e-01	-2.124399852809e-01
-4.882619979586e-02	9.758920229256e-01	-2.127222644755e-01
-3.896658109675e-01	8.868176305024e-01	-2.484251315653e-01
-6.974028333483e-01	5.467804771346e-01	-4.633145776492e-01
-6.734377053203e-01	4.326596944799e-02	-7.379767699194e-01
-5.262158296420e-01	-2.767850454105e-01	-8.040441152519e-01
-4.034366613156e-01	-4.951295690740e-01	-7.694709677013e-01
-4.170822753768e-01	-4.336855051394e-01	-7.987235179951e-01
-3.085752033462e-01	-1.722120056104e-01	-9.354808223601e-01
-9.140350631954e-02	-4.965981246516e-02	-9.945749353661e-01
4.706597357033e-02	-4.378795380018e-02	-9.979315654061e-01
2.910921772155e-01	-1.625168199191e-01	-9.427903412781e-01
3.857292190324e-01	-3.614583471545e-01	-8.488585470247e-01
3.548855163691e-01	-5.433438287945e-01	-7.608112472765e-01
5.007227073979e-01	-2.876290715838e-01	-8.164228607014e-01
6.686813887485e-01	9.272566049516e-02	-7.377446389010e-01
6.732958433139e-01	5.631763521177e-01	-4.790669095144e-01
4.213043455950e-01	8.590496349218e-01	-2.907513940181e-01
7.810662291811e-02	9.665072785565e-01	-2.444647949166e-01

Hair-18
-3.984480674444e-02	9.992001284190e-01	3.390389795768e-03
-4.456238251369e-01	8.942303580529e-01	-4.208887272188e-02
-8.254898245226e-01	4.723201795102e-01	-3.089987016754e-01
-8.050946980378e-01	-4.263149952986e-02	-5.916122737396e-01
-6.627053085215e-01	-3.553496364803e-01	-6.592027836036e-01
-5.675077539119e-01	-5.234305135935e-01	-6.355748946341e-01
-6.002498363057e-01	-3.597241148036e-01	-7.143519407433e-01
-4.268248829371e-01	2.094699993503e-03	-9.043318702433e-01
-8.807932676707e-02	1.689908445381e-01	-9.816741448457e-01
1.180439083449e-01	1.589960167992e-01	-9.801968691771e-01
4.538163929644e-01	-2.537199703191e-02	-8.907339351588e-01
5.748989384809e-01	-3.358737738707e-01	-7.461099239116e-01
5.111745999471e-01	-5.943138355854e-01	-6.208796930168e-01
6.177507107689e-01	-4.043258410732e-01	-6.744662138202e-01
7.950817439008e-01	-2.289833113805e-02	-6.060698696905e-01
8.140705733816e-01	4.633932782724e-01	-3.500796640852e-01
4.678002511010e-01	8.799740066782e-01	-8.251468136389e-02
6.300488287837e-02	9.975159847235e-01	-3.149991991257e-02
-2.666269360828e-02	9.992064406899e-01	-2.959036419793e-02
-4.089860628152e-01	9.103500855703e-01	-6.319115543416e-02
-8.068171547873e-01	4.915139217805e-01	-3.278111398912e-01
-7.914206883896e-01	-2.197992998583e-02	-6.108765641819e-01
-6.491522535860e-01	-3.368050849648e-01	-6.820290949850e-01
-5.489511014375e-01	-5.130089327936e-01	-6.599049348994e-01
-5.751177416698e-01	-3.683902171827e-01	-7.304301685313e-01
-4.152185247287e-01	-2.729998071417e-02	-9.093119859405e-01
-9.799241271302e-02	1.369912024618e-01	-9.857133952112e-01
9.756990228417e-02	1.330175493988e-01	-9.862993692182e-01
4.231910880645e-01	-3.802103230822e-02	-9.052423454993e-01
5.489725737581e-01	-3.302864068713e-01	-7.678150836610e-01
4.946187823749e-01	-5.800306485336e-01	-6.472377514358e-01
6.072636829691e-01	-3.808274267786e-01	-6.972813566704e-01
7.812040074330e-01	3.201941843403e-04	-6.242757373520e-01
7.944403218379e-01	4.849550324468e-01	-3.656271209068e-01
4.517136061290e-01	8.854235723332e-01	-1.094528007625e-01
5.074382186799e-02	9.968299445949e-01	-6.127908371661e-02
-3.803608456925e-02	9.974390617344e-01	-6.056875759816e-02
-4.137089284423e-01	9.052962955579e-01	-9.635112752965e-02
-7.924761684676e-01	4.951147067102e-01	-3.561501784504e-01
-7.708141234965e-01	-1.871823474057e-02	-6.367850616233e-01
-6.258526793025e-01	-3.351414102630e-01	-7.042646228065e-01
-5.228061876825e-01	-5.178374920878e-01	-6.771395882010e-01
-5.505326311782e-01	-3.848349591376e-01	-7.408210824711e-01
-4.007732123030e-01	-5.454084212222e-02	-9.145524199525e-01
-9.934021007173e-02	1.062053595633e-01	-9.893694680264e-01
8.807772811665e-02	1.034828810180e-01	-9.907237794391e-01
4.021563799355e-01	-5.850189486145e-02	-9.137000461720e-01
5.227362627305e-01	-3.359444048377e-01	-7.835101508498e-01
4.707953944795e-01	-5.779214577614e-01	-6.666021941127e-01
5.883498474886e-01	-3.702338145030e-01	-7.188681238994e-01
7.627125630460e-01	1.057729239104e-02	-6.466511169537e-01
7.770347848113e-01	4.950868251812e-01	-3.887235247902e-01
4.400248901674e-01	8.873383981099e-01	-1.378719089334e-01
4.334629891425e-02	9.948690657992e-01	-9.141466122148e-02
-4.755475647893e-02	9.946632718831e-01	-9.156156782807e-02
-4.160371939106e-01	9.002084736354e-01	-1.285992118093e-01
-7.789705964011e-01	4.918042362750e-01	-3.890159419926e-01
-7.469541664023e-01	-2.312517289729e-02	-6.644732497796e-01
-5.976489488697e-01	-3.402473423167e-01	-7.259803578344e-01
-4.933890863688e-01	-5.274064032060e-01	-6.916716672739e-01
-5.251665569730e-01	-4.021352304061e-01	-7.499915625548e-01
-3.851083291231e-01	-8.064904507833e-02	-9.193406911303e-01
-9.823665157723e-02	7.539982099730e-02	-9.923025885689e-01
8.252661608122e-02	7.340734343409e-02	-9.938816426356e-01
3.837163461954e-01	-8.202221671356e-02	-9.198011315648e-01
4.963226294399e-01	-3.472944461666e-01	-7.956446538297e-01
4.421906077007e-01	-5.830551725609e-01	-6.815527361923e-01
5.640590445855e-01	-3.672477730245e-01	-7.395718135718e-01
7.412992836011e-01	1.368561035202e-02	-6.710350782201e-01
7.606863822065e-01	4.984393711076e-01	-4.158297984218e-01
4.340951306655e-01	8.850589699811e-01	-1.680239185012e-01
4.891719814483e-02	9.913048915027e-01	-1.221544915608e-01
-4.393893246187e-02	9.915789783869e-01	-1.218215901851e-01
-4.106541581248e-01	8.978234043823e-01	-1.589852098725e-01
-7.623936173059e-01	4.962694422636e-01	-4.152982217233e-01
-7.256589707622e-01	-1.751244841554e-02	-6.878316453194e-01
-5.753122196448e-01	-3.339688748222e-01	-7.466462620126e-01
-4.674921580161e-01	-5.273581239556e-01	-7.094677521152e-01
-4.989056515575e-01	-4.139403662924e-01	-7.614108772520e-01
-3.677870113363e-01	-1.050313023171e-01	-9.239594903598e-01
-9.779337616899e-02	4.410729395985e-02	-9.942288480008e-01
7.310184363805e-02	4.449824747633e-02	-9.963312834737e-01
3.603245511117e-01	-1.020470065976e-01	-9.272284650023e-01
4.693117167406e-01	-3.498265925551e-01	-8.107822566333e-01
4.226314303239e-01	-5.713909936824e-01	-7.034877443431e-01
5.513941932695e-01	-3.436323276762e-01	-7.601850215602e-01
7.258047864106e-01	3.847720090293e-02	-6.868237889256e-01
7.384594976273e-01	5.196962239236e-01	-4.296433465138e-01
4.219330273829e-01	8.851646294897e-01	-1.961022669525e-01
4.720923206613e-02	9.871836073075e-01	-1.524461015282e-01
-3.964413487736e-02	9.876414204856e-01	-1.516336608772e-01
-4.003266001846e-01	8.968982213694e-01	-1.879153897080e-01
-7.406322336366e-01	5.160882751453e-01	-4.302520037792e-01
-7.099141609710e-01	5.018095128130e-03	-7.042703335894e-01
-5.611622725318e-01	-3.121338977753e-01	-7.665959390360e-01
-4.483664405826e-01	-5.141622044647e-01	-7.311667131779e-01
-4.722506805539e-01	-4.188641088667e-01	-7.755850391927e-01
-3.433622831030e-01	-1.237074072128e-01	-9.310203112408e-01
-8.901412345752e-02	1.491375303505e-02	-9.959187044109e-01
7.087242260312e-02	1.398250115529e-02	-9.973873818010e-01
3.417667035376e-01	-1.260808739311e-01	-9.312889635241e-01
4.422728034275e-01	-3.568544280962e-01	-8.228302890004e-01
3.994603135115e-01	-5.641961032140e-01	-7.225747124329e-01
5.346485606031e-01	-3.255363709650e-01	-7.798570303741e-01
7.073664893266e-01	5.593547274393e-02	-7.046303092166e-01
7.172507636259e-01	5.344820144139e-01	-4.470797673191e-01
4.102037353020e-01	8.839500119447e-01	-2.244220843129e-01
4.049789642976e-02	9.824192833996e-01	-1.822423441173e-01
-4.330309102147e-02	9.823011920772e-01	-1.822339440164e-01
-3.939049345376e-01	8.929757455315e-01	-2.177916904739e-01
-7.209245213202e-01	5.256376439645e-01	-4.516335924249e-01
-6.896792151067e-01	1.707392397670e-02	-7.239137112735e-01
-5.401644272017e-01	-3.010698969074e-01	-7.858621436118e-01
-4.231377891711e-01	-5.112475347938e-01	-7.480510474176e-01
-4.453683842153e-01	-4.319579213011e-01	-7.842572005195e-01
-3.263358395759e-01	-1.493032447218e-01	-9.333881619797e-01
-9.054841170584e-02	-1.643332117622e-02	-9.957564617378e-01
5.942302482957e-02	-1.517899460702e-02	-9.981174791791e-01
3.173224979851e-01	-1.450495132810e-01	-9.371590425160e-01
4.141778973387e-01	-3.592023509130e-01	-8.363195205510e-01
3.765070293531e-01	-5.551230796127e-01	-7.416743377851e-01
5.172058858041e-01	-3.072002100086e-01	-7.988279556077e-01
6.883056559281e-01	7.345453670007e-02	-7.216922855730e-01
6.950652773174e-01	5.494205880289e-01	-4.637038685602e-01
3.913808710433e-01	8.855592261533e-01	-2.502116519192e-01
2.848987758615e-02	9.769136182658e-01	-2.117264965041e-01
-5.539967740950e-02	9.754375797191e-01	-2.131956937057e-01
-3.962110377847e-01	8.833826444769e-01	-2.503036495430e-01
-7.042214901947e-01	5.211372124510e-01	-4.821701966596e-01
-6.635548009374e-01	1.435868988454e-02	-7.479898757187e-01
-5.101072985536e-01	-3.044673661773e-01	-8.044191487623e-01
-3.898379877699e-01	-5.229150501904e-01	-7.580146394206e-01
-4.176625935133e-01	-4.591030565103e-01	-7.840805707851e-01
-3.214680557557e-01	-1.863053151279e-01	-9.284118798700e-01
-1.074232962277e-01	-5.225762583420e-02	-9.928390483708e-01
3.579903764633e-02	-4.240853648667e-02	-9.984587847962e-01
2.870519262969e-01	-1.595533909546e-01	-9.445336982046e-01
3.865968628637e-01	-3.662440500277e-01	-8.464089800110e-01
3.507189156122e-01	-5.506062167144e-01	-7.575150403439e-01
4.966112494619e-01	-2.944319802702e-01	-8.165090788853e-01
6.668976308822e-01	8.515606365243e-02	-7.402675156638e-01
6.745672097803e-01	5.565596703539e-01	-4.849746517344e-01
4.066234198799e-01	8.673081517912e-01	-2.871131558144e-01
6.077900618013e-02	9.681773674255e-01	-2.427725223596e-01

Hair-19
-8.678441262723e-02	9.962260331449e-01	-1.468539838732e-03
-4.681788635021e-01	8.823290266635e-01	-4.800042163290e-02
-8.270158291351e-01	4.674975083597e-01	-3.122353247753e-01
-8.028733531046e-01	-4.926829690531e-02	-5.941102707365e-01
-6.585837545706e-01	-3.623049887530e-01	-6.595472184313e-01
-5.659091438086e-01	-5.272253754667e-01	-6.338613763417e-01
-6.004831757653e-01	-3.644814955729e-01	-7.117395556015e-01
-4.400425837308e-01	-1.041169389710e-02	-8.979165446375e-01
-1.084190832307e-01	1.661007459497e-01	-9.801305242601e-01
9.151367831735e-02	1.638283535858e-01	-9.822349603034e-01
4.329071553086e-01	-6.256234472640e-03	-9.014168039330e-01
5.724173619355e-01	-3.048359697469e-01	-7.611920883084e-01
5.261904314324e-01	-5.657369390881e-01	-6.348742754437e-01
6.345190301762e-01	-3.761928445374e-01	-6.751774167306e-01
8.031383577440e-01	5.635058094117e-03	-5.957659141312e-01
8.075562274841e-01	4.880412894903e-01	-3.311625570686e-01
4.606580260412e-01	8.839490293355e-01	-8.017665857726e-02
5.566812086312e-02	9.979766198660e-01	-3.072013216934e-02
-4.204247188304e-02	9.986487100682e-01	-3.054806765014e-02
-4.233733443074e-01	9.033969955951e-01	-6.803587053638e-02
-8.064491456420e-01	4.945882009710e-01	-3.240714226117e-01
-7.922065341417e-01	-1.860622363814e-02	-6.099693563656e-01
-6.511586597949e-01	-3.332795868390e-01	-6.818483092086e-01
-5.524626723784e-01	-5.070353899243e-01	-6.615890786529e-01
-5.744829120649e-01	-3.611611589500e-01	-7.345284208329e-01
-4.173096073600e-01	-2.909798199679e-02	-9.082984085909e-01
-1.001060401298e-01	1.372412073212e-01	-9.854662002030e-01
8.542981587619e-02	1.345687204651e-01	-9.872147719882e-01
4.135854728853e-01	-2.880965947490e-02	-9.100093736546e-01
5.469844557898e-01	-3.121528010633e-01	-7.767680695759e-01
5.036324640865e-01	-5.628844400856e-01	-6.553742810240e-01
6.172051146450e-01	-3.637789664617e-01	-6.976551512145e-01
7.861693362398e-01	1.830944674437e-02	-6.177398634669e-01
7.905602654706e-01	4.999117121030e-01	-3.536986666095e-01
4.523257314379e-01	8.850868097546e-01	-1.096484011624e-01
5.396508112334e-02	9.966656907005e-01	-6.119861926470e-02
-4.233171264628e-02	9.972398170453e-01	-6.099814262703e-02
-4.201841536548e-01	9.020325482299e-01	-9.890681953895e-02
-7.906525683200e-01	5.028353825234e-01	-3.493209044582e-01
-7.734840027288e-01	-9.699238156642e-03	-6.337416053107e-01
-6.310451145086e-01	-3.264759204688e-01	-7.037013122120e-01
-5.282646598380e-01	-5.072311952846e-01	-6.809206735710e-01
-5.494796996748e-01	-3.738106699085e-01	-7.472199426594e-01
-3.981335767178e-01	-5.134612248772e-02	-9.158893114320e-01
-9.566007614588e-02	1.069361344660e-01	-9.896533802182e-01
8.205658808667e-02	1.044230351887e-01	-9.911420413208e-01
3.963582598056e-01	-5.315625640469e-02	-9.165558042416e-01
5.211700015133e-01	-3.206073212508e-01	-7.909442300712e-01
4.788946342479e-01	-5.632326910893e-01	-6.733712683037e-01
5.970942032058e-01	-3.553637600408e-01	-7.191627844568e-01
7.672471574856e-01	2.679807324023e-02	-6.407914345564e-01
7.736043079764e-01	5.082997862774e-01	-3.783750810383e-01
4.432688877471e-01	8.855569925325e-01	-1.389298604774e-01
4.978229818277e-02	9.945406458692e-01	-9.170946789592e-02
-4.645779237422e-02	9.947114302273e-01	-9.160155076629e-02
-4.182028404436e-01	8.990246072356e-01	-1.298504517887e-01
-7.757679657989e-01	5.039585000750e-01	-3.797497774093e-01
-7.515594476019e-01	-9.361097729722e-03	-6.595989437300e-01
-6.054571492174e-01	-3.273415567258e-01	-7.254441023965e-01
-5.005618655257e-01	-5.136023724748e-01	-6.968862330178e-01
-5.242927560984e-01	-3.881511208050e-01	-7.579286333953e-01
-3.810326484371e-01	-7.623255168590e-02	-9.214134353744e-01
-9.445107337471e-02	7.614040891927e-02	-9.926135365126e-01
7.876911799254e-02	7.364438851134e-02	-9.941689645586e-01
3.795087778079e-01	-7.752552929144e-02	-9.219343142951e-01
4.950364359510e-01	-3.324056939475e-01	-8.027735556881e-01
4.490322266571e-01	-5.704497583990e-01	-6.877187888708e-01
5.718007690790e-01	-3.545151761086e-01	-7.398397599409e-01
7.456834969937e-01	2.810437131551e-02	-6.657073430752e-01
7.572681350046e-01	5.105906505555e-01	-4.072372272668e-01
4.390753740850e-01	8.823143891394e-01	-1.695114585795e-01
5.347883718123e-02	9.910623672468e-01	-1.222104668226e-01
-4.346253026621e-02	9.915846798216e-01	-1.219460175894e-01
-4.104122327441e-01	8.978595548308e-01	-1.594052038454e-01
-7.580815432990e-01	5.121287607153e-01	-4.037777930466e-01
-7.317139172022e-01	-5.720130854040e-04	-6.816116314835e-01
-5.844647252610e-01	-3.181984738947e-01	-7.464252917316e-01
-4.759532957859e-01	-5.119217616697e-01	-7.151255625130e-01
-4.982812445279e-01	-3.978873154916e-01	-7.703255711208e-01
-3.655000475665e-01	-1.022872177281e-01	-9.251740594711e-01
-9.720308406968e-02	4.392005477600e-02	-9.942950212265e-01
6.594848192612e-02	4.564447172699e-02	-9.967785009381e-01
3.540110955220e-01	-9.587705195890e-02	-9.303137831694e-01
4.680086275865e-01	-3.353249762841e-01	-8.176338329501e-01
4.295864643049e-01	-5.579171303892e-01	-7.100591139506e-01
5.592395949212e-01	-3.310316889947e-01	-7.600454567681e-01
7.296085530435e-01	5.265477276705e-02	-6.818349024732e-01
7.355787529763e-01	5.309477506492e-01	-4.207355276780e-01
4.260505907598e-01	8.828502231922e-01	-1.976268643749e-01
4.866045549842e-02	9.871021741095e-01	-1.525170742538e-01
-4.385927545054e-02	9.873640728414e-01	-1.522778763281e-01
-4.008292003828e-01	8.965554475658e-01	-1.884788623707e-01
-7.366700191938e-01	5.313901902010e-01	-4.182603837075e-01
-7.158051061043e-01	2.242882129016e-02	-6.979398240898e-01
-5.703152213089e-01	-2.958184354754e-01	-7.663106430008e-01
-4.565589847640e-01	-4.981507585369e-01	-7.371565065848e-01
-4.712658839376e-01	-4.042979785926e-01	-7.838696391253e-01
-3.403405174143e-01	-1.205151938420e-01	-9.325472750801e-01
-8.727521008857e-02	1.522267629905e-02	-9.960679233016e-01
6.400631393945e-02	1.469228445438e-02	-9.978413343580e-01
3.359473218032e-01	-1.201881700252e-01	-9.341810321127e-01
4.408879172342e-01	-3.436834457061e-01	-8.291559163297e-01
4.059504398728e-01	-5.514931873807e-01	-7.287382963998e-01
5.416423575809e-01	-3.137622640062e-01	-7.798569087723e-01
7.108184690665e-01	6.927219242540e-02	-6.999560467561e-01
7.148983762680e-01	5.444511601759e-01	-4.387405221683e-01
4.160796501689e-01	8.806723304798e-01	-2.264817234183e-01
4.787534767924e-02	9.820107947658e-01	-1.826547290600e-01
-4.352790770862e-02	9.822394595555e-01	-1.825129182896e-01
-3.927539919889e-01	8.934490939335e-01	-2.179289295303e-01
-7.162488621436e-01	5.437511373871e-01	-4.374040101190e-01
-6.965476191612e-01	3.798535803783e-02	-7.165043801789e-01
-5.512116195030e-01	-2.819403227032e-01	-7.852868297373e-01
-4.324974393232e-01	-4.918359662736e-01	-7.556741012226e-01
-4.440488994381e-01	-4.140850691440e-01	-7.945779574213e-01
-3.192838177544e-01	-1.417955920536e-01	-9.369908504326e-01
-8.247541428708e-02	-1.535621657629e-02	-9.964747827470e-01
5.941317414243e-02	-1.535441055925e-02	-9.981153825158e-01
3.157247597711e-01	-1.432453430167e-01	-9.379758247266e-01
4.132046428541e-01	-3.500140612663e-01	-8.406854822344e-01
3.809449175537e-01	-5.472698891935e-01	-7.452359614056e-01
5.211783109705e-01	-3.006764742321e-01	-7.987282554269e-01
6.901760599068e-01	8.131147541843e-02	-7.190587252073e-01
6.942525781302e-01	5.545265839814e-01	-4.588176385204e-01
4.052339294482e-01	8.779137285237e-01	-2.550547935123e-01
4.399345759521e-02	9.761504116415e-01	-2.125910382423e-01
-4.645275918997e-02	9.760297225410e-01	-2.126220164521e-01
-3.883574766982e-01	8.874813741117e-01	-2.481033673641e-01
-6.966506442029e-01	5.497725990881e-01	-4.608990878962e-01
-6.744858724003e-01	4.666359593043e-02	-7.368115883639e-01
-5.281519077956e-01	-2.737190383667e-01	-8.038242658240e-01
-4.056873819515e-01	-4.908254903837e-01	-7.710435046837e-01
-4.168962978332e-01	-4.268842408847e-01	-8.024757452642e-01
-3.028697773510e-01	-1.677068158232e-01	-9.381600726389e-01
-8.410479316849e-02	-4.723667653680e-02	-9.953366667394e-01
5.383093067805e-02	-4.574590843393e-02	-9.975016505068e-01
2.961886938382e-01	-1.663221939732e-01	-9.405366475764e-01
3.865299908044e-01	-3.694479873321e-01	-8.450460051766e-01
3.488872467336e-01	-5.541823226252e-01	-7.557510452235e-01
4.936078370187e-01	-2.994701897122e-01	-8.164979538905e-01
6.652702251112e-01	7.967094977855e-02	-7.423395903101e-01
6.758126118883e-01	5.523913208815e-01	-4.879970719456e-01
4.287946764459e-01	8.544562731235e-01	-2.933250803659e-01
9.300329430473e-02	9.651143022006e-01	-2.447545115749e-01

Hair-20
-8.019344349000e-02	9.967783798491e-01	-1.368607572282e-03
-4.574710049012e-01	8.880800023678e-01	-4.510198520121e-02
-8.284573477432e-01	4.614532522779e-01	-3.173630711543e-01
-8.014482411327e-01	-5.342726835196e-02	-5.956729335648e-01
-6.557457329014e-01	-3.672514609878e-01	-6.596392181973e-01
-5.624653183946e-01	-5.341016883478e-01	-6.311641245407e-01
-6.012432943711e-01	-3.700389815492e-01	-7.082214717924e-01
-4.378128296783e-01	-8.512767270218e-03	-8.990258388736e-01
-1.032061338840e-01	1.669993880394e-01	-9.805405133513e-01
1.026176426791e-01	1.625327357334e-01	-9.813524999846e-01
4.412141759102e-01	-1.410965839133e-02	-8.972909051784e-01
5.738055172213e-01	-3.186528987799e-01	-7.544584537968e-01
5.187067325373e-01	-5.797928942081e-01	-6.283180129889e-01
6.263119411027e-01	-3.899383685895e-01	-6.750417921388e-01
7.993507094671e-01	-8.574616383917e-03	-6.008035612647e-01
8.105145611053e-01	4.765507208386e-01	-3.405371590656e-01
4.584383541726e-01	8.851646173853e-01	-7.948506496623e-02
6.031307269041e-02	9.977001589358e-01	-3.093098967300e-02
-3.879317725021e-02	9.987849741583e-01	-3.039185407954e-02
-4.152132936890e-01	9.073931609976e-01	-6.508127317982e-02
-8.082779384653e-01	4.871524452831e-01	-3.307102496824e-01
-7.898689849247e-01	-2.659549895405e-02	-6.126986747900e-01
-6.468374729946e-01	-3.414889284789e-01	-6.818992559435e-01
-5.480147773808e-01	-5.157580154007e-01	-6.585388927939e-01
-5.751735911943e-01	-3.686929971905e-01	-7.302333968090e-01
-4.145861653759e-01	-2.688216390502e-02	-9.096129180826e-01
-1.008572128088e-01	1.365442147220e-01	-9.854864281412e-01
9.233164042716e-02	1.341471519545e-01	-9.866506016815e-01
4.164711152079e-01	-3.234549880392e-02	-9.085733756305e-01
5.482148705932e-01	-3.223751741208e-01	-7.717089495212e-01
4.979796882317e-01	-5.734159197161e-01	-6.505462421110e-01
6.112791871373e-01	-3.741804768416e-01	-6.973712971749e-01
7.832349964742e-01	7.273281467220e-03	-6.216832309744e-01
7.926058842844e-01	4.915938700463e-01	-3.607095495419e-01
4.462043435030e-01	8.884170049515e-01	-1.077817663244e-01
5.421893131936e-02	9.966464702845e-01	-6.128719895733e-02
-4.438118758514e-02	9.971473110529e-01	-6.105366695378e-02
-4.151774461749e-01	9.045808689679e-01	-9.675298282213e-02
-7.932946275216e-01	4.924962916061e-01	-3.579539589105e-01
-7.698676815915e-01	-2.171188418172e-02	-6.378341061171e-01
-6.245706392728e-01	-3.376569941051e-01	-7.042011579729e-01
-5.226043444722e-01	-5.185866220006e-01	-6.767219625672e-01
-5.502913015977e-01	-3.825110107779e-01	-7.422026744897e-01
-3.992229628693e-01	-5.306462844023e-02	-9.153169784978e-01
-1.004188510066e-01	1.059671571207e-01	-9.892861143139e-01
8.463012416688e-02	1.044601768619e-01	-9.909216989921e-01
3.970693233644e-01	-5.462150814263e-02	-9.161617997336e-01
5.221883685792e-01	-3.300248438541e-01	-7.863859803936e-01
4.737748233686e-01	-5.722773640678e-01	-6.693549397126e-01
5.918928465530e-01	-3.643214255852e-01	-7.189803592998e-01
7.645375991619e-01	1.679536803065e-02	-6.443602835996e-01
7.754179862297e-01	5.009146039527e-01	-3.844626200015e-01
4.364923735426e-01	8.892498484533e-01	-1.367812664988e-01
4.894639410724e-02	9.945819978811e-01	-9.171095896721e-02
-4.989056079208e-02	9.945335351036e-01	-9.172774660979e-02
-4.151279847526e-01	9.006710943726e-01	-1.282978411234e-01
-7.788767741740e-01	4.921909200707e-01	-3.887146367867e-01
-7.471959165790e-01	-2.244182230103e-02	-6.642248315590e-01
-5.983332471820e-01	-3.390905440161e-01	-7.259579383652e-01
-4.945123603049e-01	-5.251294669204e-01	-6.926013055702e-01
-5.248496165975e-01	-3.978527589315e-01	-7.524932306460e-01
-3.834117200448e-01	-7.900122324354e-02	-9.201925122811e-01
-9.746730339010e-02	7.552526746051e-02	-9.923689126252e-01
8.115400728077e-02	7.394133347914e-02	-9.939550826399e-01
3.811635588614e-01	-8.010183083709e-02	-9.210309647849e-01
4.960388503324e-01	-3.433995140507e-01	-7.975100204453e-01
4.438869750793e-01	-5.796038488721e-01	-6.833913459560e-01
5.663439108368e-01	-3.636458765626e-01	-7.396054699075e-01
7.422434358520e-01	1.705264630437e-02	-6.699133445369e-01
7.596897131434e-01	5.019335381505e-01	-4.134419705639e-01
4.325161695902e-01	8.859316326998e-01	-1.674959856981e-01
5.181863636972e-02	9.911590711451e-01	-1.221414123530e-01
-4.691063644103e-02	9.914064856730e-01	-1.221170436678e-01
-4.098611775710e-01	8.982117001509e-01	-1.588381466526e-01
-7.614496184907e-01	4.996721398676e-01	-4.129433752228e-01
-7.269045343370e-01	-1.393553206499e-02	-6.865971154224e-01
-5.773161797385e-01	-3.305755097717e-01	-7.466095773236e-01
-4.692330411852e-01	-5.240075330580e-01	-7.107998722274e-01
-4.987183223727e-01	-4.102131718424e-01	-7.635477644370e-01
-3.633038274785e-01	-1.012604109056e-01	-9.261515308645e-01
-9.329352090703e-02	4.523135952065e-02	-9.946106992551e-01
7.500744219544e-02	4.414794374021e-02	-9.962052211662e-01
3.597603925248e-01	-1.014893011668e-01	-9.275086963037e-01
4.689574298424e-01	-3.464122355451e-01	-8.124515321300e-01
4.232714454857e-01	-5.698800189479e-01	-7.043280822461e-01
5.518385086039e-01	-3.431230794112e-01	-7.600926343527e-01
7.256814513918e-01	3.807494354133e-02	-6.869765132668e-01
7.383075719295e-01	5.202026760982e-01	-4.292913987163e-01
4.192290505010e-01	8.866528268613e-01	-1.951762481323e-01
4.835494346108e-02	9.871179231027e-01	-1.525123120676e-01
-4.678290776175e-02	9.872038275832e-01	-1.524465885041e-01
-3.980291533880e-01	8.980616131007e-01	-1.872381695279e-01
-7.396787834432e-01	5.196029332133e-01	-4.276541700020e-01
-7.113487153467e-01	9.214096783442e-03	-7.027788454379e-01
-5.635023751494e-01	-3.082725830924e-01	-7.664418358327e-01
-4.504734362445e-01	-5.098409811459e-01	-7.328955295145e-01
-4.718205645165e-01	-4.136435650464e-01	-7.786426368977e-01
-3.383471848143e-01	-1.194301454244e-01	-9.334118184875e-01
-8.661075579164e-02	1.542786471827e-02	-9.961227625004e-01
6.917348302430e-02	1.435764254246e-02	-9.975013219775e-01
3.371348575102e-01	-1.222873057523e-01	-9.334805315074e-01
4.416636787774e-01	-3.507376160878e-01	-8.257822470300e-01
4.018450105190e-01	-5.594031146702e-01	-7.249749946159e-01
5.371274461111e-01	-3.216158574013e-01	-7.797803196428e-01
7.083118214124e-01	5.916203539893e-02	-7.034161053138e-01
7.162282400704e-01	5.380724839445e-01	-4.444042193177e-01
4.056327838096e-01	8.864347773484e-01	-2.229247186971e-01
4.482801947645e-02	9.821544179293e-01	-1.826558184448e-01
-4.914399341601e-02	9.819373536391e-01	-1.827126198143e-01
-3.915068922704e-01	8.942097340692e-01	-2.170513874655e-01
-7.199193382217e-01	5.293553329703e-01	-4.488864866649e-01
-6.911691347606e-01	2.149788062765e-02	-7.223732195221e-01
-5.427337964217e-01	-2.967748752801e-01	-7.857255879912e-01
-4.255308052326e-01	-5.061216207547e-01	-7.501762718207e-01
-4.448618673070e-01	-4.253666449492e-01	-7.881377648487e-01
-3.208585843425e-01	-1.445254731390e-01	-9.360353393263e-01
-8.726991650535e-02	-1.562283780692e-02	-9.960621911367e-01
5.903866092677e-02	-1.514986784171e-02	-9.981407305688e-01
3.148408270318e-01	-1.430773882072e-01	-9.382985210570e-01
4.138905612639e-01	-3.566686489672e-01	-8.375452693082e-01
3.775345566489e-01	-5.533170784430e-01	-7.425010903960e-01
5.179834864015e-01	-3.063000486629e-01	-7.986697615439e-01
6.884150560692e-01	7.377377024882e-02	-7.215553626719e-01
6.949216702071e-01	5.500639011964e-01	-4.631561042210e-01
3.924592445434e-01	8.849414932329e-01	-2.507075884911e-01
3.722329591696e-02	9.764387383675e-01	-2.125601478554e-01
-5.541535415762e-02	9.754982880929e-01	-2.129136643133e-01
-3.898538213407e-01	8.867984846381e-01	-2.481983997323e-01
-7.012569757048e-01	5.320445214946e-01	-4.745179461020e-01
-6.681418211268e-01	2.738375542736e-02	-7.435298492999e-01
-5.173120638014e-01	-2.918263039353e-01	-8.045033480210e-01
-3.965305969064e-01	-5.089178870087e-01	-7.640458559535e-01
-4.175255364178e-01	-4.431926352315e-01	-7.932545080335e-01
-3.087702585867e-01	-1.743997126743e-01	-9.350110521440e-01
-9.217891991044e-02	-4.796936452221e-02	-9.945863395359e-01
4.911778291246e-02	-4.440213945377e-02	-9.978055388770e-01
2.959031364844e-01	-1.667315639299e-01	-9.405540491690e-01
3.872784278137e-01	-3.743901966731e-01	-8.425244210023e-01
3.464923045793e-01	-5.588020013796e-01	-7.534476797506e-01
4.911274701018e-01	-3.034412935164e-01	-8.165275191324e-01
6.641339710182e-01	7.571695157711e-02	-7.437694614486e-01
6.770738613750e-01	5.468387766928e-01	-4.924818154489e-01
4.166732856289e-01	8.614711261432e-01	-2.902600073466e-01
8.959124861486e-02	9.655277092650e-01	-2.443965032751e-01

Hair-21
-1.070612533087e-01	9.942501754402e-01	-2.115815957691e-03
-4.783644140370e-01	8.766583374705e-01	-5.135802494707e-02
-8.316307016060e-01	4.488357297653e-01	-3.270120239875e-01
-7.957172163084e-01	-6.918869945064e-02	-6.017034448453e-01
-6.470209717927e-01	-3.819740010462e-01	-6.598937221896e-01
-5.562117388018e-01	-5.457089669144e-01	-6.267616971771e-01
-6.016442460691e-01	-3.796437460985e-01	-7.027765129970e-01
-4.486024074699e-01	-1.798888616400e-02	-8.935503790983e-01
-1.181768130215e-01	1.629716631279e-01	-9.795276810185e-01
8.589215113136e-02	1.658388621315e-01	-9.824052168942e-01
4.296261731511e-01	-4.228306143179e-03	-9.029969395135e-01
5.721292718977e-01	-3.022889159979e-01	-7.624234436996e-01
5.242699012388e-01	-5.694329515378e-01	-6.331565243745e-01
6.308081522492e-01	-3.820893225369e-01	-6.753434864269e-01
8.013215682549e-01	-1.501101339537e-03	-5.982319708477e-01
8.090846937371e-01	4.822712572236e-01	-3.358517423155e-01
4.575172818158e-01	8.856693422343e-01	-7.916914213307e-02
5.289701822804e-02	9.981299589043e-01	-3.063479394903e-02
-4.760009210693e-02	9.983973964145e-01	-3.060833324790e-02
-4.256346849640e-01	9.022977741205e-01	-6.851161779494e-02
-8.093166718995e-01	4.841830001434e-01	-3.325257087169e-01
-7.883331589487e-01	-3.089160993686e-02	-6.144725697194e-01
-6.450971925623e-01	-3.438969129215e-01	-6.823375450840e-01
-5.476628930926e-01	-5.167768837125e-01	-6.580326800318e-01
-5.750777693684e-01	-3.674596559474e-01	-7.309302021597e-01
-4.225186056741e-01	-3.324658757027e-02	-9.057442753195e-01
-1.067091701730e-01	1.352034655706e-01	-9.850549100932e-01
8.276668304804e-02	1.355855727178e-01	-9.873025010847e-01
4.122869609340e-01	-2.808233711498e-02	-9.106211309793e-01
5.469176211640e-01	-3.119744366193e-01	-7.768867784667e-01
5.021914369287e-01	-5.653978651425e-01	-6.543156843358e-01
6.154161217886e-01	-3.663081809122e-01	-6.979121102542e-01
7.852819057351e-01	1.444467165595e-02	-6.189698538586e-01
7.910809250982e-01	4.977087793271e-01	-3.556359668628e-01
4.464660690597e-01	8.882750255448e-01	-1.078681054431e-01
5.068076243994e-02	9.968401198155e-01	-6.116564268242e-02
-4.846856238957e-02	9.969494001326e-01	-6.117754518675e-02
-4.243183513913e-01	8.999887618188e-01	-9.987074282483e-02
-7.934234434350e-01	4.925777345077e-01	-3.575561702377e-01
-7.696305637488e-01	-2.203256225869e-02	-6.381092081642e-01
-6.247599545430e-01	-3.372119571401e-01	-7.042464733040e-01
-5.235498229968e-01	-5.168123734460e-01	-6.773481774488e-01
-5.500043201647e-01	-3.796500029274e-01	-7.438824659027e-01
-3.988449401895e-01	-5.221826216866e-02	-9.155304291946e-01
-9.721679487227e-02	1.065472748371e-01	-9.895436185533e-01
8.189188755694e-02	1.044357895209e-01	-9.911543192760e-01
3.965439601362e-01	-5.331384898818e-02	-9.164663229959e-01
5.213577018402e-01	-3.228714019653e-01	-7.898988571487e-01
4.777511781752e-01	-5.650158117194e-01	-6.726893371084e-01
5.962268914870e-01	-3.566313861542e-01	-7.192548562766e-01
7.668294650271e-01	2.497494690303e-02	-6.413648131863e-01
7.736796309849e-01	5.076678462191e-01	-3.790688413921e-01
4.376030997007e-01	8.886218896248e-01	-1.373122879132e-01
4.701467706593e-02	9.946775049923e-01	-9.168577426588e-02
-5.138044274934e-02	9.944560696209e-01	-9.174516715903e-02
-4.215216605444e-01	8.973704259059e-01	-1.305595971244e-01
-7.780925595772e-01	4.951050511498e-01	-3.865785263779e-01
-7.482286519723e-01	-1.955467541729e-02	-6.631526966220e-01
-5.997403792380e-01	-3.367437927085e-01	-7.258891758276e-01
-4.960109048728e-01	-5.221823043706e-01	-6.937570347387e-01
-5.246204333223e-01	-3.941468088383e-01	-7.546003538452e-01
-3.821663119643e-01	-7.795086665843e-02	-9.207999632856e-01
-9.735192343175e-02	7.569078769282e-02	-9.923676272746e-01
7.577989363501e-02	7.413412962489e-02	-9.943648920519e-01
3.774831728867e-01	-7.555082564470e-02	-9.229293184918e-01
4.948766256507e-01	-3.310658812969e-01	-8.034254835550e-01
4.494188670632e-01	-5.697351921924e-01	-6.880584951188e-01
5.719085029448e-01	-3.543639789063e-01	-7.398289225984e-01
7.454996838146e-01	2.755964949582e-02	-6.659359482352e-01
7.572159103140e-01	5.108071326493e-01	-4.070628187418e-01
4.318950855482e-01	8.862215163868e-01	-1.675650887636e-01
4.839247124174e-02	9.913392343822e-01	-1.220847701465e-01
-5.034079844516e-02	9.912322065113e-01	-1.221659395517e-01
-4.140699806960e-01	8.960563161687e-01	-1.600910033092e-01
-7.603959797185e-01	5.032078070194e-01	-4.105847744166e-01
-7.282448440901e-01	-1.064364312884e-02	-6.852343831982e-01
-5.792425463407e-01	-3.270976194504e-01	-7.466493285731e-01
-4.710904333687e-01	-5.206778887785e-01	-7.120170922988e-01
-4.983521914321e-01	-4.060318432108e-01	-7.660177775964e-01
-3.674263096388e-01	-1.043354582231e-01	-9.241818106534e-01
-9.988557332179e-02	4.324593776203e-02	-9.940586809184e-01
6.508689206915e-02	4.587611871349e-02	-9.968244971973e-01
3.534412017021e-01	-9.558335098006e-02	-9.305606589335e-01
4.680848638710e-01	-3.365777762855e-01	-8.170752478968e-01
4.270617035347e-01	-5.625381575233e-01	-7.079329930892e-01
5.556373859504e-01	-3.368817152101e-01	-7.601169681643e-01
7.276483883941e-01	4.493736919175e-02	-6.844767751485e-01
7.368702815269e-01	5.255997757336e-01	-4.251671012100e-01
4.225509642864e-01	8.847647108526e-01	-1.965759115726e-01
4.922393670437e-02	9.870744203632e-01	-1.525158769441e-01
-4.677990297457e-02	9.871911254988e-01	-1.525297427193e-01
-3.970034463631e-01	8.985370085920e-01	-1.871349987744e-01
-7.373718749679e-01	5.280067760681e-01	-4.212974749896e-01
-7.147558415443e-01	1.869934888141e-02	-6.991240385867e-01
-5.687043601320e-01	-2.985754380141e-01	-7.664385549942e-01
-4.548821847037e-01	-5.012543513138e-01	-7.360884955820e-01
-4.714258897678e-01	-4.074591591974e-01	-7.821346840812e-01
-3.424837145646e-01	-1.225163805789e-01	-9.315012838144e-01
-9.072734485084e-02	1.442382625463e-02	-9.957713101574e-01
6.444074773421e-02	1.463058710049e-02	-9.978142792888e-01
3.367211410539e-01	-1.208371647779e-01	-9.338186401951e-01
4.410299182680e-01	-3.455760210006e-01	-8.282933205706e-01
4.027352429372e-01	-5.575477709256e-01	-7.259096412311e-01
5.373811906319e-01	-3.210521114652e-01	-7.798378021607e-01
7.083955517355e-01	5.948386758930e-02	-7.033046365395e-01
7.163730174859e-01	5.380267275194e-01	-4.442262264803e-01
4.135292021731e-01	8.820899750718e-01	-2.256343830801e-01
5.023013303691e-02	9.818840616988e-01	-1.827036483406e-01
-4.444917453788e-02	9.821700272166e-01	-1.826644697808e-01
-3.890685066661e-01	8.953392394398e-01	-2.167794811323e-01
-7.173739491190e-01	5.388706339925e-01	-4.415801817857e-01
-6.946847096358e-01	3.163725799967e-02	-7.186182840037e-01
-5.484949838950e-01	-2.865533943364e-01	-7.855191944417e-01
-4.303839738156e-01	-4.959249459418e-01	-7.542069232481e-01
-4.441020642010e-01	-4.158645128414e-01	-7.936183361866e-01
-3.171945744444e-01	-1.401203194628e-01	-9.379519699946e-01
-8.013156833123e-02	-1.479612351387e-02	-9.966744736802e-01
6.525439724385e-02	-1.695550006523e-02	-9.977245986032e-01
3.210996937283e-01	-1.475969623886e-01	-9.354732082648e-01
4.140011341636e-01	-3.598137542636e-01	-8.361441999763e-01
3.752285501560e-01	-5.579390257064e-01	-7.402077942995e-01
5.147994602003e-01	-3.116915821085e-01	-7.986425191662e-01
6.869195079956e-01	6.889580869912e-02	-7.234604046379e-01
6.964621119467e-01	5.452237321417e-01	-4.665529000363e-01
4.070050770001e-01	8.769914509650e-01	-2.554072478033e-01
5.070961856683e-02	9.757977432238e-01	-2.127141248348e-01
-4.218329676182e-02	9.762374692947e-01	-2.125581638502e-01
-3.839054626209e-01	8.897410427661e-01	-2.469361710793e-01
-6.976572789496e-01	5.454552479104e-01	-4.644920813702e-01
-6.728823085010e-01	4.135845397921e-02	-7.385924973833e-01
-5.251738400762e-01	-2.786536480678e-01	-8.040799600277e-01
-4.039889879693e-01	-4.940267305546e-01	-7.698899188176e-01
-4.168679609500e-01	-4.266235672883e-01	-8.026290768267e-01
-2.967107400646e-01	-1.632751227005e-01	-9.409059310247e-01
-7.722832820903e-02	-4.515727534094e-02	-9.959902639112e-01
5.972533758398e-02	-4.769574482102e-02	-9.970747213607e-01
3.018543838629e-01	-1.707249403951e-01	-9.379429223945e-01
3.871021105102e-01	-3.795308509143e-01	-8.403024986532e-01
3.413041984731e-01	-5.676472034170e-01	-7.491916287289e-01
4.845031014456e-01	-3.142484376265e-01	-8.163973690177e-01
6.606927407402e-01	6.392647409078e-02	-7.479294807959e-01
6.786986089863e-01	5.387450358701e-01	-4.991212122174e-01
4.357042129252e-01	8.499456561092e-01	-2.962333885645e-01
1.063450764842e-01	9.635550754813e-01	-2.454635232001e-01

Hair-22
-9.848900991044e-02	9.951340494955e-01	-2.852798908043e-03
-4.764185414132e-01	8.777849969765e-01	-5.018836997401e-02
-8.316984692752e-01	4.483000307369e-01	-3.275740201032e-01
-7.954905335671e-01	-6.992131058824e-02	-6.019184507313e-01
-6.463808658949e-01	-3.828268823099e-01	-6.600267830822e-01
-5.558105841090e-01	-5.478525453078e-01	-6.252456982596e-01
-6.016719599833e-01	-3.789119545305e-01	-7.031476255266e-01
-4.452194022959e-01	-1.542621699055e-02	-8.952886214225e-01
-1.115598598914e-01	1.653291064879e-01	-9.799085080807e-01
9.611875495072e-02	1.637464089248e-01	-9.818086873271e-01
4.371119918227e-01	-1.056051589646e-02	-8.993450851085e-01
5.733686745144e-01	-3.151708174154e-01	-7.562510951631e-01
5.198849459646e-01	-5.777935994848e-01	-6.291853457876e-01
6.269266633959e-01	-3.885964013846e-01	-6.752449892848e-01
7.996440058956e-01	-7.640467666415e-03	-6.004257548515e-01
8.102186866043e-01	4.777238036418e-01	-3.395963004971e-01
4.567959822996e-01	8.860646233373e-01	-7.891079663264e-02
5.156521665372e-02	9.982003570934e-01	-3.061168943434e-02
-4.451213855713e-02	9.985437640353e-01	-3.047984296792e-02
-4.245094014947e-01	9.028626372455e-01	-6.805017493465e-02
-8.107607051896e-01	4.789706351723e-01	-3.365326277839e-01
-7.864451130830e-01	-3.615530553286e-02	-6.166010687549e-01
-6.415465711900e-01	-3.508375138003e-01	-6.821517689670e-01
-5.439574203688e-01	-5.242805457521e-01	-6.551642802928e-01
-5.758152120797e-01	-3.748580880561e-01	-7.265798341246e-01
-4.195343626451e-01	-3.157992627513e-02	-9.071899618142e-01
-1.048913850564e-01	1.359929604734e-01	-9.851414680352e-01
8.990382529406e-02	1.344420955463e-01	-9.868346493423e-01
4.161645826869e-01	-3.186402865521e-02	-9.087308313219e-01
5.481560222698e-01	-3.225551665984e-01	-7.716755404637e-01
4.979627020052e-01	-5.735806120450e-01	-6.504140442040e-01
6.112596410825e-01	-3.740623207896e-01	-6.974518129228e-01
7.832575486707e-01	7.304948202808e-03	-6.216544459603e-01
7.925333233676e-01	4.918723557029e-01	-3.604892745245e-01
4.450435762408e-01	8.890479460364e-01	-1.073776741009e-01
4.911386125247e-02	9.969181257014e-01	-6.117253698185e-02
-4.700984796799e-02	9.970269944619e-01	-6.105117941790e-02
-4.213039311035e-01	9.015254877263e-01	-9.876635366672e-02
-7.949888966601e-01	4.867095760571e-01	-3.620862366363e-01
-7.674333681745e-01	-2.852991383124e-02	-6.404936138862e-01
-6.209200500186e-01	-3.440831925227e-01	-7.043188540060e-01
-5.199062971328e-01	-5.242264303773e-01	-6.744509558860e-01
-5.506114650776e-01	-3.864772101708e-01	-7.399070080380e-01
-4.011815348726e-01	-5.483187537690e-02	-9.143559708997e-01
-1.011938558615e-01	1.058522384358e-01	-9.892194433764e-01
8.509994619954e-02	1.044059977673e-01	-9.908871715726e-01
3.982186387950e-01	-5.555160435238e-02	-9.156068670396e-01
5.223277846450e-01	-3.315063743357e-01	-7.856699110712e-01
4.735729569040e-01	-5.726128366686e-01	-6.692108739191e-01
5.920483838991e-01	-3.641185914348e-01	-7.189550490079e-01
7.646784157039e-01	1.732205295808e-02	-6.441792196570e-01
7.752673835252e-01	5.014728488637e-01	-3.840383651336e-01
4.350925301035e-01	8.899939646570e-01	-1.364010011778e-01
4.455925807676e-02	9.947933504726e-01	-9.165512738023e-02
-5.212085966910e-02	9.944181666552e-01	-9.173835519317e-02
-4.214182300638e-01	8.974512083925e-01	-1.303380371368e-01
-7.804270288015e-01	4.864576413532e-01	-3.928009876326e-01
-7.447316160930e-01	-2.935784662403e-02	-6.667180339792e-01
-5.945135204572e-01	-3.455848050296e-01	-7.260336194187e-01
-4.912492800029e-01	-5.313253037004e-01	-6.901938615667e-01
-5.250169720270e-01	-4.031427746035e-01	-7.495552563811e-01
-3.856842100945e-01	-8.101623091556e-02	-9.190669509954e-01
-9.927403720639e-02	7.511810128143e-02	-9.922207095181e-01
8.037554299419e-02	7.413423272158e-02	-9.940039676114e-01
3.811587816618e-01	-8.005588924945e-02	-9.210369361533e-01
4.960886502849e-01	-3.440436450297e-01	-7.972013681456e-01
4.439059509097e-01	-5.795441026951e-01	-6.834296889793e-01
5.665313577120e-01	-3.634603387612e-01	-7.395531102474e-01
7.422985335890e-01	1.708383940440e-02	-6.698514980672e-01
7.596253641026e-01	5.020425781149e-01	-4.134278122862e-01
4.331867325026e-01	8.855448493935e-01	-1.678081478841e-01
4.946125004925e-02	9.912743447850e-01	-1.221832972002e-01
-4.748639788738e-02	9.913902779606e-01	-1.220260577947e-01
-4.128595454726e-01	8.966785625452e-01	-1.597327492535e-01
-7.617553901849e-01	4.982911590832e-01	-4.140466716491e-01
-7.262758617808e-01	-1.592878744411e-02	-6.872187761733e-01
-5.761100231517e-01	-3.326237535005e-01	-7.466315556091e-01
-4.681255158967e-01	-5.259973911786e-01	-7.100600297438e-01
-4.987466834480e-01	-4.119504291738e-01	-7.625933317655e-01
-3.646525849373e-01	-1.024532260107e-01	-9.254900479090e-01
-9.455800085151e-02	4.492487817672e-02	-9.945051733379e-01
7.433378780114e-02	4.419630438978e-02	-9.962535694638e-01
3.600338481984e-01	-1.015459261853e-01	-9.273963839840e-01
4.690053481286e-01	-3.470893426617e-01	-8.121348235592e-01
4.227936491112e-01	-5.706610285386e-01	-7.039826139746e-01
5.513232608927e-01	-3.441293999127e-01	-7.600115907764e-01
7.254943575804e-01	3.734606415238e-02	-6.872140922677e-01
7.384693393597e-01	5.195637700898e-01	-4.297866024386e-01
4.218032275210e-01	8.852006566476e-01	-1.962188439560e-01
4.684213725370e-02	9.871919341609e-01	-1.525054074620e-01
-4.516012793796e-02	9.873017840925e-01	-1.523015100792e-01
-3.994139852773e-01	8.973438992297e-01	-1.877295791296e-01
-7.394566824936e-01	5.204507633263e-01	-4.270068122040e-01
-7.115886033296e-01	9.828658803384e-03	-7.025276201528e-01
-5.636073995030e-01	-3.080455246881e-01	-7.664559047624e-01
-4.504416439235e-01	-5.098788938184e-01	-7.328886948630e-01
-4.718269007632e-01	-4.140987538074e-01	-7.783968125650e-01
-3.399171351949e-01	-1.208024174738e-01	-9.326645255039e-01
-8.856312235101e-02	1.508657619421e-02	-9.959563085689e-01
6.810563470309e-02	1.435872061996e-02	-9.975747839956e-01
3.382962584038e-01	-1.229723570990e-01	-9.329702251088e-01
4.417597573748e-01	-3.521891492943e-01	-8.251127922190e-01
4.007183010014e-01	-5.615727012631e-01	-7.239205373787e-01
5.355666843298e-01	-3.244247901956e-01	-7.796902475615e-01
7.075043595012e-01	5.646222616452e-02	-7.044498550666e-01
7.169675901347e-01	5.355561366002e-01	-4.462478002705e-01
4.102795078617e-01	8.838719662621e-01	-2.245909007167e-01
4.522279307770e-02	9.821391225304e-01	-1.826407484145e-01
-4.567993762839e-02	9.821317124750e-01	-1.825668169441e-01
-3.911178383909e-01	8.943705535759e-01	-2.170901872236e-01
-7.191580341497e-01	5.321948758339e-01	-4.467441505540e-01
-6.921265865755e-01	2.419537544737e-02	-7.213704817653e-01
-5.438799597066e-01	-2.947918223080e-01	-7.856795599542e-01
-4.264756120755e-01	-5.041104961914e-01	-7.509934486628e-01
-4.446956597931e-01	-4.234640753653e-01	-7.892553116933e-01
-3.199866201286e-01	-1.435713129845e-01	-9.364805609443e-01
-8.596221098135e-02	-1.544066968166e-02	-9.961787409913e-01
6.174803344228e-02	-1.575014415123e-02	-9.979674911164e-01
3.190077278233e-01	-1.461555085568e-01	-9.364147782407e-01
4.144325962858e-01	-3.622176233647e-01	-8.348916195889e-01
3.747320558046e-01	-5.585807866854e-01	-7.399752638422e-01
5.148554360243e-01	-3.120329010080e-01	-7.984731358567e-01
6.867444117759e-01	6.821574417656e-02	-7.236910426011e-01
6.964078004260e-01	5.449123611249e-01	-4.669975312560e-01
3.997296524335e-01	8.809745282997e-01	-2.531799467819e-01
4.152715710089e-02	9.762624130107e-01	-2.125728020364e-01
-4.838594672046e-02	9.759203634842e-01	-2.126928402575e-01
-3.874749900865e-01	8.880199626467e-01	-2.475554038965e-01
-7.001412292991e-01	5.360838007014e-01	-4.716104511788e-01
-6.694326043696e-01	3.083403923715e-02	-7.422326119426e-01
-5.190659242733e-01	-2.887651370253e-01	-8.044782544588e-01
-3.981409472156e-01	-5.054656496665e-01	-7.654987022572e-01
-4.174241145865e-01	-4.391906964919e-01	-7.955304146773e-01
-3.042934713800e-01	-1.701651734656e-01	-9.372562600564e-01
-8.505289918938e-02	-4.651151262878e-02	-9.952902508979e-01
5.755825941684e-02	-4.615187314149e-02	-9.972748123654e-01
3.028215895633e-01	-1.721953817416e-01	-9.373621687487e-01
3.876478428170e-01	-3.832799949254e-01	-8.383469421721e-01
3.406857890921e-01	-5.698272241973e-01	-7.478169078553e-01
4.838419456064e-01	-3.152697275587e-01	-8.163957193401e-01
6.603787451186e-01	6.325245932051e-02	-7.482640171661e-01
6.793439028828e-01	5.367767404075e-01	-5.003624611954e-01
4.305660857560e-01	8.530536712212e-01	-2.948088869300e-01
1.024373397532e-01	9.639159164959e-01	-2.457085618169e-01

Hair-23
-1.304659217663e-01	9.914350477684e-01	-5.932058179323e-03
-5.012866262349e-01	8.633802833856e-01	-5.732542733469e-02
-8.358921015771e-01	4.262190270779e-01	-3.458637527665e-01
-7.855499969723e-01	-9.654228004364e-02	-6.112207378851e-01
-6.334977989791e-01	-4.052875982327e-01	-6.591073519598e-01
-5.478200048528e-01	-5.653496748428e-01	-6.166627825953e-01
-6.023022275869e-01	-3.890412928002e-01	-6.970501410517e-01
-4.471402606197e-01	-1.953304573479e-02	-8.942505507168e-01
-1.221540683516e-01	1.636294303453e-01	-9.789299224715e-01
7.999792478420e-02	1.662708299870e-01	-9.828297630443e-01
4.210957508464e-01	2.859166655734e-03	-9.070116833785e-01
5.734148082409e-01	-3.139078394413e-01	-7.567412543448e-01
5.175496938663e-01	-5.825735380978e-01	-6.266980030982e-01
6.220778562458e-01	-3.960248598760e-01	-6.754135408243e-01
7.972143380990e-01	-1.603672590738e-02	-6.034833241702e-01
8.123397138756e-01	4.699091086495e-01	-3.453832926891e-01
4.616861775215e-01	8.834061313628e-01	-8.024637409985e-02
4.879606087946e-02	9.983604089814e-01	-2.992387376618e-02
-4.836768781769e-02	9.983557912680e-01	-3.076167773114e-02
-4.319992297230e-01	8.990908622671e-01	-7.079750635795e-02
-8.129569694108e-01	4.714581874834e-01	-3.418013214447e-01
-7.830025002929e-01	-4.526002155375e-02	-6.203697405452e-01
-6.377539201438e-01	-3.581452375057e-01	-6.819104972012e-01
-5.416003849484e-01	-5.289990497990e-01	-6.533215351842e-01
-5.770549813507e-01	-3.754362968279e-01	-7.252965845242e-01
-4.077227365436e-01	-2.042320676666e-02	-9.128773536082e-01
-1.027335384684e-01	1.345216860575e-01	-9.855707666393e-01
7.258081878097e-02	1.342990114331e-01	-9.882792116974e-01
3.919234772528e-01	-8.092018681832e-03	-9.199622314050e-01
5.475637581919e-01	-3.105348156680e-01	-7.770084034119e-01
5.003239708663e-01	-5.687718850140e-01	-6.528203941317e-01
6.130266053730e-01	-3.711928021174e-01	-6.974340719818e-01
7.837406611658e-01	8.988811531280e-03	-6.210231696987e-01
7.920979522085e-01	4.935455889476e-01	-3.591567704185e-01
4.447739937583e-01	8.891693936834e-01	-1.074889939151e-01
4.436318747793e-02	9.971476117041e-01	-6.106183807884e-02
-5.069136324618e-02	9.968461546787e-01	-6.105841133316e-02
-4.314891697329e-01	8.963779355745e-01	-1.016055757249e-01
-7.964476974014e-01	4.812325671098e-01	-3.661779371520e-01
-7.652908159167e-01	-3.489163086760e-02	-6.427383146888e-01
-6.170329876418e-01	-3.506571372385e-01	-7.044926289647e-01
-5.165299143614e-01	-5.303047478693e-01	-6.722899091590e-01
-5.521684106013e-01	-3.937368886837e-01	-7.349022443997e-01
-3.976431817473e-01	-5.345953077585e-02	-9.159814291672e-01
-1.056276245723e-01	1.051488110879e-01	-9.888308917373e-01
7.693375736186e-02	1.058087150334e-01	-9.914059273583e-01
3.891720919761e-01	-4.932377333828e-02	-9.198435998639e-01
5.256206456681e-01	-3.363934290110e-01	-7.813849229193e-01
4.742052796473e-01	-5.707420664851e-01	-6.703602362155e-01
5.938700224268e-01	-3.615847809180e-01	-7.187314120527e-01
7.657280376868e-01	2.128182522112e-02	-6.428123024769e-01
7.743576872643e-01	5.047767196056e-01	-3.815372007012e-01
4.321048280671e-01	8.915043228159e-01	-1.360347748251e-01
3.732567413329e-02	9.950905790187e-01	-9.165987998392e-02
-5.879143464145e-02	9.940412380530e-01	-9.179098138039e-02
-4.328766986517e-01	8.915563931431e-01	-1.332102158623e-01
-7.823486759972e-01	4.785674698632e-01	-3.986273020681e-01
-7.418543562515e-01	-3.831429972205e-02	-6.694655544144e-01
-5.887880352828e-01	-3.558056196660e-01	-7.257623650493e-01
-4.826191251704e-01	-5.420785272599e-01	-6.879168920034e-01
-5.284980451990e-01	-4.191648549124e-01	-7.382348140172e-01
-3.926666410698e-01	-9.291892394413e-02	-9.149748535146e-01
-1.204058112016e-01	7.098932044088e-02	-9.901832946542e-01
5.628836734324e-02	7.921318976440e-02	-9.952672456527e-01
3.647652732924e-01	-6.678179774144e-02	-9.287015058082e-01
4.972048160612e-01	-3.329464304976e-01	-8.012078664769e-01
4.503722496443e-01	-5.672031918441e-01	-6.895254715471e-01
5.745398858969e-01	-3.503947483947e-01	-7.396806336595e-01
7.465604851407e-01	3.075816848514e-02	-6.646061819588e-01
7.567823857701e-01	5.133996560711e-01	-4.046000664042e-01
4.310404897839e-01	8.865903720998e-01	-1.678142075832e-01
4.343876625427e-02	9.915875616494e-01	-1.219310508794e-01
-5.156436125097e-02	9.912078725360e-01	-1.218526572190e-01
-4.178444067241e-01	8.941125472901e-01	-1.611483929422e-01
-7.615176782806e-01	4.997124518874e-01	-4.127690529761e-01
-7.273042768182e-01	-1.389876853944e-02	-6.861744043281e-01
-5.764010538528e-01	-3.323531295449e-01	-7.465274424957e-01
-4.659414610131e-01	-5.264107337634e-01	-7.111893519223e-01
-5.022666912389e-01	-4.170808827853e-01	-7.574771997143e-01
-3.620506214338e-01	-1.060954354058e-01	-9.261010237039e-01
-1.051035938803e-01	4.388842492732e-02	-9.934923455723e-01
5.766548875951e-02	4.619358786692e-02	-9.972666864215e-01
3.466981799370e-01	-8.936111339434e-02	-9.337103209461e-01
4.689816913052e-01	-3.402625009312e-01	-8.150322715577e-01
4.260996842199e-01	-5.640246266240e-01	-7.073296824461e-01
5.555182742731e-01	-3.379523403279e-01	-7.597286769732e-01
7.275284619331e-01	4.450179549916e-02	-6.846326951545e-01
7.369053299363e-01	5.249090323997e-01	-4.259589679966e-01
4.238090349670e-01	8.840110335097e-01	-1.972571786107e-01
4.242091389971e-02	9.873766277585e-01	-1.526036074938e-01
-4.863208064978e-02	9.871396054008e-01	-1.522836832390e-01
-4.048657144516e-01	8.946117904598e-01	-1.890859530265e-01
-7.398972206830e-01	5.189509257742e-01	-4.280677977420e-01
-7.107778283090e-01	7.409393803389e-03	-7.033775512965e-01
-5.625066385410e-01	-3.095647185186e-01	-7.666524418834e-01
-4.497244062072e-01	-5.110308823549e-01	-7.325267201551e-01
-4.720923102544e-01	-4.138693004692e-01	-7.783579207073e-01
-3.295791187283e-01	-1.114364284486e-01	-9.375284139229e-01
-8.332742326276e-02	1.466126927103e-02	-9.964143654704e-01
6.763270702027e-02	1.563504763695e-02	-9.975877716905e-01
3.324776674548e-01	-1.196958159997e-01	-9.354846403207e-01
4.433154975967e-01	-3.559850039565e-01	-8.226457600624e-01
3.991790155938e-01	-5.640407180560e-01	-7.228514244881e-01
5.343647802867e-01	-3.272418629044e-01	-7.793375679075e-01
7.067889488097e-01	5.405255535176e-02	-7.053564369171e-01
7.175511356045e-01	5.330641737376e-01	-4.482889185226e-01
4.178141507854e-01	8.796906006112e-01	-2.271030219960e-01
4.663894599313e-02	9.820453053892e-01	-1.827890228641e-01
-4.442820803215e-02	9.822047609612e-01	-1.824827166504e-01
-3.934410953957e-01	8.931319163275e-01	-2.179896430820e-01
-7.186258059271e-01	5.344598515877e-01	-4.448928164136e-01
-6.928087136925e-01	2.641918142997e-02	-7.206372964843e-01
-5.451792492216e-01	-2.924581055556e-01	-7.856512220528e-01
-4.279551090761e-01	-5.010831307704e-01	-7.521769211249e-01
-4.446803908399e-01	-4.198512608015e-01	-7.911916764008e-01
-3.062799229973e-01	-1.306757959218e-01	-9.429297137799e-01
-7.894513054206e-02	-1.482897981424e-02	-9.967686630916e-01
5.992555493038e-02	-1.526424567769e-02	-9.980861338934e-01
3.080354163529e-01	-1.392707183077e-01	-9.411258413700e-01
4.167022486723e-01	-3.691188779773e-01	-8.307288907172e-01
3.677519440725e-01	-5.709390803975e-01	-7.340211673417e-01
5.064468051803e-01	-3.261224003555e-01	-7.982204040921e-01
6.825165610026e-01	5.369630277886e-02	-7.288949519821e-01
6.998703243423e-01	5.322913876408e-01	-4.762850068482e-01
4.132164710817e-01	8.735229640555e-01	-2.573126100574e-01
5.246276347032e-02	9.757185882193e-01	-2.126520516064e-01
-3.886188776941e-02	9.764844393303e-01	-2.120563449291e-01
-3.863169420777e-01	8.885502384723e-01	-2.474625102405e-01
-7.002818603644e-01	5.355237053376e-01	-4.720377919893e-01
-6.690325244338e-01	2.960516467929e-02	-7.426432625925e-01
-5.183225276831e-01	-2.902144252285e-01	-8.044360413889e-01
-3.965478506133e-01	-5.068548923499e-01	-7.654070291518e-01
-4.185510865330e-01	-4.395662403028e-01	-7.947304627030e-01
-2.926188023472e-01	-1.611868727068e-01	-9.425460352576e-01
-7.937719895119e-02	-4.552456590096e-02	-9.958045863452e-01
5.568251723248e-02	-4.577235370731e-02	-9.973987913121e-01
2.972169361670e-01	-1.687147035757e-01	-9.397858488256e-01
3.878124249223e-01	-3.816949345809e-01	-8.389937425221e-01
3.393778839458e-01	-5.741298552208e-01	-7.451158039074e-01
4.795260456703e-01	-3.224392606302e-01	-8.161419574609e-01
6.578205767240e-01	5.469420990108e-02	-7.511861501930e-01
6.798868987245e-01	5.309361691603e-01	-5.058266394924e-01
4.438815801772e-01	8.449156974459e-01	-2.984737961513e-01
1.067590317566e-01	9.625752658979e-01	-2.491011172596e-01

Hair-24
-3.081610737382e-02	9.995243304636e-01	-1.216691252823e-03
-7.883016781541e-03	9.999689166854e-01	1.539785420522e-04
-2.835487064781e-02	9.995979191158e-01	-3.754833224462e-05
-4.820322113928e-03	9.999883795937e-01	7.191894312752e-05
-2.461943802349e-02	9.996968723849e-01	2.159055209751e-04
-6.973142079004e-04	9.999997551449e-01	5.884748378421e-05
-2.143804579476e-02	9.997701735496e-01	-1.013559802666e-04
1.845877190388e-03	9.999982911997e-01	1.016612884986e-04
-1.919703646325e-02	9.998157189607e-01	-4.370390781769e-05
4.406802502702e-03	9.999902871537e-01	7.543182701553e-05
-1.586722475853e-02	9.998741070103e-01	3.617857006299e-05
7.340665332256e-03	9.999730555875e-01	5.226346110820e-05
-1.408554187080e-02	9.999007911758e-01	7.291259080684e-05
7.980251741026e-03	9.999681542186e-01	7.829928920403e-05
-1.415366346277e-02	9.998998255131e-01	1.129137784208e-04

Hair-25
9.994048027478e-01	-3.449685548012e-02	8.489192661248e-05
9.994735803546e-01	-3.244233940147e-02	2.383007656033e-04
9.995523920428e-01	-2.991619454930e-02	1.920033360674e-04
9.995253735705e-01	-3.080381477347e-02	3.906201336726e-04
9.994995960680e-01	-3.163045853979e-02	2.674929413755e-04
9.994562522281e-01	-3.296761588629e-02	5.798146042101e-04
9.993943020574e-01	-3.479978553313e-02	6.278595821707e-05

Hair-26
9.993265947103e-01	3.669230785028e-02	-1.779025224799e-04
9.994096530108e-01	3.435515695245e-02	-2.620298219569e-04
9.994921294577e-01	3.186664615992e-02	3.814792962908e-06
9.995441394641e-01	3.018935732062e-02	-3.405400558546e-04
9.995926779445e-01	2.853893118176e-02	-8.721717497845e-05
9.996133008993e-01	2.779752098087e-02	-7.392513925681e-04
9.996376089854e-01	2.691305052793e-02	-5.817330220779e-04

