Hair-0
-1.849956709417e-02	4.989809871927e-01	8.664154548699e-01
-1.506107035057e-02	5.603534208441e-01	8.281166632234e-01
-5.059921949256e-02	4.603323480122e-01	8.863034741895e-01
1.155654694607e-02	4.838103996431e-01	8.750965337720e-01
7.910254295523e-03	4.849250290674e-01	8.745199506363e-01
-3.403872291053e-02	5.079259508020e-01	8.607279441522e-01
3.508060292191e-02	5.586051187232e-01	8.286915425144e-01
9.178463236588e-02	5.558521059252e-01	8.261985340098e-01

Hair-1
5.204800380466e-02	5.308860870375e-01	-8.458433471335e-01
-3.887912120754e-02	7.670373901742e-01	-6.404233412430e-01
-4.559823573592e-02	5.907741886710e-01	-8.055474280872e-01
-2.670261753022e-02	5.444192937245e-01	-8.383880979818e-01
4.202181565981e-02	5.499373865765e-01	-8.341480910810e-01
1.583731712146e-02	5.758707181635e-01	-8.173873594253e-01
3.562700789035e-02	7.634587997988e-01	-6.448731482381e-01
-3.362974146349e-02	5.332528301675e-01	-8.452872053968e-01

Hair-2
-2.473594903015e-02	4.921481029577e-01	8.701599724078e-01
-6.818144961916e-03	6.340342269687e-01	7.732749264857e-01
2.539456519858e-02	5.076227165886e-01	8.612051402898e-01
1.851521433533e-02	4.835620413915e-01	8.751142433782e-01
8.677102850184e-05	4.851853910375e-01	8.744113041324e-01
-1.384723257965e-02	4.997407834177e-01	8.660643183615e-01
2.776997293870e-02	5.563955685447e-01	8.304533700978e-01
9.568448385080e-02	5.689880175598e-01	8.167601333461e-01

Hair-3
4.037636808661e-02	5.343104743414e-01	-8.443234367878e-01
-2.517509036531e-02	7.682248525048e-01	-6.396849152661e-01
-4.679743808344e-02	5.931269409561e-01	-8.037477413349e-01
-6.009864870214e-02	5.498994438666e-01	-8.330658761823e-01
3.393288507182e-02	5.471895542429e-01	-8.363206030214e-01
5.518129828720e-03	5.745563407001e-01	-8.184464317257e-01
4.857243981511e-02	7.590278123002e-01	-6.492437895315e-01
-4.040863607564e-02	5.333891162205e-01	-8.449042506864e-01

Hair-4
-2.501242366826e-02	4.916500934106e-01	8.704335496243e-01
-7.406100746625e-03	6.344914297818e-01	7.728944140082e-01
1.640576380394e-02	5.035984088076e-01	8.637820868486e-01
1.438337427644e-02	4.829741118181e-01	8.755164909115e-01
-3.544166724420e-03	4.848367174959e-01	8.745975052846e-01
-1.883327603940e-02	5.035972798268e-01	8.637332270236e-01
2.777771315302e-02	5.577752015584e-01	8.295271081637e-01
9.591731531287e-02	5.694085832879e-01	8.164396694804e-01

Hair-5
5.226228987310e-02	5.115585564811e-01	-8.576575635696e-01
-4.303040484546e-02	7.452394513208e-01	-6.654070517014e-01
-3.510186610127e-02	5.907860790682e-01	-8.060643074690e-01
-3.720397163973e-02	5.442177402854e-01	-8.381186763537e-01
2.149217886574e-02	5.442861062731e-01	-8.386243025131e-01
4.606594209779e-03	5.772287951731e-01	-8.165694687611e-01
5.630009120237e-02	7.303124894675e-01	-6.807892239587e-01
-5.538940947624e-02	5.067318038999e-01	-8.603225512761e-01

Hair-6
-2.548432887749e-02	4.855712583077e-01	8.738255558675e-01
-1.077086461886e-02	6.311301062906e-01	7.756022030712e-01
7.335777462265e-03	4.972297189506e-01	8.675879165603e-01
2.376527095802e-02	4.845107101091e-01	8.744624541316e-01
-8.489945634921e-03	4.859832068470e-01	8.739269096932e-01
-1.121325318034e-02	5.001098130309e-01	8.658893912408e-01
2.647628824397e-02	5.534408685621e-01	8.324675436112e-01
9.979927184612e-02	5.699608047431e-01	8.155886134539e-01

Hair-7
6.066429406712e-02	5.052621559059e-01	-8.608309922596e-01
-4.788040479134e-02	7.331106327287e-01	-6.784218945591e-01
-2.486168199708e-02	5.892881396101e-01	-8.075403304375e-01
-8.352053492295e-03	5.402938589978e-01	-8.414349583490e-01
2.035334816795e-02	5.426132306022e-01	-8.397360437625e-01
1.053599721191e-02	5.788101678746e-01	-8.153942496288e-01
5.423204771381e-02	7.290357486159e-01	-6.823237957457e-01
-5.201642949776e-02	5.026386614468e-01	-8.629302793861e-01

Hair-8
-2.178853158114e-02	4.848764924400e-01	8.743111842877e-01
-1.505689084595e-02	6.313271920999e-01	7.753704060340e-01
2.290595268938e-03	4.925329471652e-01	8.702907842383e-01
2.637286802492e-02	4.857949089812e-01	8.736748698687e-01
-8.118094386316e-04	4.847504067686e-01	8.746521503450e-01
-1.191911469905e-02	5.021619161003e-01	8.646914737195e-01
3.128181082412e-02	5.574883320248e-01	8.295952072956e-01
1.008176888048e-01	5.714082629455e-01	8.144497471678e-01

Hair-9
5.477990866671e-02	5.262260375739e-01	-8.485784106290e-01
-5.088535790180e-02	7.540262872411e-01	-6.548702455453e-01
-3.683801990888e-02	5.960420417180e-01	-8.021077513613e-01
-4.415228308284e-02	5.479052495121e-01	-8.353744151311e-01
3.863684495794e-02	5.462954597281e-01	-8.367009411326e-01
1.766591723525e-02	5.837167780826e-01	-8.117651374339e-01
3.890143938108e-02	7.591145031875e-01	-6.497936973105e-01
-3.392854636608e-02	5.277544352748e-01	-8.487190994606e-01

Hair-10
-2.436841717172e-02	4.846228616550e-01	8.743837042202e-01
-1.937511025272e-02	6.312352673320e-01	7.753493679490e-01
8.224065245026e-03	4.975895680237e-01	8.673736141622e-01
2.698171530121e-02	4.864401433905e-01	8.732971853485e-01
6.573521931322e-03	4.834565080792e-01	8.753437002717e-01
-1.995682202908e-02	5.032478505885e-01	8.639116425495e-01
2.491261082918e-02	5.483407299204e-01	8.358838470338e-01
9.712506324482e-02	5.725822729773e-01	8.140738681237e-01

Hair-11
3.461136950386e-02	5.253781751888e-01	-8.501645876749e-01
-3.369974441963e-02	7.578223916085e-01	-6.515900168072e-01
-3.585998897576e-02	5.929948895452e-01	-8.044073111080e-01
-5.616286517887e-02	5.494103384297e-01	-8.336630090159e-01
3.189352969492e-02	5.460757176688e-01	-8.371284927275e-01
1.487819256051e-02	5.830773653491e-01	-8.122803859528e-01
4.437254058516e-02	7.538217760888e-01	-6.555789864969e-01
-4.499421501266e-02	5.286409362406e-01	-8.476522170950e-01

Hair-12
-2.336487885441e-02	4.868332083155e-01	8.731824034630e-01
-1.522664652048e-02	6.322757612029e-01	7.745937716190e-01
1.232465091107e-02	5.020780983699e-01	8.647344598876e-01
1.625473960238e-02	4.838761963126e-01	8.749854913554e-01
-6.497895942676e-03	4.846329084339e-01	8.746935014113e-01
-1.875734208844e-02	4.990653672150e-01	8.663613110962e-01
2.271081710335e-02	5.569952692025e-01	8.302050884405e-01
9.605361557347e-02	5.703694253557e-01	8.157526718036e-01

Hair-13
2.848495856260e-02	5.185361611760e-01	-8.545811001236e-01
-3.364474461796e-02	7.472917162734e-01	-6.636438216006e-01
-2.490235736254e-02	5.814792265187e-01	-8.131800426258e-01
-3.575620549291e-02	5.449450629254e-01	-8.377090020777e-01
9.730085433064e-03	5.412557832582e-01	-8.408017022622e-01
1.314298175253e-02	5.821839707432e-01	-8.129508510607e-01
4.565156080696e-02	7.483674932259e-01	-6.617114401902e-01
-5.812995610195e-02	5.084962427117e-01	-8.590998075612e-01

Hair-14
-2.201311559185e-02	4.867438463372e-01	8.732673421094e-01
-1.971667387653e-02	6.334065203229e-01	7.735679884688e-01
6.262565526453e-02	5.404458585621e-01	8.390448744053e-01
8.306264991181e-02	4.926523091339e-01	8.662530222139e-01
7.212673767690e-02	4.756651648502e-01	8.766643511973e-01
7.657590067130e-02	4.761841847576e-01	8.760049963460e-01
1.631275269711e-01	4.405836653750e-01	8.827657921267e-01
1.147836707810e-01	4.867025572765e-01	8.659938392752e-01

Hair-15
2.564391736425e-02	4.336784818236e-01	-9.007027056168e-01
-1.955388288456e-02	6.733556906235e-01	-7.390600513957e-01
2.038486253569e-02	5.832743965039e-01	-8.120193567658e-01
-3.263152307592e-02	5.526621514320e-01	-8.327663118044e-01

Hair-16
-8.123677605850e-02	9.966887380026e-01	-3.485075946487e-03
-4.764561286977e-01	8.779549472109e-01	-4.674043318488e-02
-8.163535641632e-01	5.238462471971e-01	-2.432117751580e-01
-8.345170350822e-01	1.363587289516e-02	-5.508133813989e-01

Hair-17
-6.368817205096e-02	9.979608571087e-01	4.236085410212e-03
-4.865536181808e-01	8.721117101000e-01	-5.183378957489e-02
-8.287917146965e-01	4.445544232147e-01	-3.398170955834e-01
-7.913970617168e-01	-8.782675404550e-02	-6.049604548893e-01
-6.363780970745e-01	-4.045284873879e-01	-6.567949607415e-01
-5.414045198808e-01	-5.777126004744e-01	-6.108431035101e-01
-6.066457909631e-01	-4.234994067903e-01	-6.727771821004e-01
-4.809012126790e-01	-3.298683153358e-02	-8.761540347389e-01
-1.316153624282e-01	1.570807233888e-01	-9.787762986058e-01
1.066471307653e-01	1.559486195406e-01	-9.819910475982e-01
4.651603877614e-01	-2.522654161387e-02	-8.848669025655e-01
5.775212622538e-01	-3.452854085964e-01	-7.397615685173e-01
5.165803723426e-01	-5.806195545413e-01	-6.293056902608e-01
6.280558185791e-01	-3.884099735330e-01	-6.743022921576e-01
8.006880624454e-01	-2.714584277738e-03	-5.990753355712e-01
8.089180205996e-01	4.824587347983e-01	-3.359839358751e-01
4.466943025354e-01	8.916914072871e-01	-7.314802972505e-02
5.697820481410e-02	9.979209588229e-01	-3.012049332471e-02
-1.968965332045e-02	9.993719139162e-01	-2.946345579905e-02
-3.868410562275e-01	9.203932199985e-01	-5.683588477032e-02
-8.058183112875e-01	4.980919233223e-01	-3.202519088388e-01
-7.931175606331e-01	-1.668524476885e-02	-6.088399934486e-01
-6.502477535610e-01	-3.353155672998e-01	-6.817193919167e-01
-5.467989823912e-01	-5.171133417885e-01	-6.584866472453e-01
-5.783601998191e-01	-3.917903735021e-01	-7.155416008146e-01
-4.496768833627e-01	-4.626708438843e-02	-8.919921846470e-01
-1.192796647473e-01	1.320489029280e-01	-9.840403695039e-01
9.822445818976e-02	1.272084016200e-01	-9.870004956284e-01
4.417008326424e-01	-4.584362535360e-02	-8.959903662749e-01
5.508811536192e-01	-3.496889657969e-01	-7.577912521183e-01
4.919265866991e-01	-5.817782156963e-01	-6.477208820471e-01
6.082415520029e-01	-3.812916515347e-01	-6.961744687125e-01
7.821679062183e-01	4.041309901831e-03	-6.230545997714e-01
7.929852632062e-01	4.899077319755e-01	-3.621667937406e-01
4.411212750409e-01	8.913817342636e-01	-1.041663310648e-01
6.598170837806e-02	9.959057434765e-01	-6.179129606993e-02
-1.462909876658e-02	9.981142707711e-01	-5.961452803130e-02
-3.764521064327e-01	9.226832259194e-01	-8.330351834987e-02
-7.866425510294e-01	5.160560087840e-01	-3.389390693146e-01
-7.772874511604e-01	3.249458429471e-03	-6.291372340662e-01
-6.357657449108e-01	-3.167733812645e-01	-7.038867398383e-01
-5.291045098049e-01	-5.051905446396e-01	-6.817851064015e-01
-5.515683671696e-01	-3.917768551496e-01	-7.363988267963e-01
-4.196590157648e-01	-6.461203613949e-02	-9.053792549386e-01
-1.014497414518e-01	1.052136914023e-01	-9.892613553055e-01
9.832831719946e-02	9.876326674398e-02	-9.902410611456e-01
4.263990592973e-01	-7.205566891414e-02	-9.016605918014e-01
5.246657154174e-01	-3.588197413780e-01	-7.719937048078e-01
4.660134127573e-01	-5.823286827704e-01	-6.661267179398e-01
5.876424706074e-01	-3.733229508127e-01	-7.178483831109e-01
7.631871387880e-01	1.190797000555e-02	-6.460677916744e-01
7.762763205411e-01	4.975833798865e-01	-3.870476123526e-01
4.338162930865e-01	8.907604128408e-01	-1.354596278173e-01
6.701847527479e-02	9.934364009240e-01	-9.269650096471e-02
-1.781134698411e-02	9.957938008780e-01	-8.987470195535e-02
-3.745272389363e-01	9.205002560620e-01	-1.113940118881e-01
-7.693480743120e-01	5.242734697502e-01	-3.650217383506e-01
-7.574642532138e-01	1.151925159214e-02	-6.527750086714e-01
-6.144769131004e-01	-3.093679528104e-01	-7.257476097380e-01
-5.062120039243e-01	-5.030185345724e-01	-7.005153538357e-01
-5.246758104792e-01	-3.997301536850e-01	-7.516189846811e-01
-3.960120872560e-01	-8.631092577489e-02	-9.141798788198e-01
-9.652578833490e-02	7.532347027145e-02	-9.924762702516e-01
9.090901510855e-02	7.031408619271e-02	-9.933737867766e-01
4.018294985402e-01	-9.237834029773e-02	-9.110429717345e-01
4.963749462113e-01	-3.585751625967e-01	-7.905920348337e-01
4.443564776980e-01	-5.775370697442e-01	-6.848344718245e-01
5.696458027490e-01	-3.581785703476e-01	-7.397376367025e-01
7.449430383645e-01	2.663110655977e-02	-6.665963199385e-01
7.569696963184e-01	5.110536902220e-01	-4.072112529954e-01
4.181841797394e-01	8.942005669233e-01	-1.597727696756e-01
5.526618262849e-02	9.909515579346e-01	-1.223137722611e-01
-2.935244203494e-02	9.922597016493e-01	-1.206611728327e-01
-3.840951338335e-01	9.111633125546e-01	-1.491722025711e-01
-7.549029546588e-01	5.223795237437e-01	-3.965364576186e-01
-7.346243243600e-01	9.579871108673e-03	-6.784064623278e-01
-5.878060381202e-01	-3.117042340195e-01	-7.465417148718e-01
-4.770897415380e-01	-5.101127118831e-01	-7.156608133008e-01
-4.986709763062e-01	-4.181543861170e-01	-7.592589589600e-01
-3.767217796692e-01	-1.095158437158e-01	-9.198298650827e-01
-9.398056271090e-02	4.500791095485e-02	-9.945561531578e-01
8.220585283279e-02	4.042916892987e-02	-9.957949990132e-01
3.781937772347e-01	-1.109457833322e-01	-9.190541333467e-01
4.692297666674e-01	-3.516059762219e-01	-8.100596666655e-01
4.347345594796e-01	-5.503039340905e-01	-7.128614472101e-01
5.648903922316e-01	-3.178408203571e-01	-7.614959341186e-01
7.330144549408e-01	6.861575977657e-02	-6.767434420504e-01
7.312508303559e-01	5.460530225573e-01	-4.087766133964e-01
3.855748952143e-01	9.051687552732e-01	-1.788896996967e-01
3.196373768348e-02	9.878529003970e-01	-1.520689536049e-01
-5.293574916327e-02	9.868304355787e-01	-1.528512279184e-01
-3.900215794738e-01	9.020145414629e-01	-1.850754833421e-01
-7.381342782653e-01	5.256118963966e-01	-4.229538055345e-01
-7.133345732987e-01	1.526202916393e-02	-7.006574462621e-01
-5.652843450437e-01	-3.063759866782e-01	-7.658899163950e-01
-4.487169946900e-01	-5.127443239903e-01	-7.319469358445e-01
-4.729608032207e-01	-4.356902641423e-01	-7.658211751763e-01
-3.614076644728e-01	-1.342938750382e-01	-9.226861086998e-01
-9.172381905735e-02	1.300562283298e-02	-9.956995504630e-01
7.451250560519e-02	1.134876786324e-02	-9.971555003992e-01
3.596639294274e-01	-1.337292767030e-01	-9.234491531326e-01
4.433103845596e-01	-3.631988057514e-01	-8.194891887281e-01
4.043342416928e-01	-5.541927414411e-01	-7.275879509233e-01
5.410668588161e-01	-3.141542628055e-01	-7.800985536790e-01
7.113406250286e-01	7.148529643699e-02	-6.992026655965e-01
7.137544380296e-01	5.490969707854e-01	-4.347954908543e-01
3.762870409742e-01	9.024908140797e-01	-2.095671570084e-01
2.816471422169e-02	9.828482503289e-01	-1.822527522378e-01
-5.109046383446e-02	9.818258136874e-01	-1.827781061348e-01
-3.851340614676e-01	8.974107210625e-01	-2.152341804165e-01
-7.198018718016e-01	5.297355639774e-01	-4.486262337497e-01
-6.908745069359e-01	2.009160205656e-02	-7.226954705773e-01
-5.415369133355e-01	-3.013612624141e-01	-7.848051739198e-01
-4.201821448365e-01	-5.146433723538e-01	-7.473882287359e-01
-4.456226485164e-01	-4.494638962329e-01	-7.742109926321e-01
-3.416953951066e-01	-1.567723415164e-01	-9.266426980765e-01
-8.742906311143e-02	-1.894883624029e-02	-9.959905122684e-01
7.316371626458e-02	-1.848920235996e-02	-9.971485446103e-01
3.436675507598e-01	-1.572198861214e-01	-9.258372005718e-01
4.170236237904e-01	-3.782809603580e-01	-8.264350018189e-01
3.735304827987e-01	-5.586579735608e-01	-7.405243054736e-01
5.165029264976e-01	-3.114780681277e-01	-7.976253130354e-01
6.889066701724e-01	7.480527397249e-02	-7.209797297968e-01
6.953707828544e-01	5.511268844843e-01	-4.612143011130e-01
3.656059482080e-01	8.994747824036e-01	-2.393269864744e-01
1.660186597022e-02	9.772582070190e-01	-2.114019272860e-01
-5.628273881666e-02	9.754082249106e-01	-2.130986815728e-01
-3.818283166006e-01	8.910802096978e-01	-2.453226376162e-01
-7.007388012893e-01	5.340261030289e-01	-4.730552331931e-01
-6.686581925492e-01	2.677733124221e-02	-7.430876099548e-01
-5.179593526196e-01	-2.923203933108e-01	-8.039072687124e-01
-3.920459918126e-01	-5.142275123329e-01	-7.628040415884e-01
-4.181934611347e-01	-4.664787732187e-01	-7.794304222960e-01
-3.251954993867e-01	-1.823964613410e-01	-9.278897661193e-01
-7.915501566180e-02	-5.022419842364e-02	-9.955963104533e-01
8.040104015971e-02	-5.260209557171e-02	-9.953736445590e-01
3.438178201014e-01	-1.874094561776e-01	-9.201450985122e-01
3.968898502953e-01	-4.308719756169e-01	-8.104491269417e-01
3.256761752373e-01	-5.940174445846e-01	-7.355802501509e-01
4.760805444679e-01	-3.375966671268e-01	-8.120195844461e-01
6.573027148186e-01	4.491440994974e-02	-7.522870707855e-01
6.753034631756e-01	5.301287811923e-01	-5.127657437608e-01
4.385523581083e-01	8.491231566501e-01	-2.943835831669e-01
1.119752160833e-01	9.604440059600e-01	-2.549683556810e-01

Hair-18
6.252713365159e-02	9.944090678894e-01	8.509384969931e-02
-4.911777070887e-01	8.696262569832e-01	-4.994630341055e-02
-8.237713929942e-01	4.765337168234e-01	-3.071096039117e-01
-8.072778221291e-01	-3.840972615758e-02	-5.889203773304e-01
-6.615474497425e-01	-3.601520526366e-01	-6.577579119409e-01
-5.602408996475e-01	-5.415388610453e-01	-6.267900735812e-01
-6.093909506509e-01	-4.040671512102e-01	-6.821820919503e-01
-4.668562052916e-01	-1.978421448947e-02	-8.841119094536e-01
-1.248643580463e-01	1.588379617233e-01	-9.793770438423e-01
1.310956675346e-01	1.542720291460e-01	-9.792926360271e-01
4.786983939450e-01	-4.151514350047e-02	-8.769973434935e-01
5.766197113192e-01	-3.599689854152e-01	-7.334385032552e-01
5.238734131085e-01	-5.788958594772e-01	-6.248489664857e-01
6.295123221272e-01	-3.842751143497e-01	-6.753124260529e-01
8.002278929456e-01	-2.209693885454e-03	-5.996919514258e-01
8.078573447957e-01	4.839162071566e-01	-3.364396155490e-01
4.374582463475e-01	8.966545637048e-01	-6.812397588176e-02
2.594456045825e-02	9.993814634182e-01	-2.373963686876e-02
-1.499973622438e-02	9.994786626105e-01	-2.859039872863e-02
-4.014654891058e-01	9.138207222821e-01	-6.129558373053e-02
-8.076036072103e-01	4.898017590411e-01	-3.284366764861e-01
-7.909307620120e-01	-2.492842926660e-02	-6.113976636507e-01
-6.469625698364e-01	-3.412041946198e-01	-6.819231120915e-01
-5.412856821678e-01	-5.242740852675e-01	-6.573785011674e-01
-5.798874794342e-01	-4.111296990251e-01	-7.033511795505e-01
-4.548335281369e-01	-4.844365952190e-02	-8.892579341983e-01
-1.229577553233e-01	1.301080394576e-01	-9.838461711438e-01
1.149098158586e-01	1.283718468439e-01	-9.850463964490e-01
4.573770006839e-01	-5.713840215760e-02	-8.874353397540e-01
5.535501310774e-01	-3.714438901739e-01	-7.453936468985e-01
4.895561361062e-01	-5.863129515691e-01	-6.454238238731e-01
6.036761235408e-01	-3.871795989033e-01	-6.968981963385e-01
7.808384781570e-01	-2.056238244428e-03	-6.247295758276e-01
7.947276981663e-01	4.844065284837e-01	-3.657296828665e-01
4.392841245732e-01	8.922842026549e-01	-1.042034528716e-01
3.404510028573e-02	9.977361759939e-01	-5.799529515097e-02
-1.403188423187e-02	9.982403541550e-01	-5.761338005450e-02
-3.946907262589e-01	9.144378911042e-01	-8.956882224388e-02
-7.917296976987e-01	4.985851902359e-01	-3.529545209504e-01
-7.718701018050e-01	-1.669905742947e-02	-6.355609234531e-01
-6.255396461513e-01	-3.358752398123e-01	-7.041931371250e-01
-5.184001265730e-01	-5.235886598294e-01	-6.761037080708e-01
-5.548053425594e-01	-4.219006840996e-01	-7.170710178384e-01
-4.355716961256e-01	-7.284349948091e-02	-8.972018290873e-01
-1.158110732331e-01	1.018092928848e-01	-9.880398085092e-01
1.094711787878e-01	9.714592693884e-02	-9.892313833952e-01
4.411689672994e-01	-8.018447422235e-02	-8.938346560666e-01
5.275876985307e-01	-3.863419045477e-01	-7.565653660786e-01
4.586904342196e-01	-5.942768814374e-01	-6.606345992638e-01
5.793382150002e-01	-3.873578371556e-01	-7.171618636225e-01
7.595882462169e-01	-2.327979260472e-03	-6.504000897307e-01
7.797324768588e-01	4.857945085066e-01	-3.949948860890e-01
4.368274910439e-01	8.890964163804e-01	-1.367088345641e-01
3.510552638139e-02	9.953405674086e-01	-8.980399149357e-02
-1.735717842273e-02	9.959751756019e-01	-8.793280356072e-02
-3.921942814538e-01	9.122289310468e-01	-1.184146230675e-01
-7.761636275709e-01	5.016491250460e-01	-3.819923802597e-01
-7.497055510839e-01	-1.525018756593e-02	-6.615958119980e-01
-6.003262758723e-01	-3.360812967621e-01	-7.257118742752e-01
-4.919018423747e-01	-5.292858165819e-01	-6.912952349276e-01
-5.281064342956e-01	-4.352039762456e-01	-7.291783685187e-01
-4.160768999645e-01	-9.803938411276e-02	-9.040289223685e-01
-1.084839296637e-01	7.332947004295e-02	-9.913899464025e-01
1.024072850926e-01	6.775876059007e-02	-9.924321127026e-01
4.200919277826e-01	-1.037223687827e-01	-9.015344931981e-01
4.996900833178e-01	-3.965818968506e-01	-7.700861118889e-01
4.331436542782e-01	-5.960227539319e-01	-6.761238433556e-01
5.583271980164e-01	-3.777682690314e-01	-7.386216046584e-01
7.397177464123e-01	7.375326645336e-03	-6.728768536661e-01
7.616219551943e-01	4.951639094243e-01	-4.180247602352e-01
4.257838995273e-01	8.898821202252e-01	-1.637616652540e-01
3.219554265901e-02	9.923680812427e-01	-1.190337698449e-01
-2.552899323532e-02	9.925435506720e-01	-1.191871239851e-01
-3.974184918251e-01	9.046613561400e-01	-1.537737723487e-01
-7.622185024310e-01	4.973393405426e-01	-4.143386717415e-01
-7.250951970900e-01	-2.058917632905e-02	-6.883407884000e-01
-5.716237857995e-01	-3.411524584122e-01	-7.462313633369e-01
-4.601004118880e-01	-5.397806421033e-01	-7.049428837793e-01
-5.004355683170e-01	-4.533507587816e-01	-7.375888634432e-01
-3.957909015550e-01	-1.223826883668e-01	-9.101494601627e-01
-1.014072303243e-01	4.253190393598e-02	-9.939354158020e-01
9.770385531957e-02	3.833317075691e-02	-9.944770106319e-01
4.001626626811e-01	-1.219480635263e-01	-9.082942877714e-01
4.757726037452e-01	-3.953856060689e-01	-7.856911938154e-01
4.180697431140e-01	-5.775000954153e-01	-7.012213129162e-01
5.485954831676e-01	-3.503291566275e-01	-7.591524733970e-01
7.259618232148e-01	3.676864408230e-02	-6.867514092064e-01
7.386783772680e-01	5.199993830725e-01	-4.288996346010e-01
4.036944421658e-01	8.952811362228e-01	-1.884210298458e-01
2.148125448097e-02	9.886347536822e-01	-1.487947563515e-01
-3.115751541886e-02	9.881717843015e-01	-1.501523690897e-01
-3.921305651734e-01	9.011119772551e-01	-1.850157406929e-01
-7.432961422194e-01	5.076057128252e-01	-4.357146833295e-01
-7.063687174059e-01	-7.483255396013e-03	-7.078045181821e-01
-5.529635890756e-01	-3.288015756975e-01	-7.655852617282e-01
-4.369461932761e-01	-5.332048576761e-01	-7.244105216879e-01
-4.751078878565e-01	-4.640167626382e-01	-7.476369031069e-01
-3.757107986343e-01	-1.432041128736e-01	-9.156057982809e-01
-9.471873313979e-02	1.250868637183e-02	-9.954254840809e-01
9.555673454977e-02	7.766961528720e-03	-9.953936833187e-01
3.840029069169e-01	-1.456814059474e-01	-9.117667988255e-01
4.491643029817e-01	-4.066892447499e-01	-7.955220217768e-01
3.890463194353e-01	-5.779355554398e-01	-7.173795753242e-01
5.261694568456e-01	-3.441797258431e-01	-7.776155984812e-01
7.046191313175e-01	4.167417156819e-02	-7.083608848641e-01
7.203188550730e-01	5.246782147700e-01	-4.537108307855e-01
3.982398060297e-01	8.904566564307e-01	-2.202089914414e-01
2.021256170748e-02	9.836521447073e-01	-1.789410812587e-01
-2.907274830536e-02	9.832914756929e-01	-1.797015557409e-01
-3.826485546075e-01	8.989597121988e-01	-2.131936197454e-01
-7.229028375131e-01	5.198252153136e-01	-4.551848339298e-01
-6.872981496152e-01	7.952396375373e-03	-7.263318889650e-01
-5.344657407118e-01	-3.119533662049e-01	-7.855135067705e-01
-4.147816737589e-01	-5.241306184695e-01	-7.438032386973e-01
-4.472878057795e-01	-4.694396097635e-01	-7.612884286432e-01
-3.530938076617e-01	-1.658515989428e-01	-9.207703351646e-01
-8.983901874151e-02	-1.758214565185e-02	-9.958010940272e-01
8.800581248828e-02	-2.187665863261e-02	-9.958797059763e-01
3.624955648429e-01	-1.647092070900e-01	-9.173155632437e-01
4.211260069274e-01	-4.110705081909e-01	-8.085010349932e-01
3.605039518473e-01	-5.755891549648e-01	-7.339850307665e-01
5.052093533864e-01	-3.350755992733e-01	-7.952910486247e-01
6.832562777081e-01	4.947658063679e-02	-7.285004646127e-01
7.009615800309e-01	5.309836600947e-01	-4.761399122453e-01
3.874288310472e-01	8.871266652872e-01	-2.508090520892e-01
1.028762524896e-02	9.777288438863e-01	-2.096198287363e-01
-3.672469393446e-02	9.771121629757e-01	-2.095307085378e-01
-3.767868077999e-01	8.947466279843e-01	-2.397085171174e-01
-7.018185921467e-01	5.286780368515e-01	-4.774413022226e-01
-6.646750298151e-01	1.875660905889e-02	-7.468971109576e-01
-5.147613415203e-01	-2.962721736421e-01	-8.045144873783e-01
-3.934009802517e-01	-5.185612194744e-01	-7.591639680558e-01
-4.166943676681e-01	-4.837821934031e-01	-7.696236699191e-01
-3.427283495511e-01	-2.004041926634e-01	-9.178101317685e-01
-1.068974625056e-01	-5.387353060576e-02	-9.928094354960e-01
7.147255786365e-02	-5.027793857985e-02	-9.961745842796e-01
3.227500004684e-01	-1.740850940920e-01	-9.303369374655e-01
4.011755376366e-01	-4.111719172579e-01	-8.185327375618e-01
3.467775171675e-01	-5.599225688199e-01	-7.524839337243e-01
5.003483882282e-01	-2.896438456683e-01	-8.159399077530e-01
6.697252815934e-01	9.658102407855e-02	-7.363016725382e-01
6.730512022774e-01	5.648459743432e-01	-4.774422524046e-01
4.249852784029e-01	8.563194125739e-01	-2.934358137478e-01
-4.000274748068e-02	9.905003272802e-01	-1.315632237814e-01

Hair-19
-1.082860699109e-01	9.940956963772e-01	-6.919068399723e-03
-5.512831031151e-01	8.316223167679e-01	-6.701688200280e-02
-8.248591827980e-01	4.399808442952e-01	-3.549988524025e-01
-7.903077363544e-01	-1.018443499316e-01	-6.041865690706e-01
-6.299657393787e-01	-4.136505970741e-01	-6.572947213764e-01
-5.382983761060e-01	-5.848077601632e-01	-6.068234849892e-01
-6.049767814851e-01	-4.245337855310e-01	-6.736276113749e-01
-4.784606528518e-01	-3.128513566350e-02	-8.775515050179e-01
-1.369802869763e-01	1.510739924144e-01	-9.789857250215e-01
1.102959910988e-01	1.559021937756e-01	-9.815952833645e-01
4.631238414402e-01	-2.060888166083e-02	-8.860539382489e-01
5.782565023939e-01	-3.398076136716e-01	-7.417211087262e-01
5.224799552813e-01	-5.700389231220e-01	-6.340901532552e-01
6.337485298819e-01	-3.779941032729e-01	-6.748949983246e-01
8.041934334298e-01	9.224280660783e-03	-5.942960830047e-01
8.068589222564e-01	4.910247342752e-01	-3.284408468891e-01
4.466562733064e-01	8.915389070682e-01	-7.521004387466e-02
5.596744905613e-02	9.979621003360e-01	-3.064785374239e-02
-1.991047590989e-02	9.993925269315e-01	-2.860332257855e-02
-3.927224141016e-01	9.178340847074e-01	-5.787657912816e-02
-8.054970405912e-01	4.983498052689e-01	-3.206586801994e-01
-7.937948134559e-01	-1.437941109134e-02	-6.080156467289e-01
-6.510581573374e-01	-3.336996829405e-01	-6.817388043597e-01
-5.487652139899e-01	-5.137934163517e-01	-6.594490618905e-01
-5.787841566160e-01	-3.885983902160e-01	-7.169380664826e-01
-4.378559794302e-01	-3.787940108292e-02	-8.982467880548e-01
-1.244025508185e-01	1.238893631380e-01	-9.844670797193e-01
1.059922949582e-01	1.235058675599e-01	-9.866670837156e-01
4.331695484395e-01	-3.781348841801e-02	-9.005188961917e-01
5.506184722231e-01	-3.380059085535e-01	-7.632635873861e-01
4.988106355299e-01	-5.695863725783e-01	-6.532681792765e-01
6.144635372167e-01	-3.695568771397e-01	-6.970382170225e-01
7.857530307009e-01	1.640775032747e-02	-6.183226993031e-01
7.911378482359e-01	4.969791900207e-01	-3.565285258926e-01
4.400679271228e-01	8.918654593430e-01	-1.044807252499e-01
5.624430429455e-02	9.965350599706e-01	-6.127358716318e-02
-1.471202330448e-02	9.982028693718e-01	-5.809120370681e-02
-3.818142442775e-01	9.202403478030e-01	-8.588122694894e-02
-7.898890015923e-01	5.063156071742e-01	-3.460055940232e-01
-7.749641891013e-01	-5.494382824331e-03	-6.319812634627e-01
-6.312849742896e-01	-3.264260026228e-01	-7.035093077194e-01
-5.251984594041e-01	-5.129607019990e-01	-6.789977146091e-01
-5.528788240872e-01	-3.986885791498e-01	-7.316914805650e-01
-4.195618861537e-01	-6.134314087732e-02	-9.056516122408e-01
-1.157648568841e-01	9.763773734756e-02	-9.884661704663e-01
1.038167427703e-01	9.390218731833e-02	-9.901537573213e-01
4.209784183622e-01	-6.516916389590e-02	-9.047265616474e-01
5.240453118345e-01	-3.496956968875e-01	-7.765883277018e-01
4.706852146228e-01	-5.746408360297e-01	-6.695097746131e-01
5.918624161157e-01	-3.665771745001e-01	-7.178579633362e-01
7.654454128922e-01	1.919874385060e-02	-6.432143718208e-01
7.751556835580e-01	5.005669342846e-01	-3.854431352985e-01
4.331642608580e-01	8.911796172980e-01	-1.347872873379e-01
5.435853367337e-02	9.942765840308e-01	-9.197404125587e-02
-2.067543215421e-02	9.958329655280e-01	-8.882134469283e-02
-3.816340906655e-01	9.170084688945e-01	-1.159779669494e-01
-7.754151226512e-01	5.058967724289e-01	-3.778886650983e-01
-7.518771260427e-01	-9.092809537010e-03	-6.592405540836e-01
-6.043043310054e-01	-3.299001128301e-01	-7.252462968418e-01
-4.961798820595e-01	-5.212990952283e-01	-6.943002073696e-01
-5.255645417965e-01	-4.118983473549e-01	-7.443934872448e-01
-4.027751156751e-01	-8.761081241124e-02	-9.110963460258e-01
-1.042951767204e-01	7.240801124835e-02	-9.919070500908e-01
9.862865042847e-02	6.615347382416e-02	-9.929230117263e-01
4.093891933882e-01	-9.413629121240e-02	-9.074904115272e-01
4.953114054826e-01	-3.619253407512e-01	-7.897320174090e-01
4.351116281606e-01	-5.881561165839e-01	-6.817259372830e-01
5.626892367734e-01	-3.717094707779e-01	-7.383853276938e-01
7.414042946552e-01	1.163081077080e-02	-6.709578199169e-01
7.599373213083e-01	4.975930398362e-01	-4.182062103667e-01
4.302091936752e-01	8.874723734734e-01	-1.652659553531e-01
5.887916501108e-02	9.907219889432e-01	-1.224874873288e-01
-1.667575629597e-02	9.927367332971e-01	-1.191456986828e-01
-3.787588299154e-01	9.136093546288e-01	-1.478502482106e-01
-7.569438809962e-01	5.165400369682e-01	-4.002778425436e-01
-7.324624815416e-01	1.593020734152e-03	-6.808055342158e-01
-5.845493811970e-01	-3.182772901968e-01	-7.463253898181e-01
-4.743692819576e-01	-5.143582042761e-01	-7.144294381035e-01
-4.984298954734e-01	-4.125876358046e-01	-7.624559541899e-01
-3.716154276091e-01	-1.057290984903e-01	-9.223466439985e-01
-8.765648040750e-02	4.614577542476e-02	-9.950813579065e-01
9.916816757126e-02	3.295854673445e-02	-9.945247149959e-01
3.931315903931e-01	-1.147141756223e-01	-9.122983122566e-01
4.704650869722e-01	-3.666559101405e-01	-8.026369325537e-01
4.216986445748e-01	-5.694396415394e-01	-7.056264931302e-01
5.541761280228e-01	-3.419087716143e-01	-7.589382129151e-01
7.282560984134e-01	4.579870104253e-02	-6.837730135846e-01
7.370064284461e-01	5.241621903627e-01	-4.267030848533e-01
3.973193692087e-01	8.988066113852e-01	-1.851593750849e-01
3.495401371886e-02	9.878948505788e-01	-1.511356381695e-01
-3.753740164662e-02	9.877034352403e-01	-1.517658311088e-01
-3.838035330336e-01	9.051628056478e-01	-1.826886512697e-01
-7.384361391832e-01	5.236211418093e-01	-4.248917134971e-01
-7.133296238067e-01	1.277335813143e-02	-7.007122727067e-01
-5.643920537818e-01	-3.090550647213e-01	-7.654714734058e-01
-4.476958134820e-01	-5.128205618932e-01	-7.325186208488e-01
-4.726845179844e-01	-4.319318574350e-01	-7.681173198090e-01
-3.611452054578e-01	-1.313829442167e-01	-9.232078111367e-01
-1.021798430982e-01	8.583174478203e-03	-9.947289122069e-01
8.359729597116e-02	5.966913119786e-03	-9.964817550031e-01
3.606843513753e-01	-1.309201544713e-01	-9.234536868875e-01
4.441378863186e-01	-3.687207823192e-01	-8.165699741127e-01
4.014586316609e-01	-5.581484496042e-01	-7.261551316829e-01
5.388989278535e-01	-3.207099707663e-01	-7.789307159237e-01
7.107567846373e-01	6.793334324797e-02	-7.001498796452e-01
7.160006548738e-01	5.383423817012e-01	-4.444440822923e-01
3.848934523320e-01	8.978505483550e-01	-2.138256840762e-01
2.630139095369e-02	9.832552675871e-01	-1.803255822009e-01
-3.915131880009e-02	9.824947735240e-01	-1.821296083402e-01
-3.789291717207e-01	9.005058451746e-01	-2.133117568852e-01
-7.173942081359e-01	5.381056141971e-01	-4.424792629069e-01
-6.952811605376e-01	3.274199139447e-02	-7.179916920139e-01
-5.475914431515e-01	-2.901446924421e-01	-7.848309810621e-01
-4.267945309320e-01	-5.009948273385e-01	-7.528948209057e-01
-4.452521248409e-01	-4.360228478439e-01	-7.820707266500e-01
-3.361242910245e-01	-1.504415802668e-01	-9.297245785232e-01
-9.889788641898e-02	-2.290137685004e-02	-9.948340238453e-01
7.978336977650e-02	-2.486953929344e-02	-9.965019417555e-01
3.357091615418e-01	-1.511375735872e-01	-9.297616859750e-01
4.163010052846e-01	-3.732096823534e-01	-8.291007212617e-01
3.764870293583e-01	-5.539102999248e-01	-7.425906654155e-01
5.185859353547e-01	-3.075020535040e-01	-7.978164668288e-01
6.905610851428e-01	8.132096458832e-02	-7.186878935984e-01
6.954366664167e-01	5.446536443851e-01	-4.687432673236e-01
3.856036278528e-01	8.887263865654e-01	-2.479420335667e-01
3.025701790649e-02	9.770053934678e-01	-2.110568027862e-01
-3.961632212647e-02	9.764763795227e-01	-2.119538328397e-01
-3.735684499605e-01	8.950531002158e-01	-2.435704435851e-01
-6.966044589244e-01	5.497902455247e-01	-4.609478427464e-01
-6.748373319475e-01	4.690838880727e-02	-7.364741532936e-01
-5.274300261484e-01	-2.756531265700e-01	-8.036373070790e-01
-4.022218299155e-01	-4.960433958437e-01	-7.695183876810e-01
-4.180809138959e-01	-4.515043674706e-01	-7.882589394298e-01
-3.218510936627e-01	-1.776721752091e-01	-9.299701455770e-01
-8.506482787042e-02	-4.924270559672e-02	-9.951578422566e-01
9.091969854942e-02	-6.173923747891e-02	-9.939425913860e-01
3.381998679595e-01	-1.843804215825e-01	-9.228351474935e-01
3.944552082694e-01	-4.288774939290e-01	-8.126925518733e-01
3.236549631314e-01	-6.018512078668e-01	-7.300839598496e-01
4.710961896152e-01	-3.440266281396e-01	-8.122278370390e-01
6.585861887734e-01	3.725839384289e-02	-7.515823601211e-01
6.697608733594e-01	5.237054286616e-01	-5.264532234751e-01
4.955579504012e-01	8.075935529647e-01	-3.197107614766e-01
1.326119435219e-01	9.576516769525e-01	-2.555725690786e-01

Hair-20
-2.066996585797e-02	9.994153802567e-01	2.723325573399e-02
-5.125747026566e-01	8.561171568799e-01	-6.580720243607e-02
-8.238004562041e-01	4.857195069410e-01	-2.922830288178e-01
-8.049536836492e-01	-4.260583142196e-02	-5.918059735322e-01
-6.618868460467e-01	-3.571313455933e-01	-6.590622163537e-01
-5.632185778394e-01	-5.336212675258e-01	-6.308987053567e-01
-6.039538958659e-01	-3.891405384674e-01	-6.955640394599e-01
-4.612958708021e-01	-2.471010969973e-02	-8.869022099756e-01
-1.430852282260e-01	1.537240789359e-01	-9.776990973806e-01
1.214999187726e-01	1.576507208072e-01	-9.799918468881e-01
4.582411075789e-01	-2.519713674667e-02	-8.884707038640e-01
5.739119015202e-01	-3.230972042275e-01	-7.524847678949e-01
5.399712455882e-01	-5.504075720733e-01	-6.367751239977e-01
6.447796255087e-01	-3.554451390674e-01	-6.766963777369e-01
8.095811303384e-01	3.060798544848e-02	-5.862094716283e-01
8.011499447027e-01	5.114427133530e-01	-3.107814619004e-01
4.419999975581e-01	8.940517817657e-01	-7.285199846388e-02
5.775986818346e-02	9.978636503693e-01	-3.052757604424e-02
-2.965323553650e-02	9.991036586211e-01	-3.020869000978e-02
-3.906130834257e-01	9.188285123247e-01	-5.635232023553e-02
-7.966112131085e-01	5.239538572699e-01	-3.014679594944e-01
-8.016068775552e-01	1.378416492334e-02	-5.976925720247e-01
-6.663907143133e-01	-3.033547031355e-01	-6.811015636178e-01
-5.638073288192e-01	-4.844658106240e-01	-6.688902558015e-01
-5.753244580150e-01	-3.698345421865e-01	-7.295369623367e-01
-4.330625283842e-01	-3.845815581995e-02	-9.005430676877e-01
-1.233231076889e-01	1.291443011922e-01	-9.839274163166e-01
1.166808683019e-01	1.278245082988e-01	-9.849093714908e-01
4.339154834818e-01	-4.541832357221e-02	-8.998080512413e-01
5.481980199664e-01	-3.211587113758e-01	-7.722279540475e-01
5.144579643975e-01	-5.516566829101e-01	-6.565119245441e-01
6.252685711146e-01	-3.480683742612e-01	-6.984895280643e-01
7.912387128079e-01	3.754401273351e-02	-6.103537879476e-01
7.859032007736e-01	5.181512662365e-01	-3.374543292228e-01
4.390853043430e-01	8.922981038670e-01	-1.049199187254e-01
6.228516902883e-02	9.961692479029e-01	-6.137904570541e-02
-2.439244188750e-02	9.978963155728e-01	-6.006623131945e-02
-3.867059407518e-01	9.180690074497e-01	-8.722277768802e-02
-7.819779253284e-01	5.312521465346e-01	-3.260087132293e-01
-7.827949302269e-01	2.434469884757e-02	-6.218033715325e-01
-6.467230132527e-01	-2.935985393967e-01	-7.039525849043e-01
-5.416193021410e-01	-4.807046501762e-01	-6.896169740133e-01
-5.496044112864e-01	-3.756183494588e-01	-7.462210440911e-01
-4.088728847654e-01	-5.864408651744e-02	-9.107051307751e-01
-1.120169557735e-01	1.014849457293e-01	-9.885104993927e-01
1.120314105152e-01	9.668715273708e-02	-9.889896650388e-01
4.199307914708e-01	-6.899127539280e-02	-9.049300162413e-01
5.223520126162e-01	-3.310099961871e-01	-7.858630652601e-01
4.864532659386e-01	-5.554207182314e-01	-6.744412841879e-01
6.031459325431e-01	-3.424733020081e-01	-7.203658941596e-01
7.713397082694e-01	4.295362632434e-02	-6.349724721848e-01
7.701857373206e-01	5.227952823500e-01	-3.653751808491e-01
4.336107115722e-01	8.908375914166e-01	-1.356102375519e-01
6.102868587910e-02	9.938763532018e-01	-9.211565581424e-02
-2.326677365648e-02	9.956687698707e-01	-9.001309875637e-02
-3.839453980305e-01	9.159517089291e-01	-1.166978930448e-01
-7.682112999399e-01	5.312439451752e-01	-3.572551880090e-01
-7.600465878169e-01	2.416859945420e-02	-6.494190197002e-01
-6.215397676230e-01	-2.958948775917e-01	-7.253513208633e-01
-5.140350657882e-01	-4.886128604627e-01	-7.050003005181e-01
-5.243416238445e-01	-3.874091809658e-01	-7.582743487732e-01
-3.862446192572e-01	-8.018046816444e-02	-9.189048844248e-01
-1.009227085027e-01	7.383971424293e-02	-9.921503431985e-01
1.060296677266e-01	6.736986176806e-02	-9.920781276125e-01
4.040731030267e-01	-9.484738302614e-02	-9.097960767905e-01
4.962222091859e-01	-3.426190250253e-01	-7.977316107573e-01
4.510261058300e-01	-5.712514514122e-01	-6.857457481598e-01
5.739876157388e-01	-3.494265437537e-01	-7.405668825291e-01
7.466701273956e-01	3.631117757947e-02	-6.642026943922e-01
7.574169016398e-01	5.142838185114e-01	-4.022832225282e-01
4.297893870455e-01	8.874691163350e-01	-1.663720238943e-01
5.828638766329e-02	9.907727479970e-01	-1.223603646598e-01
-2.394919122058e-02	9.924579461941e-01	-1.202233807380e-01
-3.852964242059e-01	9.105312749028e-01	-1.499315274321e-01
-7.530564813573e-01	5.315584972853e-01	-3.877518534443e-01
-7.380671334418e-01	2.254909749439e-02	-6.743503872136e-01
-5.930869325269e-01	-2.978577446360e-01	-7.480164800498e-01
-4.875429886825e-01	-4.967115331078e-01	-7.180386389772e-01
-4.987325454764e-01	-3.987725112219e-01	-7.695754234488e-01
-3.741530138309e-01	-1.085495731582e-01	-9.209921348244e-01
-1.035605366669e-01	4.236027224098e-02	-9.937206964640e-01
9.060759920540e-02	3.902406211040e-02	-9.951217943260e-01
3.729727493997e-01	-1.085627500627e-01	-9.214691842401e-01
4.691800377991e-01	-3.464146940484e-01	-8.123219508780e-01
4.393035136639e-01	-5.430839235662e-01	-7.155922546021e-01
5.674312236686e-01	-3.113699113906e-01	-7.622798598196e-01
7.338617225920e-01	7.628868555842e-02	-6.750014878281e-01
7.329697142464e-01	5.450334458927e-01	-4.070552061526e-01
4.027953488150e-01	8.956051974180e-01	-1.888047598204e-01
3.911020154957e-02	9.876192445144e-01	-1.519164902162e-01
-4.210702192805e-02	9.874618385775e-01	-1.521384765845e-01
-3.856288094001e-01	9.043907581641e-01	-1.826684918317e-01
-7.327829445586e-01	5.467511535496e-01	-4.050831177132e-01
-7.208820486564e-01	4.078092181549e-02	-6.918569131987e-01
-5.768608694181e-01	-2.804795044718e-01	-7.671784570134e-01
-4.646104264650e-01	-4.870492830186e-01	-7.395404975598e-01
-4.716979131336e-01	-4.100563682605e-01	-7.806118456662e-01
-3.531306875927e-01	-1.304246169306e-01	-9.264384149952e-01
-1.002540989831e-01	1.254475355779e-02	-9.948827794244e-01
8.516661873087e-02	9.638400577244e-03	-9.963201033244e-01
3.545433506447e-01	-1.314298459325e-01	-9.257565598535e-01
4.412768253728e-01	-3.472265834574e-01	-8.274711252542e-01
4.142448304643e-01	-5.369633159082e-01	-7.348956509617e-01
5.489899361733e-01	-2.958192370614e-01	-7.817295113816e-01
7.156201367389e-01	9.152861315912e-02	-6.924668460418e-01
7.116530688651e-01	5.580847954765e-01	-4.267215375778e-01
3.898655147187e-01	8.949224274437e-01	-2.170684898630e-01
3.682690741627e-02	9.825562977306e-01	-1.822824749671e-01
-4.473420296851e-02	9.822263006362e-01	-1.822919236369e-01
-3.808818205673e-01	8.997524764590e-01	-2.130129570407e-01
-7.137740466443e-01	5.536741227319e-01	-4.289190787947e-01
-6.997581009207e-01	4.943438998979e-02	-7.126674128107e-01
-5.547942942096e-01	-2.722307438758e-01	-7.861893621777e-01
-4.386682386629e-01	-4.859824462404e-01	-7.559042520945e-01
-4.448656162577e-01	-4.195767427364e-01	-7.912331770258e-01
-3.328986835669e-01	-1.545117776893e-01	-9.302174891039e-01
-9.642065377919e-02	-1.701380158906e-02	-9.951952512348e-01
7.483742705963e-02	-1.885257309806e-02	-9.970175224131e-01
3.325365480925e-01	-1.524883352015e-01	-9.306808001727e-01
4.132244517969e-01	-3.511478915187e-01	-8.402027795236e-01
3.868819206908e-01	-5.361439670115e-01	-7.502479763917e-01
5.274975163788e-01	-2.856613592193e-01	-8.000899687305e-01
6.948143880449e-01	1.014385824595e-01	-7.119994242655e-01
6.906892756146e-01	5.667062417287e-01	-4.492130453769e-01
3.725357680569e-01	8.956834382147e-01	-2.428338527184e-01
2.755874977736e-02	9.768333263588e-01	-2.122196216789e-01
-5.006106594852e-02	9.759468867108e-01	-2.121828550935e-01
-3.774349787151e-01	8.935590307307e-01	-2.430948280856e-01
-6.956605275068e-01	5.547176656586e-01	-4.564479618480e-01
-6.754765069077e-01	5.239733708574e-02	-7.355175101125e-01
-5.294419690829e-01	-2.685780458326e-01	-8.047092858109e-01
-4.069341744939e-01	-4.916207187082e-01	-7.698789817665e-01
-4.172747608821e-01	-4.418548088273e-01	-7.941322949276e-01
-3.179654300972e-01	-1.824145721087e-01	-9.303885796513e-01
-8.977474839544e-02	-4.736710548595e-02	-9.948350877751e-01
9.511457699062e-02	-6.001134319964e-02	-9.936558035513e-01
3.251233580788e-01	-1.807934845858e-01	-9.282286991700e-01
3.940281739992e-01	-4.112744460992e-01	-8.219459398772e-01
3.376006651466e-01	-5.753134904082e-01	-7.450101869417e-01
4.870338035346e-01	-3.119447912287e-01	-8.157747982378e-01
6.619108315854e-01	6.834792397174e-02	-7.464600540677e-01
6.765274583200e-01	5.541483277427e-01	-4.850053906907e-01
4.388397616697e-01	8.450702428749e-01	-3.054111133947e-01
1.052140924453e-01	9.640304650276e-01	-2.440804319268e-01

Hair-21
-1.430811693179e-01	9.895342897860e-01	-1.869942042833e-02
-5.885132296630e-01	8.043710236803e-01	-8.148272685213e-02
-8.252790720185e-01	4.421533925262e-01	-3.513044701764e-01
-7.928277180063e-01	-9.047370330632e-02	-6.026928890994e-01
-6.358432869393e-01	-4.037891681529e-01	-6.577671488731e-01
-5.431446239917e-01	-5.731335202020e-01	-6.136056432675e-01
-6.042272400753e-01	-4.146156372884e-01	-6.804434698540e-01
-4.752374666295e-01	-3.007038417227e-02	-8.793435746665e-01
-1.540322270357e-01	1.408110175673e-01	-9.779807413063e-01
9.943777128775e-02	1.589028452738e-01	-9.822739003991e-01
4.410786548890e-01	-8.497114289322e-03	-8.974282251245e-01
5.762990499184e-01	-3.240132666008e-01	-7.502631592513e-01
5.275298050791e-01	-5.620017105598e-01	-6.370764334686e-01
6.360983914334e-01	-3.722643658028e-01	-6.758683883489e-01
8.052522002633e-01	1.263766557178e-02	-5.927977592569e-01
8.070047365408e-01	4.906506832207e-01	-3.286415406727e-01
4.501272530314e-01	8.896482744231e-01	-7.688565467194e-02
4.452063653583e-02	9.985643430525e-01	-2.978532703560e-02
-1.757279596384e-02	9.994823990062e-01	-2.694681648937e-02
-4.057547370602e-01	9.117865755413e-01	-6.331140510040e-02
-8.023073277122e-01	5.114193150597e-01	-3.078201359288e-01
-7.983026554190e-01	3.471591459335e-03	-6.022464764560e-01
-6.594003664794e-01	-3.144800862891e-01	-6.828568166274e-01
-5.586266810450e-01	-4.947710412514e-01	-6.656859980229e-01
-5.766613546521e-01	-3.725890705751e-01	-7.270756951919e-01
-4.217849691535e-01	-3.231923958985e-02	-9.061196976937e-01
-1.233773794359e-01	1.249491934620e-01	-9.844621482295e-01
1.038974939978e-01	1.236379423593e-01	-9.868733302456e-01
4.159547374531e-01	-2.931964210317e-02	-9.089125452854e-01
5.474733431465e-01	-3.141935074122e-01	-7.756000118902e-01
5.118664859916e-01	-5.483622730819e-01	-6.612802113923e-01
6.247396606228e-01	-3.472013207560e-01	-6.993937369681e-01
7.910642362313e-01	3.806136559300e-02	-6.105478741302e-01
7.881788350190e-01	5.101913755079e-01	-3.442076181398e-01
4.381787806856e-01	8.927265306119e-01	-1.050652068882e-01
3.192316413957e-02	9.977614893771e-01	-5.876156828415e-02
-2.146836210068e-02	9.981517346886e-01	-5.685265136089e-02
-4.066874371525e-01	9.085967744696e-01	-9.516947980244e-02
-7.898753294391e-01	5.085579413638e-01	-3.427328175406e-01
-7.764798571964e-01	2.786989426834e-03	-6.301359091959e-01
-6.347533668770e-01	-3.165283021255e-01	-7.049099213317e-01
-5.321832081936e-01	-5.008255875482e-01	-6.826087926285e-01
-5.507405655354e-01	-3.833347056945e-01	-7.414440861480e-01
-4.037145686675e-01	-5.486998780939e-02	-9.132381022950e-01
-1.140083356794e-01	9.785729794911e-02	-9.886485971435e-01
1.025685471466e-01	9.380726802901e-02	-9.902928302281e-01
4.057329674093e-01	-5.686609496591e-02	-9.122209197341e-01
5.211227332557e-01	-3.205314914761e-01	-7.910061060803e-01
4.896536300391e-01	-5.454141781550e-01	-6.802666365897e-01
6.067211295146e-01	-3.344149218804e-01	-7.211491739053e-01
7.733248591135e-01	5.174969797977e-02	-6.318944777698e-01
7.709229701349e-01	5.188501136879e-01	-3.694216204345e-01
4.284393955676e-01	8.935202336480e-01	-1.343922482412e-01
3.555563242599e-02	9.952103826260e-01	-9.106092090555e-02
-2.942363019090e-02	9.956312165704e-01	-8.861563393087e-02
-4.000259900737e-01	9.083046640084e-01	-1.223186192131e-01
-7.760290222585e-01	5.052331712129e-01	-3.775160914699e-01
-7.526099659401e-01	-1.452969894254e-03	-6.584649786026e-01
-6.072357332289e-01	-3.227672153987e-01	-7.260069482820e-01
-5.023893828919e-01	-5.120968555023e-01	-6.966790642342e-01
-5.245894498337e-01	-3.965088520958e-01	-7.533834610163e-01
-3.858812366866e-01	-8.137530254224e-02	-9.189525185282e-01
-1.020000060186e-01	7.413433001871e-02	-9.920181953396e-01
1.065668655724e-01	6.453411818983e-02	-9.922090761284e-01
4.033363310743e-01	-9.000515970182e-02	-9.106145591097e-01
4.953681393228e-01	-3.326927896372e-01	-8.024499450229e-01
4.474422840326e-01	-5.731966404369e-01	-6.864699657316e-01
5.729168924119e-01	-3.519981030614e-01	-7.401780662991e-01
7.460978062137e-01	3.101074592931e-02	-6.651138227401e-01
7.585911764375e-01	5.048389974987e-01	-4.119186978467e-01
4.285361383454e-01	8.880972606796e-01	-1.662529208926e-01
5.177682466099e-02	9.911762269418e-01	-1.220198654873e-01
-2.112464833680e-02	9.926285976228e-01	-1.193407575557e-01
-3.867430367779e-01	9.099331310325e-01	-1.498383147036e-01
-7.558589304670e-01	5.224814753340e-01	-3.945762095794e-01
-7.358248567242e-01	1.434019811494e-02	-6.770200432372e-01
-5.899374213945e-01	-3.033913726806e-01	-7.482830439221e-01
-4.847301283058e-01	-5.014723836921e-01	-7.166325077101e-01
-4.986263666391e-01	-3.941579293316e-01	-7.720176638117e-01
-3.687687180917e-01	-1.059134253059e-01	-9.234673675323e-01
-9.875701705810e-02	4.359988078303e-02	-9.941559746727e-01
9.650990609872e-02	3.426192860827e-02	-9.947421566782e-01
3.771838280928e-01	-1.076611903522e-01	-9.198594609598e-01
4.689174908381e-01	-3.513605452673e-01	-8.103469343532e-01
4.285000246566e-01	-5.609809792056e-01	-7.082994210352e-01
5.577868252223e-01	-3.321178674075e-01	-7.606389286364e-01
7.298061955465e-01	5.678449224179e-02	-6.812917424883e-01
7.376547897742e-01	5.224712968354e-01	-4.276554163183e-01
4.162818679209e-01	8.882860098306e-01	-1.940550725427e-01
4.031178864648e-02	9.876952037936e-01	-1.511063999282e-01
-2.045772495576e-02	9.884272014421e-01	-1.503101757668e-01
-3.794003116382e-01	9.073072718154e-01	-1.812427047902e-01
-7.330795545266e-01	5.452467447645e-01	-4.065714624254e-01
-7.223671659326e-01	4.471852725736e-02	-6.900622659604e-01
-5.783783147221e-01	-2.771553776798e-01	-7.672440431065e-01
-4.649375609059e-01	-4.826436166933e-01	-7.422184339694e-01
-4.714069513866e-01	-4.039424379577e-01	-7.839681071327e-01
-3.493523409219e-01	-1.269480222429e-01	-9.283518414594e-01
-9.949754537526e-02	1.143644125861e-02	-9.949720831640e-01
8.550253476459e-02	6.593156201164e-03	-9.963161380005e-01
3.525434903041e-01	-1.282942950726e-01	-9.269593633467e-01
4.413709891466e-01	-3.495403700521e-01	-8.264461141802e-01
4.098190372551e-01	-5.458890213255e-01	-7.307896640618e-01
5.437932708004e-01	-3.067610414842e-01	-7.811443797786e-01
7.130656347970e-01	8.123601939374e-02	-6.963749777416e-01
7.156005500443e-01	5.423151741317e-01	-4.402386905791e-01
4.048898807906e-01	8.868587851150e-01	-2.225885884266e-01
3.258398126304e-02	9.830179811777e-01	-1.805932801804e-01
-2.541589631448e-02	9.832852366160e-01	-1.802891446192e-01
-3.797619391701e-01	9.000377663263e-01	-2.138057266399e-01
-7.153094848644e-01	5.485731734365e-01	-4.328970018940e-01
-6.994147914362e-01	4.946185893982e-02	-7.130024362024e-01
-5.542203711240e-01	-2.741968781145e-01	-7.859108424392e-01
-4.355106759347e-01	-4.864078694570e-01	-7.574548406850e-01
-4.442286574496e-01	-4.212937857179e-01	-7.906784719568e-01
-3.319368442065e-01	-1.494247279924e-01	-9.313915299822e-01
-9.715327789416e-02	-2.043662686417e-02	-9.950595886060e-01
7.813404265969e-02	-2.216327189716e-02	-9.966964737353e-01
3.301932182789e-01	-1.514656868180e-01	-9.316815895570e-01
4.136621027345e-01	-3.553232218591e-01	-8.382297255341e-01
3.854095113131e-01	-5.406590975451e-01	-7.477614919419e-01
5.237676750909e-01	-2.912456090645e-01	-8.005269625256e-01
6.925188251915e-01	9.478905195155e-02	-7.151452386652e-01
6.949211023853e-01	5.551682160872e-01	-4.570261626057e-01
3.950851416420e-01	8.836142835754e-01	-2.512638627325e-01
3.536657965425e-02	9.768455226849e-01	-2.110024403981e-01
-2.835122828735e-02	9.770885518500e-01	-2.109364115041e-01
-3.725308400414e-01	8.955293701131e-01	-2.434089572773e-01
-6.967734050091e-01	5.480746335368e-01	-4.627321235288e-01
-6.754448091811e-01	5.023651966907e-02	-7.356973575063e-01
-5.275142600552e-01	-2.746730730094e-01	-8.039175383097e-01
-4.047213352205e-01	-4.921645731263e-01	-7.706975241798e-01
-4.167302575664e-01	-4.357931593296e-01	-7.977594967847e-01
-3.169315778653e-01	-1.752927198821e-01	-9.321088119464e-01
-8.176313527736e-02	-4.690552522189e-02	-9.955474179632e-01
9.659227238940e-02	-6.600158917430e-02	-9.931332856878e-01
3.334619595764e-01	-1.866200470248e-01	-9.241082618200e-01
3.954736032839e-01	-4.395266386427e-01	-8.064843228663e-01
3.188699991421e-01	-6.089223596688e-01	-7.263163797840e-01
4.659694755425e-01	-3.514125404988e-01	-8.120231980940e-01
6.526285932597e-01	3.037375015158e-02	-7.570689232571e-01
6.757576655951e-01	5.196522649632e-01	-5.227935547690e-01
5.075041489898e-01	7.946906031493e-01	-3.330261011157e-01
1.122728650729e-01	9.657050164594e-01	-2.341124194772e-01

Hair-22
-3.600830664687e-02	9.987426969547e-01	3.487731543752e-02
-5.237059229590e-01	8.489798418549e-01	-7.046512883473e-02
-8.313974993830e-01	4.578389947597e-01	-3.148994329894e-01
-7.944151922339e-01	-7.096665012640e-02	-6.032149176851e-01
-6.435789836692e-01	-3.880415924541e-01	-6.597194966840e-01
-5.517119924777e-01	-5.590587681698e-01	-6.189242046396e-01
-6.041005407684e-01	-4.045618735963e-01	-6.865800951642e-01
-4.619893318529e-01	-2.864818126813e-02	-8.864226638371e-01
-1.593652050529e-01	1.461111474809e-01	-9.763474094810e-01
1.104065139757e-01	1.607943110663e-01	-9.807933478570e-01
4.522685794952e-01	-2.215793827106e-02	-8.916065038866e-01
5.741104944365e-01	-3.268701723245e-01	-7.507016921670e-01
5.343748211434e-01	-5.553608024687e-01	-6.371953622001e-01
6.397207712692e-01	-3.614760548007e-01	-6.783011105788e-01
8.074084783687e-01	2.508398114071e-02	-5.894593649680e-01
8.033772690140e-01	5.038786801331e-01	-3.173188291590e-01
4.338782510080e-01	8.982892786114e-01	-6.946967132504e-02
4.522218454448e-02	9.985225256168e-01	-3.012838961693e-02
-3.999316690472e-02	9.987394089762e-01	-3.033380224740e-02
-4.093947638992e-01	9.102457405452e-01	-6.203723971386e-02
-8.078070658809e-01	4.902820061043e-01	-3.272175099276e-01
-7.896044344320e-01	-2.259123374068e-02	-6.132001902180e-01
-6.454292634176e-01	-3.431484776438e-01	-6.824003137565e-01
-5.451791817496e-01	-5.232785811783e-01	-6.549497585822e-01
-5.779521456989e-01	-3.973080892579e-01	-7.128236805075e-01
-4.481275877713e-01	-5.238045956366e-02	-8.924337244492e-01
-1.293731453098e-01	1.312893479837e-01	-9.828660622784e-01
1.018409193142e-01	1.324185297799e-01	-9.859481528580e-01
4.357103609646e-01	-4.624665788933e-02	-8.988980631763e-01
5.498778570381e-01	-3.381594293872e-01	-7.637293647986e-01
4.981840013532e-01	-5.741911381263e-01	-6.497055007409e-01
6.112790741130e-01	-3.738194777614e-01	-6.975649730295e-01
7.836819847621e-01	1.079089465377e-02	-6.210685174375e-01
7.928654134146e-01	4.917537429387e-01	-3.599203974725e-01
4.402401974229e-01	8.916837851485e-01	-1.053024020445e-01
5.299422527136e-02	9.967174236310e-01	-6.120448936380e-02
-2.982496217577e-02	9.977722589422e-01	-5.967403888312e-02
-3.989664259232e-01	9.126026467799e-01	-8.934315909118e-02
-7.921464337136e-01	4.979373871706e-01	-3.529339683461e-01
-7.710748061402e-01	-1.282494295534e-02	-6.366153973743e-01
-6.256448478380e-01	-3.339957224465e-01	-7.049931785211e-01
-5.221276535086e-01	-5.203976007891e-01	-6.756989348331e-01
-5.514598272296e-01	-4.008305676596e-01	-7.315920413602e-01
-4.220788862715e-01	-7.002066386255e-02	-9.038509392571e-01
-1.147616940767e-01	1.030275401289e-01	-9.880359707762e-01
9.554186743454e-02	1.027940707965e-01	-9.901035958809e-01
4.176411141521e-01	-6.934757707787e-02	-9.059618167027e-01
5.236200491375e-01	-3.433414397775e-01	-7.797042387167e-01
4.736740523382e-01	-5.731660812440e-01	-6.686654884566e-01
5.922176403843e-01	-3.636349281327e-01	-7.190604324113e-01
7.651002780417e-01	2.108543164912e-02	-6.435658234498e-01
7.759757296193e-01	4.998082302688e-01	-3.847770783159e-01
4.287671230463e-01	8.934746581919e-01	-1.336480054598e-01
4.774412614138e-02	9.946324740660e-01	-9.179727638854e-02
-3.569160024941e-02	9.952793009842e-01	-9.025088755210e-02
-4.004012043993e-01	9.084320407653e-01	-1.201253629609e-01
-7.799587123751e-01	4.887436683838e-01	-3.908887739560e-01
-7.456986212536e-01	-2.282811017726e-02	-6.658922162379e-01
-5.950917501469e-01	-3.440853555115e-01	-7.262720406498e-01
-4.895697477614e-01	-5.343859825940e-01	-6.890232823961e-01
-5.250139592312e-01	-4.155707708617e-01	-7.427390369556e-01
-4.002854286724e-01	-9.180283647300e-02	-9.117805738269e-01
-1.056590627043e-01	7.365678016155e-02	-9.916707322517e-01
9.142788817137e-02	7.206135178711e-02	-9.932009377982e-01
4.007082249080e-01	-9.434183351481e-02	-9.113355786647e-01
4.970778806213e-01	-3.645067905844e-01	-7.874315082691e-01
4.310402969906e-01	-5.982681818151e-01	-6.754846001190e-01
5.569464255763e-01	-3.825033381519e-01	-7.372257967139e-01
7.362302580775e-01	-1.649443429703e-03	-6.767291086007e-01
7.641548105683e-01	4.841343731853e-01	-4.262409344323e-01
4.329061902614e-01	8.857180498427e-01	-1.676179185416e-01
5.587824939102e-02	9.909037681091e-01	-1.224228066669e-01
-2.618800847477e-02	9.924477087607e-01	-1.198404505491e-01
-3.937411022991e-01	9.067537978295e-01	-1.508823862548e-01
-7.624363381737e-01	4.961299442850e-01	-4.153864569484e-01
-7.241031011128e-01	-2.017170394283e-02	-6.893966937249e-01
-5.725576004225e-01	-3.395400261197e-01	-7.462508726032e-01
-4.632886623638e-01	-5.342116911168e-01	-7.070936885585e-01
-4.987824756679e-01	-4.254027241442e-01	-7.551480412855e-01
-3.699129213712e-01	-1.065865676834e-01	-9.229321395380e-01
-8.457948814529e-02	4.668961182989e-02	-9.953222545147e-01
9.637902144587e-02	3.926252084639e-02	-9.945700270378e-01
3.862941607374e-01	-1.190712751924e-01	-9.146577790650e-01
4.699596822853e-01	-3.655501425070e-01	-8.034369859170e-01
4.189145923519e-01	-5.775418241620e-01	-7.006825284380e-01
5.489497055486e-01	-3.485927971128e-01	-7.596955196519e-01
7.250464273631e-01	3.959906693860e-02	-6.875606097396e-01
7.401539432852e-01	5.132333596728e-01	-4.344693991047e-01
4.059315180903e-01	8.943347752107e-01	-1.881087782900e-01
3.433449697652e-02	9.879002207612e-01	-1.512425077064e-01
-4.153232779167e-02	9.875023980008e-01	-1.520331532620e-01
-3.895413509953e-01	9.024825101283e-01	-1.838011283354e-01
-7.406575667378e-01	5.160757560977e-01	-4.302234103372e-01
-7.100027643668e-01	6.369849964960e-03	-7.041700786053e-01
-5.604041382147e-01	-3.152834653673e-01	-7.658613048965e-01
-4.455721813277e-01	-5.195576405816e-01	-7.290578093267e-01
-4.726019193302e-01	-4.320418144727e-01	-7.681063053982e-01
-3.559992832755e-01	-1.327609116754e-01	-9.250075949085e-01
-8.949034028388e-02	1.482421905560e-02	-9.958773626935e-01
8.155016360326e-02	1.151074499440e-02	-9.966027661842e-01
3.617539474036e-01	-1.383076780112e-01	-9.219571940937e-01
4.434095946187e-01	-3.714006033648e-01	-8.157508953231e-01
3.966016970519e-01	-5.691980731385e-01	-7.202226374053e-01
5.326736703011e-01	-3.306065855821e-01	-7.790751225252e-01
7.066171842548e-01	5.613701493292e-02	-7.053657139883e-01
7.186586891923e-01	5.287903754637e-01	-4.515644220545e-01
3.914774548544e-01	8.946192615065e-01	-2.154107223011e-01
2.780223991350e-02	9.830610781784e-01	-1.811572577253e-01
-4.568605944445e-02	9.821151828865e-01	-1.826541855973e-01
-3.879494107336e-01	8.959884768028e-01	-2.161016060748e-01
-7.222159118075e-01	5.194472229162e-01	-4.567042361713e-01
-6.873414414186e-01	9.807636846236e-03	-7.262682377525e-01
-5.361525552192e-01	-3.119258778217e-01	-7.843740716502e-01
-4.167742681081e-01	-5.234519063653e-01	-7.431670815944e-01
-4.456070213427e-01	-4.499887734045e-01	-7.739150381922e-01
-3.372929587233e-01	-1.567757801931e-01	-9.282536370737e-01
-8.289143138041e-02	-1.488051571780e-02	-9.964474802295e-01
7.884556663613e-02	-1.889512440628e-02	-9.967077560125e-01
3.481012174711e-01	-1.645947914281e-01	-9.228944127200e-01
4.172162797041e-01	-3.917421682440e-01	-8.200418584251e-01
3.642446098945e-01	-5.773762995091e-01	-7.307273588200e-01
5.066678966337e-01	-3.316589971159e-01	-7.957951697220e-01
6.824409226965e-01	5.311421455427e-02	-7.290084136973e-01
7.002296593995e-01	5.271911994621e-01	-4.814019768416e-01
3.915117491706e-01	8.856369676235e-01	-2.497312792586e-01
3.714961433256e-02	9.764983349368e-01	-2.122991003764e-01
-3.423813737399e-02	9.768414922912e-01	-2.112071231929e-01
-3.686906168261e-01	8.982286326815e-01	-2.392750561498e-01
-6.988449580937e-01	5.420513479432e-01	-4.666862551436e-01
-6.705264420453e-01	3.618234853476e-02	-7.410027855364e-01
-5.201758234800e-01	-2.860244387815e-01	-8.047404134791e-01
-3.974298427531e-01	-5.068560811952e-01	-7.649486473252e-01
-4.173282563172e-01	-4.514064940623e-01	-7.887137019208e-01
-3.157365172496e-01	-1.801366187485e-01	-9.315907096257e-01
-7.355083126023e-02	-4.557700994417e-02	-9.962494724643e-01
1.158278663024e-01	-7.340214807495e-02	-9.905533958580e-01
3.298116191239e-01	-1.858941711259e-01	-9.255634246405e-01
3.982274416147e-01	-4.441443346300e-01	-8.025900041497e-01
3.219023816494e-01	-6.069292619343e-01	-7.266469071677e-01
4.684162776776e-01	-3.475379563039e-01	-8.122829308405e-01
6.518601611226e-01	3.834674148236e-02	-7.573690367046e-01
6.807884845878e-01	5.289245735719e-01	-5.067206673547e-01
4.426449194431e-01	8.457465524170e-01	-2.979567827152e-01
1.200444977636e-01	9.620390705304e-01	-2.450921160090e-01

Hair-23
-2.139014693337e-01	9.765305095754e-01	-2.518581515847e-02
-5.091446289568e-01	8.590464612056e-01	-5.301815061506e-02
-8.395196279584e-01	3.875968262228e-01	-3.807564767335e-01
-7.633996857209e-01	-1.454214268558e-01	-6.293437283809e-01
-6.179689785988e-01	-4.372274742991e-01	-6.534114149657e-01
-5.333330246262e-01	-5.975119430220e-01	-5.987782250459e-01
-6.048334243809e-01	-4.244524367563e-01	-6.738075820910e-01
-4.610858324648e-01	-3.469029935790e-02	-8.866771894160e-01
-1.246374177689e-01	1.628607230944e-01	-9.787450633158e-01
9.960799530709e-02	1.615654908797e-01	-9.818222035724e-01
4.455183404042e-01	-1.823051760113e-02	-8.950871782075e-01
5.789593762477e-01	-3.441850380461e-01	-7.391499849422e-01
5.125714555459e-01	-5.917230837715e-01	-6.222011693106e-01
6.191349367583e-01	-4.025232060236e-01	-6.742751654167e-01
7.960528541230e-01	-1.973198275536e-02	-6.049053663997e-01
8.142697253963e-01	4.616589545975e-01	-3.519031456849e-01
4.555009603289e-01	8.867574508689e-01	-7.861360230908e-02
6.092822499535e-02	9.976726536448e-01	-3.061090603539e-02
-2.590841099176e-02	9.992576237643e-01	-2.851237606540e-02
-4.062350998055e-01	9.118830542921e-01	-5.867144945254e-02
-8.122598780875e-01	4.754647101879e-01	-3.378863711593e-01
-7.850481010675e-01	-3.419706098676e-02	-6.184901292909e-01
-6.404701108320e-01	-3.486991486725e-01	-6.842564876169e-01
-5.458395864876e-01	-5.221491889828e-01	-6.553009768555e-01
-5.799974137519e-01	-3.793674309338e-01	-7.208906660429e-01
-4.225439663478e-01	-4.119192427437e-02	-9.054058879186e-01
-1.121141495827e-01	1.356098019428e-01	-9.843984960779e-01
7.879327330063e-02	1.351124772396e-01	-9.876923805400e-01
4.089252822227e-01	-2.729879890864e-02	-9.121594647523e-01
5.507266668201e-01	-3.207485386893e-01	-7.705975041368e-01
5.062111644606e-01	-5.595535623316e-01	-6.562393373285e-01
6.172590176993e-01	-3.595544952240e-01	-6.997941626172e-01
7.853917186400e-01	1.705995096594e-02	-6.187639342793e-01
7.926490332618e-01	4.918907952495e-01	-3.602095995639e-01
4.221676569128e-01	9.012435279171e-01	-9.764513733071e-02
2.705180612486e-02	9.978534746368e-01	-5.963759670485e-02
-4.925963074113e-02	9.969237711593e-01	-6.096296643729e-02
-4.154657356149e-01	9.047329432006e-01	-9.405596215882e-02
-7.982689879471e-01	4.737730909798e-01	-3.718947178240e-01
-7.632211178761e-01	-4.032680765911e-02	-6.448777200462e-01
-6.135710879908e-01	-3.568261554584e-01	-7.044186360131e-01
-5.128351773416e-01	-5.365614692095e-01	-6.701506327989e-01
-5.529477092021e-01	-4.043374320245e-01	-7.285328214652e-01
-4.152848266890e-01	-7.019549131764e-02	-9.069791098589e-01
-1.229957882495e-01	1.015171761572e-01	-9.872012454500e-01
6.266281662963e-02	1.084430947810e-01	-9.921257312490e-01
3.815447198063e-01	-4.355404801073e-02	-9.233237090478e-01
5.219340380553e-01	-3.186581590842e-01	-7.912280566109e-01
4.821959602877e-01	-5.571500264870e-01	-6.760701915243e-01
6.004599553157e-01	-3.452437274220e-01	-7.212867742708e-01
7.676417747283e-01	2.945016449842e-02	-6.402021504986e-01
7.745072202871e-01	5.038790677777e-01	-3.824192081717e-01
4.031579561896e-01	9.068252189090e-01	-1.230109129778e-01
1.512774470250e-02	9.958659702025e-01	-8.956629239177e-02
-6.098907230080e-02	9.938802964878e-01	-9.209934480316e-02
-4.208653781509e-01	8.980670226347e-01	-1.278591268932e-01
-7.836693538952e-01	4.723408984491e-01	-4.034308111905e-01
-7.399700637999e-01	-4.467548938213e-02	-6.711545316307e-01
-5.852051281739e-01	-3.626243053560e-01	-7.252851653826e-01
-4.785493785964e-01	-5.481479162059e-01	-6.859477780445e-01
-5.282647228792e-01	-4.259333990718e-01	-7.345182925677e-01
-4.023524456525e-01	-1.014873859298e-01	-9.098421950946e-01
-1.268169302109e-01	6.910358043107e-02	-9.895161248729e-01
5.438655696047e-02	7.942352808826e-02	-9.953562204598e-01
3.651744403393e-01	-6.693282248618e-02	-9.285298193364e-01
4.978482886775e-01	-3.365468975980e-01	-7.993017372545e-01
4.462269132712e-01	-5.742007705814e-01	-6.864218942721e-01
5.710526654152e-01	-3.570296072211e-01	-7.392081661411e-01
7.438682768680e-01	2.021763717737e-02	-6.680203842821e-01
7.592612571864e-01	5.011059717562e-01	-4.152290312659e-01
4.219116037275e-01	8.919359008521e-01	-1.626067262175e-01
5.084784865043e-02	9.911753674829e-01	-1.224168582455e-01
-2.082324293075e-02	9.927716249550e-01	-1.181985331468e-01
-3.806542692194e-01	9.129122283219e-01	-1.472874424568e-01
-7.578257569688e-01	5.146370055561e-01	-4.010596895562e-01
-7.326765566210e-01	2.716954155363e-03	-6.805715844333e-01
-5.865358246064e-01	-3.105886322792e-01	-7.480042967472e-01
-4.788486230474e-01	-5.071401458125e-01	-7.165981221793e-01
-5.011406553972e-01	-3.953925215669e-01	-7.697550242753e-01
-3.527035481190e-01	-9.908179727141e-02	-9.304746125466e-01
-8.672459445179e-02	4.884424129588e-02	-9.950342128839e-01
7.697966468515e-02	4.062659431184e-02	-9.962046030106e-01
3.630472718475e-01	-1.020944493546e-01	-9.261605702118e-01
4.711210122593e-01	-3.556133804019e-01	-8.072076037098e-01
4.178059450961e-01	-5.771370107018e-01	-7.016773212243e-01
5.495836030871e-01	-3.502668223814e-01	-7.584662262465e-01
7.243936592373e-01	3.102695187522e-02	-6.886879951866e-01
7.399240382192e-01	5.076118734078e-01	-4.414097910568e-01
4.124311505631e-01	8.906878186285e-01	-1.912478909480e-01
4.954372182828e-02	9.869082582859e-01	-1.534845573809e-01
-1.966709923951e-02	9.886311045202e-01	-1.490695957689e-01
-3.697827452987e-01	9.125863252526e-01	-1.744904588835e-01
-7.389209338712e-01	5.232460553532e-01	-4.245107996791e-01
-7.134837910927e-01	1.679059827390e-02	-7.004705244745e-01
-5.672147416230e-01	-2.980462143344e-01	-7.677472832948e-01
-4.539867538093e-01	-5.031329458436e-01	-7.353592769337e-01
-4.720424270874e-01	-4.122567240764e-01	-7.792434410909e-01
-3.409958747382e-01	-1.219386777908e-01	-9.321227238246e-01
-8.780512661398e-02	1.363515177065e-02	-9.960443475953e-01
6.556162669058e-02	1.817057189606e-02	-9.976830676235e-01
3.345793839480e-01	-1.237447525358e-01	-9.342076172119e-01
4.429519291214e-01	-3.506692379850e-01	-8.251210056826e-01
4.031200971285e-01	-5.577627343088e-01	-7.255307846725e-01
5.373877652802e-01	-3.176657263361e-01	-7.812188400432e-01
7.081419625175e-01	6.154209437177e-02	-7.033829195696e-01
7.184787750591e-01	5.288836139535e-01	-4.517414887755e-01
3.862386284778e-01	8.975788440730e-01	-2.125369157210e-01
2.275919334551e-02	9.834780110114e-01	-1.795912608548e-01
-4.344736038507e-02	9.822196311584e-01	-1.826387774886e-01
-3.811723600533e-01	8.996816122154e-01	-2.127924542199e-01
-7.211978970384e-01	5.205834274655e-01	-4.570191334677e-01
-6.899494049505e-01	1.610399247770e-02	-7.236784369005e-01
-5.399738897537e-01	-3.047980775099e-01	-7.845548612624e-01
-4.203904327440e-01	-5.148571206825e-01	-7.471238380214e-01
-4.474440612681e-01	-4.383812380953e-01	-7.794970828181e-01
-3.321959344981e-01	-1.575254267727e-01	-9.299632256294e-01
-1.029073888440e-01	-1.502226753123e-02	-9.945774986393e-01
5.126288651105e-02	-1.599908634106e-02	-9.985570317728e-01
3.127119955140e-01	-1.435246860012e-01	-9.389418897727e-01
4.158675971770e-01	-3.633317576207e-01	-8.336930943234e-01
3.744255211601e-01	-5.592173925528e-01	-7.396495365850e-01
5.122797794672e-01	-3.097891849997e-01	-8.009994309650e-01
6.850441570793e-01	6.494638648374e-02	-7.256007647007e-01
7.004185120358e-01	5.293575764195e-01	-4.787425866631e-01
3.877305033271e-01	8.884331030070e-01	-2.456657857152e-01
2.633284490730e-02	9.776704718969e-01	-2.084874808234e-01
-3.443377932625e-02	9.767824244087e-01	-2.114483629816e-01
-3.711814495021e-01	8.963668229380e-01	-2.423857468613e-01
-6.997136540669e-01	5.373687324299e-01	-4.707819534764e-01
-6.699002170421e-01	3.227816250103e-02	-7.417491620706e-01
-5.195891829619e-01	-2.880673195874e-01	-8.043906391392e-01
-3.971437077195e-01	-5.066150407731e-01	-7.652568692153e-01
-4.197616674940e-01	-4.478166532272e-01	-7.894684208979e-01
-3.015216786396e-01	-1.689697799185e-01	-9.383676735612e-01
-6.248170073259e-02	-4.373474193838e-02	-9.970874131294e-01
1.034689221018e-01	-6.171145274948e-02	-9.927164140673e-01
3.457411202967e-01	-2.137786527863e-01	-9.136529786242e-01
3.966577419974e-01	-4.649255248918e-01	-7.915218834736e-01
3.060855824548e-01	-6.404218206107e-01	-7.043944263685e-01
4.470833074880e-01	-3.944997258874e-01	-8.027991544841e-01
6.282455789847e-01	-2.119386076006e-02	-7.777263739595e-01
6.823325992833e-01	4.715858923029e-01	-5.585955335805e-01
4.774320980907e-01	8.197276539342e-01	-3.163940029270e-01
1.896947059114e-01	9.416942291244e-01	-2.778990776936e-01

Hair-24
-5.518989807656e-02	9.984580246816e-01	-5.970602919871e-03
-1.257881671393e-02	9.999208708947e-01	1.591199718792e-04
-3.666190304641e-02	9.993277252199e-01	4.971655916685e-05
-1.353782699795e-02	9.999083547986e-01	9.614654249365e-05
-3.141924144079e-02	9.995062444158e-01	3.140718871867e-04
-9.778353568548e-03	9.999521888100e-01	6.241523134320e-05
-2.836975872016e-02	9.995974530839e-01	-2.976212498493e-04
-9.408863469393e-04	9.999995522639e-01	1.010195414147e-04
-2.670140450663e-02	9.996432671119e-01	-6.111588943409e-04
3.066172533115e-03	9.999952948309e-01	9.435060352370e-05
-2.017081381666e-02	9.997965480623e-01	-2.743342068367e-05
-4.029366874535e-04	9.999999072165e-01	1.523451455855e-04
-2.528849100929e-02	9.996801363377e-01	3.423949079133e-04
-7.268237955065e-03	9.999735736948e-01	1.569363528499e-04
-3.313855904633e-02	9.994507292561e-01	-2.751251503108e-04

Hair-25
9.994744548222e-01	-3.241385446869e-02	3.952167291887e-04
9.999608670017e-01	-8.776925650382e-03	-1.109072270202e-03
9.986399031268e-01	-5.213725720805e-02	-2.242624256550e-04
9.999834135164e-01	5.465962264915e-03	-1.815474784423e-03
9.989587554331e-01	-4.561554071119e-02	-7.920790757812e-04
9.999641015491e-01	-8.441984492781e-03	7.269875753378e-04
9.998942792728e-01	-1.454059249258e-02	-3.804489181830e-05

Hair-26
9.978696157609e-01	6.523933182764e-02	2.439749546536e-04
9.991043738138e-01	4.231355970834e-02	1.135379211686e-04
9.984187330614e-01	5.621412076544e-02	-7.809351465049e-05
9.995500840132e-01	2.999218741282e-02	3.134381327594e-04
9.991462278756e-01	4.131361703494e-02	-1.922184623659e-05
9.994530010825e-01	3.304462826584e-02	-1.323317758806e-03
9.997541617870e-01	2.217113330088e-02	2.384065202583e-04

