Hair-0
-1.258551970860e-02	3.844558341116e-01	9.230575910046e-01
-2.552638318707e-02	5.329795556651e-01	8.457429851938e-01
-4.630600521632e-02	4.617049416106e-01	8.858240800369e-01
1.747630970030e-04	4.813677774074e-01	8.765187005032e-01
1.454592436235e-02	4.830221047945e-01	8.754873285001e-01
2.492036261637e-02	4.851509797313e-01	8.740752269644e-01
6.160773989452e-02	4.629128558331e-01	8.842602412692e-01
7.664002117287e-02	4.585892071291e-01	8.853373629636e-01

Hair-1
1.015827762559e-02	3.858242591656e-01	-9.225163686542e-01
-6.121608946343e-03	6.432816767343e-01	-7.656051268649e-01
4.254874579021e-02	5.407657209460e-01	-8.400964464164e-01
1.296137061137e-03	5.396837212144e-01	-8.418668547252e-01
-1.317453768919e-02	5.386280122896e-01	-8.424406779908e-01
-5.343852900717e-02	5.384541316043e-01	-8.409586623466e-01
4.116149933906e-03	6.519265243921e-01	-7.582709701049e-01
-9.426271711591e-03	3.886938732130e-01	-9.213187387263e-01

Hair-2
-1.000211316048e-02	3.812407233851e-01	9.244216941230e-01
-2.820185747332e-02	5.351253160354e-01	8.443018129633e-01
-4.079494918933e-02	4.664112541238e-01	8.836267957386e-01
3.079050898953e-03	4.819867406923e-01	8.761731000449e-01
1.713062589165e-02	4.824310384911e-01	8.757664270552e-01
2.666168204578e-02	4.835403789042e-01	8.749159140624e-01
6.079457243067e-02	4.634130779338e-01	8.840544887974e-01
7.725983599867e-02	4.605622355969e-01	8.842586413959e-01

Hair-3
1.213587518888e-02	3.904224636645e-01	-9.205558214468e-01
-5.149283986376e-03	6.493612264528e-01	-7.604626765688e-01
4.174665570719e-02	5.423529948386e-01	-8.391128921229e-01
7.809980370408e-03	5.394185181199e-01	-8.420015834403e-01
-8.758033743296e-03	5.385728844990e-01	-8.425334087900e-01
-5.136551774987e-02	5.399607510274e-01	-8.401214024986e-01
4.227097132565e-03	6.532261246312e-01	-7.571510825121e-01
-4.412066994373e-03	3.915427664241e-01	-9.201493333833e-01

Hair-4
-1.002999731484e-02	3.805016759990e-01	9.247258370543e-01
-2.828388196261e-02	5.343029532514e-01	8.448197299827e-01
-4.058737581163e-02	4.675022200986e-01	8.830596464156e-01
1.725215051775e-03	4.816456902208e-01	8.763643378896e-01
1.909188587812e-02	4.818418945037e-01	8.760501632867e-01
2.706820516829e-02	4.831724486652e-01	8.751066775656e-01
6.025017098624e-02	4.610107856935e-01	8.853468090926e-01
7.650464731627e-02	4.590427034323e-01	8.851140239340e-01

Hair-5
1.186910413267e-02	3.780653039746e-01	-9.257028412496e-01
-2.826178180961e-03	6.371447516535e-01	-7.707389818591e-01
5.056092875935e-02	5.362137934636e-01	-8.425665316059e-01
1.316234266753e-02	5.383120829211e-01	-8.426427796621e-01
-9.041312869091e-03	5.387585286949e-01	-8.424117178792e-01
-5.608302814408e-02	5.367676933367e-01	-8.418640848404e-01
5.203905866916e-03	6.415580421264e-01	-7.670568414053e-01
-6.182016502615e-03	3.822793322263e-01	-9.240261331935e-01

Hair-6
-9.273525378360e-03	3.773929916308e-01	9.260067664953e-01
-2.834125782267e-02	5.309984908410e-01	8.468986809705e-01
-4.246255072982e-02	4.653882036988e-01	8.840875248772e-01
-7.642420387138e-05	4.812490949507e-01	8.765838823344e-01
2.060865025671e-02	4.814905060445e-01	8.762089797095e-01
2.903980684809e-02	4.820876341862e-01	8.756415948223e-01
6.138704804716e-02	4.563911537125e-01	8.876591379269e-01
7.571171176343e-02	4.538231252080e-01	8.878695330556e-01

Hair-7
1.036304210581e-02	3.765142462663e-01	-9.263528645807e-01
-2.040044952484e-03	6.340607768870e-01	-7.732805244089e-01
5.136918338261e-02	5.352508485146e-01	-8.431297267698e-01
1.198745502005e-02	5.383590688423e-01	-8.426302949203e-01
-1.274168870356e-02	5.383418751968e-01	-8.426302123581e-01
-5.889141788703e-02	5.342947344808e-01	-8.432442929574e-01
4.119495649985e-03	6.390097588709e-01	-7.691875959890e-01
-7.196115364412e-03	3.788375357198e-01	-9.254352151574e-01

Hair-8
-9.489952105875e-03	3.782530525285e-01	9.256535902063e-01
-2.783209155277e-02	5.305594128442e-01	8.471907011542e-01
-4.449719307103e-02	4.631190855518e-01	8.851783506201e-01
-1.049226525468e-03	4.811661048999e-01	8.766288146183e-01
1.693649804357e-02	4.822258321214e-01	8.758832124598e-01
2.582790276822e-02	4.848911143305e-01	8.741930717421e-01
6.215041082029e-02	4.587653341678e-01	8.863812354742e-01
7.566746298375e-02	4.538122626232e-01	8.878788573552e-01

Hair-9
1.232364769302e-02	3.841305401543e-01	-9.231965423616e-01
-5.281148360280e-03	6.397548968397e-01	-7.685608508385e-01
4.687374368774e-02	5.382303607275e-01	-8.414932744496e-01
7.476615850439e-03	5.390035086582e-01	-8.422703353850e-01
-1.120333037499e-02	5.386007052176e-01	-8.424866561125e-01
-5.341075854637e-02	5.385755269766e-01	-8.408826865939e-01
5.277873237112e-03	6.471351871686e-01	-7.623569987758e-01
-7.890897196095e-03	3.850471114872e-01	-9.228631836176e-01

Hair-10
-9.926040496867e-03	3.810390762753e-01	9.245056495616e-01
-2.806747047409e-02	5.340988800020e-01	8.449559772448e-01
-4.214795571885e-02	4.652492881418e-01	8.841756893923e-01
1.152564019195e-03	4.816524788625e-01	8.763615470808e-01
1.557500612099e-02	4.826782533472e-01	8.756592504679e-01
2.476910652126e-02	4.850506435729e-01	8.741352095252e-01
6.121674784413e-02	4.635886612272e-01	8.839332910152e-01
7.726825532430e-02	4.592757067945e-01	8.849268002877e-01

Hair-11
9.457593357222e-03	3.733700690453e-01	-9.276342735524e-01
-2.143217736651e-03	6.331686375220e-01	-7.740109063032e-01
5.161764511938e-02	5.358929650484e-01	-8.427065614578e-01
1.297375432678e-02	5.381650094116e-01	-8.427396420862e-01
-1.577117657774e-02	5.379311287566e-01	-8.428412488150e-01
-6.112390222912e-02	5.331700775227e-01	-8.437970946920e-01
2.137774892745e-03	6.369841826166e-01	-7.708739073381e-01
-3.874711177347e-03	3.737889649791e-01	-9.275056853050e-01

Hair-12
-1.016049382217e-02	3.811320147860e-01	9.244647920124e-01
-2.830442354662e-02	5.343293950414e-01	8.448023184168e-01
-4.185294960515e-02	4.663460054595e-01	8.836117551285e-01
8.189021258217e-04	4.815466601909e-01	8.764200724871e-01
1.622784511131e-02	4.823920326582e-01	8.758051061000e-01
2.487251082077e-02	4.843438559547e-01	8.745240919520e-01
5.987705805331e-02	4.646090658530e-01	8.834891928293e-01
7.748451496059e-02	4.614634617014e-01	8.837689876070e-01

Hair-13
1.107703418719e-02	3.809191688149e-01	-9.245419872256e-01
-3.643014359858e-03	6.403214132415e-01	-7.680984417318e-01
4.774542650828e-02	5.375405597582e-01	-8.418850995607e-01
1.081167444523e-02	5.388216052127e-01	-8.423505122285e-01
-1.036786113039e-02	5.383229106302e-01	-8.426748787915e-01
-5.232567721310e-02	5.390490473857e-01	-8.406474576282e-01
5.571659853589e-03	6.475229509985e-01	-7.620255799753e-01
-7.845870989079e-03	3.870197754650e-01	-9.220380337640e-01

Hair-14
-1.005289307757e-02	3.799115337862e-01	9.249681972030e-01
-2.825820829312e-02	5.327715780239e-01	8.457871595821e-01
-4.330854948203e-02	4.648710553635e-01	8.843185350466e-01
-1.321690893379e-03	4.811540475093e-01	8.766350641507e-01
1.690342456736e-02	4.819495921616e-01	8.760358810306e-01
2.559007076233e-02	4.839435886501e-01	8.747249575054e-01
5.722166285703e-02	4.625463342751e-01	8.847466134145e-01
7.877389642432e-02	4.633010177412e-01	8.826929478602e-01

Hair-15
4.285825141082e-03	3.490103969576e-01	-9.371090515614e-01
3.076641321595e-03	6.116642316076e-01	-7.911114978624e-01
6.489568730701e-02	5.277219331627e-01	-8.469345376285e-01
1.282322912982e-02	5.383409632265e-01	-8.426295580545e-01

Hair-16
-9.277919470473e-02	9.956865846581e-01	4.961469447285e-04
-4.731332285923e-01	8.796427359164e-01	-4.871965877802e-02
-8.351529326268e-01	4.335836676735e-01	-3.384151034626e-01
-7.898967248325e-01	-8.710718978695e-02	-6.070218295797e-01

Hair-17
-6.307933498789e-02	9.980084637564e-01	-3.221305662325e-04
-4.491977068411e-01	8.924021532120e-01	-4.289308931845e-02
-8.250905055761e-01	4.741189367050e-01	-3.073058597976e-01
-8.057205193166e-01	-4.044629863749e-02	-5.909133114753e-01
-6.636515543477e-01	-3.537812626105e-01	-6.590944034337e-01
-5.705349163467e-01	-5.182834619157e-01	-6.370809699984e-01
-5.996471906227e-01	-3.564446215480e-01	-7.164987638146e-01
-4.342225582208e-01	-5.073666542190e-03	-9.007913342390e-01
-1.020849802267e-01	1.676700177021e-01	-9.805434319682e-01
9.244514014105e-02	1.638780862550e-01	-9.821394345559e-01
4.334293981614e-01	-6.942903543743e-03	-9.011607808265e-01
5.726632997018e-01	-3.068244196373e-01	-7.602075510602e-01
5.239098206821e-01	-5.698616159870e-01	-6.330689049524e-01
6.319189680324e-01	-3.808393933862e-01	-6.750109438269e-01
8.018850503651e-01	9.914231271190e-04	-5.974775167998e-01
8.085779035044e-01	4.840415659582e-01	-3.345228488298e-01
4.635403898815e-01	8.823732680433e-01	-8.091800041404e-02
5.702437644526e-02	9.978965725289e-01	-3.083262924297e-02
-4.045118361382e-02	9.987203449670e-01	-3.035414787609e-02
-4.241715169372e-01	9.029893176640e-01	-6.847493266845e-02
-8.074412625199e-01	4.913425560333e-01	-3.265288658157e-01
-7.909675415651e-01	-2.203624786885e-02	-6.114611614570e-01
-6.494712624986e-01	-3.366697475474e-01	-6.817921679477e-01
-5.512899621296e-01	-5.094570757225e-01	-6.607063384375e-01
-5.744331996044e-01	-3.612873030993e-01	-7.345052646588e-01
-4.146552293018e-01	-2.681048710735e-02	-9.095835522885e-01
-9.825648907755e-02	1.376010957063e-01	-9.856021513849e-01
8.606895863848e-02	1.344702374023e-01	-9.871726746683e-01
4.140692972893e-01	-2.923036638700e-02	-9.097759079703e-01
5.471927694312e-01	-3.140756169621e-01	-7.758457191427e-01
5.007720030189e-01	-5.680905794635e-01	-6.530700533000e-01
6.138259906770e-01	-3.699516361455e-01	-6.973904502377e-01
7.844164988588e-01	1.190014264007e-02	-6.201202648867e-01
7.918922211869e-01	4.946669504832e-01	-3.580660806659e-01
4.544358043458e-01	8.839361963781e-01	-1.102039040199e-01
5.399803606250e-02	9.966551216051e-01	-6.134150862016e-02
-4.298415031573e-02	9.972119293177e-01	-6.099779379658e-02
-4.207166131247e-01	9.017604433653e-01	-9.912433718611e-02
-7.916352044713e-01	4.992755383463e-01	-3.521897781747e-01
-7.721191151768e-01	-1.388718473819e-02	-6.353260722484e-01
-6.287562499950e-01	-3.306311640476e-01	-7.038100677404e-01
-5.264649064272e-01	-5.109903009494e-01	-6.795024758132e-01
-5.496421902819e-01	-3.758380343522e-01	-7.460825923424e-01
-3.970432734130e-01	-5.071515613645e-02	-9.163976276571e-01
-9.686349557401e-02	1.067177443288e-01	-9.895598952416e-01
7.963204020754e-02	1.050508109803e-01	-9.912734563604e-01
3.938994138739e-01	-5.130218699998e-02	-9.177207295026e-01
5.211875699870e-01	-3.209351543387e-01	-7.907996861409e-01
4.768386612842e-01	-5.665990415161e-01	-6.720047747284e-01
5.947260576395e-01	-3.596923206556e-01	-7.189731224642e-01
7.660557105413e-01	2.239084034010e-02	-6.423840740678e-01
7.744226501541e-01	5.049273411706e-01	-3.812059011437e-01
4.436381237515e-01	8.853535193058e-01	-1.390480528706e-01
4.869145059108e-02	9.945934211752e-01	-9.172278448856e-02
-4.837968428021e-02	9.946123173862e-01	-9.168284601042e-02
-4.196474430157e-01	8.982922775257e-01	-1.302574669952e-01
-7.761727806221e-01	5.023955146134e-01	-3.809915504544e-01
-7.510085162102e-01	-1.107635529837e-02	-6.601996084012e-01
-6.045240743987e-01	-3.288683375682e-01	-7.255317084853e-01
-4.996864513180e-01	-5.151852154018e-01	-6.963459228004e-01
-5.242929632344e-01	-3.893955809687e-01	-7.572898851992e-01
-3.800464004744e-01	-7.558421320752e-02	-9.218740479047e-01
-9.544936727857e-02	7.587765246273e-02	-9.925381605474e-01
7.439629787967e-02	7.500867450376e-02	-9.944037859999e-01
3.749896227110e-01	-7.444753897873e-02	-9.240348190404e-01
4.949672323864e-01	-3.306576532752e-01	-8.035377745908e-01
4.500608363300e-01	-5.686789344645e-01	-6.885125366311e-01
5.727185176705e-01	-3.530079990076e-01	-7.398505606904e-01
7.460554254706e-01	2.953013834469e-02	-6.652287373943e-01
7.569422154364e-01	5.118923906766e-01	-4.062076597723e-01
4.372733053507e-01	8.833049710436e-01	-1.690100131868e-01
5.108142441059e-02	9.911887323681e-01	-1.222112306901e-01
-4.559975407571e-02	9.914774941725e-01	-1.220370475620e-01
-4.118675983941e-01	8.971113131645e-01	-1.598636080705e-01
-7.579184227616e-01	5.126783584158e-01	-4.033863721678e-01
-7.320897467424e-01	6.396946525091e-04	-6.812078930146e-01
-5.850611571661e-01	-3.172808348668e-01	-7.463486545856e-01
-4.764243324791e-01	-5.107969244583e-01	-7.156160684234e-01
-4.980606545971e-01	-3.972845679180e-01	-7.707791878590e-01
-3.610347554774e-01	-9.872371383719e-02	-9.273119937020e-01
-9.274464667020e-02	4.521757940124e-02	-9.946626568979e-01
6.724426202371e-02	4.542300281008e-02	-9.967020417560e-01
3.537365859901e-01	-9.599849305499e-02	-9.304056733830e-01
4.681408630519e-01	-3.369177238310e-01	-8.169030418046e-01
4.280575925938e-01	-5.607452789979e-01	-7.087534335045e-01
5.573554554351e-01	-3.341959590827e-01	-7.600447073887e-01
7.286484880164e-01	4.895160814881e-02	-6.831362389531e-01
7.362206908537e-01	5.282863480171e-01	-4.229570059210e-01
4.263620327749e-01	8.826745043199e-01	-1.977400729030e-01
4.844977845540e-02	9.871103775930e-01	-1.525310506611e-01
-4.518463942294e-02	9.873017605948e-01	-1.522943921706e-01
-4.038262012229e-01	8.950223578410e-01	-1.893657259658e-01
-7.376239851995e-01	5.277158014135e-01	-4.212207133998e-01
-7.144718613355e-01	1.857671576047e-02	-6.994175183617e-01
-5.683007705241e-01	-2.997650395676e-01	-7.662735512040e-01
-4.548563424291e-01	-5.013228619417e-01	-7.360578074082e-01
-4.712443006556e-01	-4.055515785974e-01	-7.832347835718e-01
-3.382674166310e-01	-1.188538812991e-01	-9.335142793476e-01
-8.587389830718e-02	1.553009339077e-02	-9.961849676585e-01
6.345727758651e-02	1.496190134884e-02	-9.978723943618e-01
3.347695762728e-01	-1.195572824820e-01	-9.346846457537e-01
4.410168918571e-01	-3.450603424721e-01	-8.285152147967e-01
4.041467459329e-01	-5.548964807277e-01	-7.271556253154e-01
5.394866238903e-01	-3.178012176040e-01	-7.797156973750e-01
7.096429101766e-01	6.483962839139e-02	-7.015716375582e-01
7.156187759296e-01	5.413607835502e-01	-4.413822261610e-01
4.162831346442e-01	8.805429086811e-01	-2.266109833665e-01
4.680445346212e-02	9.820592112152e-01	-1.826719704922e-01
-4.558349370734e-02	9.821350442632e-01	-1.825729989114e-01
-3.960076189459e-01	8.917945610725e-01	-2.188159650900e-01
-7.174716142952e-01	5.389665776791e-01	-4.413043290355e-01
-6.948362116164e-01	3.271153780035e-02	-7.184236871939e-01
-5.484450366127e-01	-2.869010837690e-01	-7.854271512668e-01
-4.303372659205e-01	-4.962388463719e-01	-7.540270849986e-01
-4.442239624285e-01	-4.167286245528e-01	-7.930966679306e-01
-3.180532069151e-01	-1.412434746659e-01	-9.374926338032e-01
-8.265688339476e-02	-1.525634797074e-02	-9.964612804691e-01
5.718132492174e-02	-1.477837876548e-02	-9.982544242833e-01
3.136223688262e-01	-1.416793489816e-01	-9.389185118231e-01
4.132313312858e-01	-3.506315761058e-01	-8.404149955119e-01
3.794353606791e-01	-5.498202700136e-01	-7.441279982291e-01
5.194719038459e-01	-3.040087204054e-01	-7.985785115016e-01
6.892010439240e-01	7.757535678815e-02	-7.204054310409e-01
6.948177193046e-01	5.518278628547e-01	-4.612096559239e-01
4.047435156607e-01	8.781530220257e-01	-2.550097183202e-01
4.233918321203e-02	9.762284657714e-01	-2.125685211470e-01
-4.940297128417e-02	9.758537504840e-01	-2.127646683417e-01
-3.917827795282e-01	8.857317865274e-01	-2.489687851922e-01
-6.978168566916e-01	5.450338499969e-01	-4.647469600487e-01
-6.729394810295e-01	4.155310890371e-02	-7.385294808010e-01
-5.254101890774e-01	-2.782014769048e-01	-8.040821297987e-01
-4.033591694813e-01	-4.952846296707e-01	-7.694117987186e-01
-4.170161412521e-01	-4.306665212979e-01	-8.003898333740e-01
-3.022812774690e-01	-1.678534780441e-01	-9.383236324426e-01
-8.552286566871e-02	-4.748576487313e-02	-9.952039698385e-01
4.708641378953e-02	-4.379060440794e-02	-9.979304848545e-01
2.901830853411e-01	-1.619791170013e-01	-9.431630519891e-01
3.854880905825e-01	-3.599116555065e-01	-8.496249362217e-01
3.532083961709e-01	-5.462444934494e-01	-7.595135168320e-01
4.985148845895e-01	-2.915005578666e-01	-8.164008418701e-01
6.676020603682e-01	8.840154260472e-02	-7.392514161348e-01
6.740489133314e-01	5.591666646487e-01	-4.826911057627e-01
4.119725607016e-01	8.644346293057e-01	-2.881516629937e-01
6.704371320568e-02	9.676335347380e-01	-2.432909430497e-01

Hair-18
-5.137798906623e-02	9.986791490618e-01	5.093806228114e-04
-4.440052514488e-01	8.950553433634e-01	-4.165656013835e-02
-8.264685024414e-01	4.686784060335e-01	-3.119140365393e-01
-8.038525983598e-01	-4.622523745694e-02	-5.930297020657e-01
-6.607593628188e-01	-3.588453998589e-01	-6.592624996520e-01
-5.676484932316e-01	-5.230845008712e-01	-6.357340584555e-01
-5.996306262636e-01	-3.566152027465e-01	-7.164277417973e-01
-4.255184795179e-01	3.293986492898e-03	-9.049437403738e-01
-9.234396086889e-02	1.684493707398e-01	-9.813752607379e-01
1.094775621783e-01	1.610261427949e-01	-9.808594418754e-01
4.442960575034e-01	-1.761419322720e-02	-8.957068457280e-01
5.741391962664e-01	-3.254497123781e-01	-7.512966578014e-01
5.136313582668e-01	-5.898676030706e-01	-6.230883072669e-01
6.197512842308e-01	-4.007415617127e-01	-6.747699951912e-01
7.959164282262e-01	-2.017554669853e-02	-6.050702327789e-01
8.134493613806e-01	4.657384177443e-01	-3.484076100009e-01
4.658629437967e-01	8.810657931908e-01	-8.182166990625e-02
5.933655312239e-02	9.977527631334e-01	-3.112229302722e-02
-3.525723628021e-02	9.989251851042e-01	-3.008989621678e-02
-4.183783163063e-01	9.058545433774e-01	-6.623541867689e-02
-8.092649378593e-01	4.837880881973e-01	-3.332256683841e-01
-7.885524634248e-01	-3.028368616324e-02	-6.142213858041e-01
-6.449629759671e-01	-3.446894407185e-01	-6.820644757564e-01
-5.467752479053e-01	-5.180137867627e-01	-6.577982555479e-01
-5.750562501880e-01	-3.679684677427e-01	-7.306911220665e-01
-4.121117203158e-01	-2.461537914989e-02	-9.108007537808e-01
-9.950910241216e-02	1.367621179987e-01	-9.855932536385e-01
9.227613460621e-02	1.340927122995e-01	-9.866631945554e-01
4.153029463621e-01	-3.160860908280e-02	-9.091338507474e-01
5.482885113865e-01	-3.239044674822e-01	-7.710159558833e-01
4.952580428941e-01	-5.788582042580e-01	-6.477983099021e-01
6.073701524810e-01	-3.806364904123e-01	-6.972928796724e-01
7.811599809794e-01	1.710226497029e-04	-6.243308857229e-01
7.945122341497e-01	4.846910762624e-01	-3.658208173110e-01
4.521126081172e-01	8.852033129483e-01	-1.095868802679e-01
5.063593352670e-02	9.968361320742e-01	-6.126767522368e-02
-4.345818118929e-02	9.971968168335e-01	-6.090890727004e-02
-4.196036424224e-01	9.023729792433e-01	-9.826387737869e-02
-7.942547583219e-01	4.891086634983e-01	-3.604609468083e-01
-7.686439994251e-01	-2.516511087001e-02	-6.391816012236e-01
-6.225109348266e-01	-3.411959821124e-01	-7.043191306586e-01
-5.210434170313e-01	-5.217118342861e-01	-6.755224049091e-01
-5.504506605300e-01	-3.840528084521e-01	-7.412877380897e-01
-3.977849052731e-01	-5.200506282227e-02	-9.160036258540e-01
-1.004998801197e-01	1.059669043083e-01	-9.892779130696e-01
8.275172054299e-02	1.047574676470e-01	-9.910489522316e-01
3.950391505326e-01	-5.304599589161e-02	-9.171315019485e-01
5.222574495694e-01	-3.308776878390e-01	-7.859816232327e-01
4.715095689425e-01	-5.766756797437e-01	-6.671760538177e-01
5.885856355630e-01	-3.698044123989e-01	-7.188961303131e-01
7.628701684561e-01	1.109225152824e-02	-6.464565476780e-01
7.769981200925e-01	4.952184470845e-01	-3.886291433229e-01
4.408143079556e-01	8.869043936082e-01	-1.381424717460e-01
4.521855970060e-02	9.947697386252e-01	-9.158847620826e-02
-5.064534745007e-02	9.944960439618e-01	-9.172059379445e-02
-4.193416064434e-01	8.985023259948e-01	-1.297928630063e-01
-7.795691042893e-01	4.897053542584e-01	-3.904621334370e-01
-7.464268614792e-01	-2.466714934825e-02	-6.650101294005e-01
-5.969161914719e-01	-3.414897901910e-01	-7.259998509324e-01
-4.933722125768e-01	-5.274357194094e-01	-6.916613490344e-01
-5.250619381248e-01	-3.998518859859e-01	-7.512845202759e-01
-3.818490753136e-01	-7.794701333737e-02	-9.209318904208e-01
-9.802876832450e-02	7.544708517978e-02	-9.923195543365e-01
7.771150865595e-02	7.462067594032e-02	-9.941793983706e-01
3.774249173660e-01	-7.726142268052e-02	-9.228115215561e-01
4.960011558353e-01	-3.417977766520e-01	-7.982212307912e-01
4.444191816700e-01	-5.793953090858e-01	-6.832222674746e-01
5.659150619820e-01	-3.640432926184e-01	-7.397382129656e-01
7.423272138382e-01	1.700949749661e-02	-6.698216065417e-01
7.600323528640e-01	5.007600923762e-01	-4.142344173090e-01
4.342248743896e-01	8.849866691612e-01	-1.680694911887e-01
4.876408727809e-02	9.913137154723e-01	-1.221441005876e-01
-4.779414907957e-02	9.913655864286e-01	-1.221064836885e-01
-4.129132245173e-01	8.966399606062e-01	-1.598106694271e-01
-7.619202674659e-01	4.979060678472e-01	-4.142065349866e-01
-7.266273174264e-01	-1.495931823634e-02	-6.868689542902e-01
-5.765324388902e-01	-3.317741466291e-01	-7.466835089487e-01
-4.689927497448e-01	-5.247293692649e-01	-7.104258509638e-01
-4.988427721563e-01	-4.102058578196e-01	-7.634703942380e-01
-3.615482233407e-01	-9.990565245652e-02	-9.269852980530e-01
-9.319419416275e-02	4.525112853035e-02	-9.946191117916e-01
7.270736463556e-02	4.459241903835e-02	-9.963559380523e-01
3.568701179079e-01	-9.945028931829e-02	-9.288451748806e-01
4.690496938131e-01	-3.468049197965e-01	-8.122307137377e-01
4.225310165312e-01	-5.715805676769e-01	-7.033940536593e-01
5.504501617537e-01	-3.452635833622e-01	-7.601300398151e-01
7.252398458278e-01	3.645748399050e-02	-6.875303759724e-01
7.390416343962e-01	5.175683252561e-01	-4.312081763146e-01
4.235945808601e-01	8.842334032445e-01	-1.967204098527e-01
4.806783191660e-02	9.871344203293e-01	-1.524962941716e-01
-4.434004035365e-02	9.873591315315e-01	-1.521706482959e-01
-4.034277721188e-01	8.952936233219e-01	-1.889321590477e-01
-7.409517701773e-01	5.149414616336e-01	-4.310751272827e-01
-7.097937364950e-01	4.673963753595e-03	-7.043940698894e-01
-5.608675172290e-01	-3.127011160735e-01	-7.665804850919e-01
-4.486680348127e-01	-5.135314757241e-01	-7.314249229948e-01
-4.720531594460e-01	-4.157073858035e-01	-7.774015590706e-01
-3.373791469117e-01	-1.187025775997e-01	-9.338549187643e-01
-8.598009565198e-02	1.552810084843e-02	-9.961758385123e-01
6.921689676212e-02	1.430310545461e-02	-9.974990939229e-01
3.367012021000e-01	-1.222049252901e-01	-9.336478226501e-01
4.419520886718e-01	-3.538527960480e-01	-8.242976101188e-01
3.989658722537e-01	-5.651877332986e-01	-7.220727518094e-01
5.331986219322e-01	-3.282418987549e-01	-7.797156439827e-01
7.065035788648e-01	5.288937618627e-02	-7.057304066978e-01
7.180776829728e-01	5.314162978841e-01	-4.494008895847e-01
4.132737364929e-01	8.822461228654e-01	-2.254919009946e-01
4.388546483528e-02	9.822198031364e-01	-1.825330772845e-01
-4.566452863338e-02	9.821475328974e-01	-1.824855458609e-01
-3.960679169240e-01	8.918404630852e-01	-2.185195496686e-01
-7.209563653448e-01	5.255190486273e-01	-4.517207641880e-01
-6.899378020674e-01	1.779844555185e-02	-7.236498079972e-01
-5.404846884341e-01	-3.004827550847e-01	-7.858666651951e-01
-4.240704828148e-01	-5.091957206076e-01	-7.489218542145e-01
-4.451017013529e-01	-4.271257276371e-01	-7.870502450563e-01
-3.193974270815e-01	-1.434668470928e-01	-9.366976819439e-01
-8.613987943338e-02	-1.552672937676e-02	-9.961620560160e-01
5.929943228335e-02	-1.515670322516e-02	-9.981251683422e-01
3.139244745463e-01	-1.425321434166e-01	-9.386884533081e-01
4.141256900349e-01	-3.587865283728e-01	-8.365238430023e-01
3.751377293266e-01	-5.579064140616e-01	-7.402784051860e-01
5.148098290713e-01	-3.117732315619e-01	-7.986039644110e-01
6.869245734649e-01	6.860129041277e-02	-7.234835819310e-01
6.965088465171e-01	5.443679865501e-01	-4.674814669512e-01
3.981092380195e-01	8.818813814884e-01	-2.525752632142e-01
3.603829919346e-02	9.765407919881e-01	-2.122953663520e-01
-5.304642734214e-02	9.756233571050e-01	-2.129439870419e-01
-3.948626790929e-01	8.841285654419e-01	-2.498002090256e-01
-7.032138387666e-01	5.249106974604e-01	-4.795404640474e-01
-6.653803669977e-01	1.954491852765e-02	-7.462485935489e-01
-5.130230507944e-01	-2.992002432829e-01	-8.045412132222e-01
-3.929919854573e-01	-5.162774394339e-01	-7.609302891185e-01
-4.178859237608e-01	-4.499101959596e-01	-7.892731911665e-01
-3.115768162845e-01	-1.779513651505e-01	-9.334094488461e-01
-9.804918905271e-02	-4.964207193088e-02	-9.939426649563e-01
3.978126214642e-02	-4.298564781362e-02	-9.982833692214e-01
2.862112096092e-01	-1.589708585592e-01	-9.448869824603e-01
3.858572708297e-01	-3.627031269680e-01	-8.482691838299e-01
3.507630714481e-01	-5.504990139025e-01	-7.575725070254e-01
4.954771424713e-01	-2.963660383531e-01	-8.164983604389e-01
6.662871155232e-01	8.299789400970e-02	-7.410619604849e-01
6.753130988467e-01	5.535439544965e-01	-4.873820975029e-01
4.026328087339e-01	8.696395708388e-01	-2.856813577438e-01
6.005843937670e-02	9.682371819842e-01	-2.427132944093e-01

Hair-19
-7.899180142285e-02	9.968750135359e-01	-7.090103951657e-04
-4.592571693209e-01	8.871378415289e-01	-4.548958732323e-02
-8.283268693642e-01	4.620744536154e-01	-3.167993005128e-01
-8.011566284982e-01	-5.407230269101e-02	-5.960069149726e-01
-6.558731065765e-01	-3.670412609845e-01	-6.596295784792e-01
-5.640919304807e-01	-5.307193021299e-01	-6.325640807960e-01
-6.006010044127e-01	-3.657797496169e-01	-7.109737043440e-01
-4.398671139980e-01	-1.024475800088e-02	-8.980044359337e-01
-1.090526602622e-01	1.658545664001e-01	-9.801019233192e-01
8.790754960418e-02	1.652256221044e-01	-9.823302685568e-01
4.301035266582e-01	-4.462120511686e-03	-9.027685449974e-01
5.724142852810e-01	-3.048067641522e-01	-7.612060972781e-01
5.238521598442e-01	-5.700393685490e-01	-6.329565806047e-01
6.313009588697e-01	-3.818045173236e-01	-6.750440058852e-01
8.016235316100e-01	-1.683237204487e-04	-5.978291438499e-01
8.087442664196e-01	4.833281942049e-01	-3.351515600741e-01
4.601654775074e-01	8.842176179362e-01	-8.004334726668e-02
5.400561172358e-02	9.980698297552e-01	-3.065956351302e-02
-4.568597055766e-02	9.984867546900e-01	-3.061033816937e-02
-4.266413964236e-01	9.017949071306e-01	-6.886990874779e-02
-8.086302613766e-01	4.867693055222e-01	-3.304129894351e-01
-7.893772297956e-01	-2.739903420843e-02	-6.132967324262e-01
-6.465634654423e-01	-3.419123581132e-01	-6.819469367368e-01
-5.489313921030e-01	-5.143159861624e-01	-6.589031743297e-01
-5.748201005460e-01	-3.648426199004e-01	-7.324422944591e-01
-4.165792196175e-01	-2.856893915617e-02	-9.086504110484e-01
-1.009948776328e-01	1.369214914571e-01	-9.854199814643e-01
8.399904190119e-02	1.351514993313e-01	-9.872579365030e-01
4.122829107260e-01	-2.796441565606e-02	-9.106265936048e-01
5.470614015990e-01	-3.128576519953e-01	-7.764302367042e-01
5.011267517446e-01	-5.674221955873e-01	-6.533789334229e-01
6.142691590322e-01	-3.691367177482e-01	-6.974320639832e-01
7.847182946508e-01	1.277324980998e-02	-6.197209389149e-01
7.915608276522e-01	4.958084372531e-01	-3.572190499893e-01
4.517644029694e-01	8.853923793145e-01	-1.094954741594e-01
5.321275265787e-02	9.967072653175e-01	-6.118030906954e-02
-4.563331527669e-02	9.970859238428e-01	-6.113314167869e-02
-4.225683828100e-01	9.008545343588e-01	-9.948401768371e-02
-7.920050077336e-01	4.977558291494e-01	-3.535070045597e-01
-7.716477263184e-01	-1.568513729654e-02	-6.358567157274e-01
-6.278609325458e-01	-3.322542565547e-01	-7.038449817850e-01
-5.258792208756e-01	-5.121095033108e-01	-6.791133201978e-01
-5.496634511387e-01	-3.758686915613e-01	-7.460514842732e-01
-3.958477307138e-01	-4.972209921027e-02	-9.169690763264e-01
-9.498963416454e-02	1.071956821365e-01	-9.896898782611e-01
8.122433604534e-02	1.047428920118e-01	-9.911768428525e-01
3.948306797594e-01	-5.216687107998e-02	-9.172716892407e-01
5.212424845479e-01	-3.214527338623e-01	-7.905532317275e-01
4.767269176956e-01	-5.668862263436e-01	-6.718418357965e-01
5.946862346951e-01	-3.597219447351e-01	-7.189912410734e-01
7.661248424193e-01	2.255211871248e-02	-6.422959814366e-01
7.743545724576e-01	5.051765158367e-01	-3.810140206883e-01
4.437202976973e-01	8.853119853842e-01	-1.390503000594e-01
4.957746812285e-02	9.945514016018e-01	-9.170378523464e-02
-4.857305027465e-02	9.946019189799e-01	-9.169341060545e-02
-4.202152302452e-01	8.980112449470e-01	-1.303647353344e-01
-7.763742284070e-01	5.016222863390e-01	-3.815994487856e-01
-7.507707142343e-01	-1.189829525024e-02	-6.604557254035e-01
-6.040984786940e-01	-3.296153720130e-01	-7.255471966539e-01
-4.994847583307e-01	-5.155900443391e-01	-6.961909812499e-01
-5.243216601145e-01	-3.889982245736e-01	-7.574742094708e-01
-3.790934275223e-01	-7.484842521752e-02	-9.223263448757e-01
-9.402959138703e-02	7.629312362475e-02	-9.926418262552e-01
7.543360920806e-02	7.481183822934e-02	-9.943404645606e-01
3.755071828456e-01	-7.491237465157e-02	-9.237870380967e-01
4.949330882849e-01	-3.300630427878e-01	-8.038032258622e-01
4.500627244765e-01	-5.688268075490e-01	-6.883891392594e-01
5.724378360880e-01	-3.534408678347e-01	-7.398611199132e-01
7.459631293083e-01	2.916700144663e-02	-6.653482514738e-01
7.570258268294e-01	5.116478457423e-01	-4.063599136979e-01
4.374112495572e-01	8.832308560593e-01	-1.690403906336e-01
5.066488458664e-02	9.912178077751e-01	-1.221487904945e-01
-4.718272604867e-02	9.913942200793e-01	-1.221117961377e-01
-4.134768580675e-01	8.963125456403e-01	-1.601896013180e-01
-7.586196098824e-01	5.100407972305e-01	-4.054067989838e-01
-7.311079207969e-01	-2.384304169313e-03	-6.822576663121e-01
-5.832883531638e-01	-3.203044103112e-01	-7.464447613847e-01
-4.748301351267e-01	-5.137990172717e-01	-7.145256556809e-01
-4.982451996500e-01	-3.997595484694e-01	-7.693789862177e-01
-3.632301861230e-01	-1.006946767829e-01	-9.262420925204e-01
-9.591094533753e-02	4.438866507773e-02	-9.943996867342e-01
6.412648247188e-02	4.628306896953e-02	-9.968679309580e-01
3.510092771602e-01	-9.397315299248e-02	-9.316445319241e-01
4.679237010368e-01	-3.344123279365e-01	-8.180561135595e-01
4.287925016140e-01	-5.593534135699e-01	-7.094087321758e-01
5.579136600771e-01	-3.332940618508e-01	-7.600311942509e-01
7.289093191002e-01	4.980770717495e-02	-6.827960140736e-01
7.360233802400e-01	5.290596683073e-01	-4.223333412254e-01
4.254231507295e-01	8.831913581260e-01	-1.974542168578e-01
4.774557557154e-02	9.871531493293e-01	-1.524762925265e-01
-4.743586772068e-02	9.871715125839e-01	-1.524540691371e-01
-4.038797314728e-01	8.950200330548e-01	-1.892625238554e-01
-7.378343155845e-01	5.267399022108e-01	-4.220729772976e-01
-7.142327440673e-01	1.757300103019e-02	-6.996876281148e-01
-5.677217986659e-01	-3.007819914898e-01	-7.663042169498e-01
-4.542793373584e-01	-5.025051936320e-01	-7.356077854551e-01
-4.713681513087e-01	-4.068842596026e-01	-7.824686991947e-01
-3.385091003655e-01	-1.192149419318e-01	-9.333806225704e-01
-8.708873929221e-02	1.528714096410e-02	-9.960832569668e-01
6.227784682919e-02	1.534778381144e-02	-9.979408375883e-01
3.335137670889e-01	-1.186855001187e-01	-9.352445237604e-01
4.409156071040e-01	-3.439452546331e-01	-8.290326225351e-01
4.041710573433e-01	-5.548193415504e-01	-7.272009726668e-01
5.393574103363e-01	-3.180304517308e-01	-7.797116234142e-01
7.096205899609e-01	6.439273960945e-02	-7.016353706799e-01
7.156105934252e-01	5.412180070949e-01	-4.415705463162e-01
4.158905030076e-01	8.807750402479e-01	-2.264297197465e-01
4.798049469715e-02	9.820044368928e-01	-1.826613206222e-01
-4.613456084434e-02	9.820969860228e-01	-1.826392957189e-01
-3.948014289258e-01	8.924205978486e-01	-2.184429176093e-01
-7.172047890575e-01	5.398073197506e-01	-4.407100499157e-01
-6.952625726905e-01	3.374983248273e-02	-7.179630239944e-01
-5.490956472021e-01	-2.858702532324e-01	-7.853484376635e-01
-4.310006585781e-01	-4.948987489022e-01	-7.545287672716e-01
-4.441015626975e-01	-4.149753295041e-01	-7.940839237213e-01
-3.153594098312e-01	-1.389996092051e-01	-9.387372109764e-01
-8.022552956977e-02	-1.457566445471e-02	-9.966701632992e-01
5.928173688603e-02	-1.530076634219e-02	-9.981240214628e-01
3.151910245831e-01	-1.429162477122e-01	-9.382055020954e-01
4.133677684996e-01	-3.517854170239e-01	-8.398655299124e-01
3.784757895150e-01	-5.516912105244e-01	-7.432313805143e-01
5.183152136579e-01	-3.060764604099e-01	-7.985402555124e-01
6.886655347590e-01	7.531359389692e-02	-7.211571561105e-01
6.952458141118e-01	5.500050899728e-01	-4.627392991352e-01
4.065822885986e-01	8.771863288706e-01	-2.554114074203e-01
4.521794871697e-02	9.760824355792e-01	-2.126462227919e-01
-4.761928817304e-02	9.759595896718e-01	-2.126858780491e-01
-3.897338756977e-01	8.867834271329e-01	-2.484404546286e-01
-6.975327207698e-01	5.461335557280e-01	-4.638817120380e-01
-6.733912789204e-01	4.290409556123e-02	-7.380402591038e-01
-5.262649070385e-01	-2.769097339142e-01	-8.039690584117e-01
-4.045355067857e-01	-4.930833630970e-01	-7.702076478370e-01
-4.168915659318e-01	-4.266317785765e-01	-8.026124517870e-01
-2.981477686981e-01	-1.644320287993e-01	-9.402499752328e-01
-8.030173238887e-02	-4.594094229967e-02	-9.957113344720e-01
5.246955119535e-02	-4.523314029164e-02	-9.975975687705e-01
2.946764833911e-01	-1.653841490307e-01	-9.411768449052e-01
3.862158823074e-01	-3.666621242001e-01	-8.464019015400e-01
3.485936354617e-01	-5.546711812097e-01	-7.555278671572e-01
4.930217130438e-01	-3.004668403278e-01	-8.164859265969e-01
6.649900283449e-01	7.861809039344e-02	-7.427028060165e-01
6.760948764186e-01	5.508477554824e-01	-4.893490250941e-01
4.195151238740e-01	8.600482099108e-01	-2.903861867759e-01
7.874567070502e-02	9.666975382209e-01	-2.435056240477e-01

Hair-20
-7.416547381940e-02	9.972456509209e-01	-7.708517844541e-04
-4.556369088640e-01	8.890526892714e-01	-4.450081999462e-02
-8.287783348871e-01	4.602290028680e-01	-3.183013297820e-01
-8.007090818751e-01	-5.538401445460e-02	-5.964877007496e-01
-6.549745858617e-01	-3.685797824404e-01	-6.596644873354e-01
-5.630265478897e-01	-5.328508220578e-01	-6.317207514430e-01
-6.006659617736e-01	-3.657266990759e-01	-7.109461188794e-01
-4.353289927640e-01	-6.303327290939e-03	-9.002493744092e-01
-1.051179559651e-01	1.666257869543e-01	-9.804009702441e-01
9.635291883195e-02	1.637758150994e-01	-9.817808296260e-01
4.337628687932e-01	-8.112870369126e-03	-9.009905410106e-01
5.731655779252e-01	-3.122446950132e-01	-7.576176283045e-01
5.199268747526e-01	-5.775609422017e-01	-6.293642847772e-01
6.267352843332e-01	-3.891915620107e-01	-6.750798555960e-01
7.994647951097e-01	-8.200839978545e-03	-6.006569633358e-01
8.105170945355e-01	4.765415311770e-01	-3.405439891250e-01
4.592615063166e-01	8.847120638373e-01	-7.977112833912e-02
5.556802803436e-02	9.979804655004e-01	-3.077636658225e-02
-4.296581266623e-02	9.986120875125e-01	-3.046042704615e-02
-4.227616711831e-01	9.037176498127e-01	-6.757942582897e-02
-8.097743717620e-01	4.823307328500e-01	-3.340995824389e-01
-7.880847836179e-01	-3.152993665091e-02	-6.147586818620e-01
-6.441973527522e-01	-3.463251271801e-01	-6.819594394029e-01
-5.466881708540e-01	-5.186239126213e-01	-6.573897482512e-01
-5.750693354962e-01	-3.679167895851e-01	-7.307068463572e-01
-4.119971791428e-01	-2.452657676332e-02	-9.108549672756e-01
-1.014706010381e-01	1.364698033562e-01	-9.854337673821e-01
8.945645491066e-02	1.345775169082e-01	-9.868568460611e-01
4.116535689248e-01	-2.825701736332e-02	-9.109022341400e-01
5.477339039506e-01	-3.183451617342e-01	-7.737208336754e-01
4.982787171097e-01	-5.728698323548e-01	-6.507983368551e-01
6.110511308004e-01	-3.745983000654e-01	-6.973468499503e-01
7.831057510267e-01	6.848269705607e-03	-6.218508534294e-01
7.928662311269e-01	4.906705326835e-01	-3.613939234336e-01
4.475575731292e-01	8.876779997087e-01	-1.082588914032e-01
5.126272770816e-02	9.968064091695e-01	-6.123002030537e-02
-4.716034652587e-02	9.970158745324e-01	-6.111667240527e-02
-4.207977134749e-01	9.017750190427e-01	-9.864633477698e-02
-7.942021937445e-01	4.894514522788e-01	-3.601113040624e-01
-7.688560282018e-01	-2.451682665419e-02	-6.389517455243e-01
-6.229975709080e-01	-3.405137731734e-01	-7.042189978423e-01
-5.219312989403e-01	-5.200277220512e-01	-6.761352582766e-01
-5.501816570783e-01	-3.813757605893e-01	-7.428678707883e-01
-3.958378621905e-01	-5.007432986331e-02	-9.169541691629e-01
-9.965209069132e-02	1.060901919790e-01	-9.893504596384e-01
8.277496610009e-02	1.047903410600e-01	-9.910435355763e-01
3.935062298699e-01	-5.172808691171e-02	-9.178654869195e-01
5.219210862546e-01	-3.275027315824e-01	-7.876168742028e-01
4.737019810389e-01	-5.723973694741e-01	-6.693038805946e-01
5.915062469269e-01	-3.650290985671e-01	-7.189395781606e-01
7.644783198831e-01	1.660295650392e-02	-6.444355982284e-01
7.756484828704e-01	5.001005459736e-01	-3.850569762227e-01
4.386011587679e-01	8.880958158068e-01	-1.375312527171e-01
4.721600646826e-02	9.946673062484e-01	-9.169295836558e-02
-5.146247803360e-02	9.944511665086e-01	-9.175233394444e-02
-4.195100739950e-01	8.984095997059e-01	-1.298902959153e-01
-7.790936944097e-01	4.914516597865e-01	-3.892149552936e-01
-7.471936087709e-01	-2.244947149411e-02	-6.642271691534e-01
-5.982699533234e-01	-3.392075766421e-01	-7.259554276256e-01
-4.946650913399e-01	-5.248280753039e-01	-6.927206787605e-01
-5.248104814179e-01	-3.967541215026e-01	-7.531003423612e-01
-3.805386976768e-01	-7.659192749622e-02	-9.215877474299e-01
-9.722274667631e-02	7.557684399977e-02	-9.923889752409e-01
7.769920369234e-02	7.465182452313e-02	-9.941780217048e-01
3.763290309773e-01	-7.629521574949e-02	-9.233393203462e-01
4.957369549637e-01	-3.387837981306e-01	-7.996689375032e-01
4.461322111273e-01	-5.759537263999e-01	-6.850133978549e-01
5.682798030238e-01	-3.602366543234e-01	-7.397889012124e-01
7.435330085892e-01	2.105969831987e-02	-6.683675293168e-01
7.589924473566e-01	5.044156937365e-01	-4.116980359049e-01
4.335313528908e-01	8.853617948334e-01	-1.678840621086e-01
4.984226689388e-02	9.912593764250e-01	-1.221498959493e-01
-4.853450855302e-02	9.913235161092e-01	-1.221559981676e-01
-4.125842474688e-01	8.967956289986e-01	-1.597868534944e-01
-7.608547273182e-01	5.017342633119e-01	-4.115371343348e-01
-7.282062253864e-01	-1.055466685913e-02	-6.852767997794e-01
-5.788083392685e-01	-3.278955817193e-01	-7.466360518233e-01
-4.708645553480e-01	-5.211102721948e-01	-7.118501631172e-01
-4.986272278789e-01	-4.071548369422e-01	-7.652423317958e-01
-3.599945226687e-01	-9.844981087715e-02	-9.277454275752e-01
-9.236213869394e-02	4.542743327584e-02	-9.946886867970e-01
7.242992135346e-02	4.462878114837e-02	-9.963745171300e-01
3.553398058271e-01	-9.802845437890e-02	-9.295827260265e-01
4.687248383433e-01	-3.433855711587e-01	-8.138693847541e-01
4.240435606444e-01	-5.684635735855e-01	-7.050079603681e-01
5.522480696621e-01	-3.423862628741e-01	-7.601274344145e-01
7.260475492188e-01	3.926862613282e-02	-6.865223457944e-01
7.382964582909e-01	5.202448784066e-01	-4.292593693407e-01
4.223338783273e-01	8.849146475918e-01	-1.963674150527e-01
4.833505818439e-02	9.871188546022e-01	-1.525125864940e-01
-4.721535976216e-02	9.871813492116e-01	-1.524588258229e-01
-4.013271999537e-01	8.963535617270e-01	-1.883793273070e-01
-7.397404157227e-01	5.193918781083e-01	-4.278039203906e-01
-7.117376482808e-01	1.025803541464e-02	-7.023704811060e-01
-5.637095877736e-01	-3.078872307712e-01	-7.664443579153e-01
-4.509536268244e-01	-5.088673047919e-01	-7.332768185125e-01
-4.716707021370e-01	-4.115603211867e-01	-7.798364256498e-01
-3.349840655698e-01	-1.164467212597e-01	-9.350004475519e-01
-8.610913672843e-02	1.549980811620e-02	-9.961651331583e-01
6.729548877868e-02	1.461217502720e-02	-9.976260830246e-01
3.330468998592e-01	-1.189560218878e-01	-9.353765163563e-01
4.413959266099e-01	-3.484180772335e-01	-8.269065723702e-01
4.017995271993e-01	-5.594876923149e-01	-7.249349364533e-01
5.365401858227e-01	-3.227365705180e-01	-7.797215753380e-01
7.081400801046e-01	5.859886162222e-02	-7.036361278146e-01
7.167013827748e-01	5.363921430322e-01	-4.456709512882e-01
4.096924843506e-01	8.841837136236e-01	-2.244353555691e-01
4.530136371416e-02	9.821317690035e-01	-1.826608188957e-01
-4.887987063944e-02	9.819521159916e-01	-1.827041328099e-01
-3.942937017701e-01	8.927460583239e-01	-2.180297046082e-01
-7.197709018562e-01	5.298828846995e-01	-4.485019256855e-01
-6.918557946057e-01	2.337054004907e-02	-7.216573822308e-01
-5.434531263179e-01	-2.954542241052e-01	-7.857260979207e-01
-4.265947664032e-01	-5.038448410549e-01	-7.511040416745e-01
-4.446342645225e-01	-4.216295632215e-01	-7.902713978313e-01
-3.157370594608e-01	-1.399830653423e-01	-9.384640913218e-01
-8.454139563475e-02	-1.522384042035e-02	-9.963036620965e-01
5.925380412418e-02	-1.518228125897e-02	-9.981274893683e-01
3.125670419133e-01	-1.413135567870e-01	-9.393254616893e-01
4.137676526945e-01	-3.556957251550e-01	-8.380196183206e-01
3.767669743725e-01	-5.547514366917e-01	-7.418203896569e-01
5.166538181477e-01	-3.088519720744e-01	-7.985482399574e-01
6.877902646255e-01	7.171217063786e-02	-7.223585788711e-01
6.958400781347e-01	5.468615585404e-01	-4.655631229514e-01
3.985837095020e-01	8.815702708760e-01	-2.529127992554e-01
4.005766929958e-02	9.763168795699e-01	-2.126046419937e-01
-5.299829145386e-02	9.756506633008e-01	-2.128308349459e-01
-3.910310857196e-01	8.861625468211e-01	-2.486174382713e-01
-7.007192662418e-01	5.339740218744e-01	-4.731429529020e-01
-6.692661580202e-01	3.047337068824e-02	-7.423975911920e-01
-5.190775602715e-01	-2.887177261678e-01	-8.044877631257e-01
-3.985781041269e-01	-5.047058750983e-01	-7.657724691786e-01
-4.174477415898e-01	-4.371265006114e-01	-7.966541316687e-01
-3.010948410480e-01	-1.678804761374e-01	-9.387001877203e-01
-8.559909350124e-02	-4.667672552328e-02	-9.952356899178e-01
5.096148888486e-02	-4.479246088824e-02	-9.976956259793e-01
2.939062902896e-01	-1.653002390200e-01	-9.414323786168e-01
3.866022433366e-01	-3.697174422877e-01	-8.448950930828e-01
3.472241237251e-01	-5.574102905699e-01	-7.541413500598e-01
4.913613965413e-01	-3.030324061900e-01	-8.165386327588e-01
6.642897385388e-01	7.620166594900e-02	-7.435808290823e-01
6.770163129023e-01	5.470841766160e-01	-4.922883461556e-01
4.131396057144e-01	8.636474918994e-01	-2.888402256024e-01
7.634731691265e-02	9.669061367491e-01	-2.434411836917e-01

Hair-21
-9.276432434368e-02	9.956875349636e-01	-1.054915721489e-03
-4.687601873567e-01	8.820086621804e-01	-4.821417414040e-02
-8.314511735247e-01	4.496076899393e-01	-3.264075231851e-01
-7.962023779731e-01	-6.794060155053e-02	-6.012036659660e-01
-6.480241778631e-01	-3.802395582742e-01	-6.599110115980e-01
-5.576895485490e-01	-5.429763476101e-01	-6.278208768234e-01
-6.013152176701e-01	-3.745988311246e-01	-7.057589706964e-01
-4.435729771266e-01	-1.392057807777e-02	-8.961301420380e-01
-1.137017194004e-01	1.645767286693e-01	-9.797889667606e-01
8.592464390953e-02	1.658378776011e-01	-9.824025416914e-01
4.285851312587e-01	-3.527998141944e-03	-9.034945149214e-01
5.723011563370e-01	-3.043046042186e-01	-7.614920185444e-01
5.215409897611e-01	-5.746160987060e-01	-6.307228671191e-01
6.268402690590e-01	-3.888714645435e-01	-6.751668394922e-01
7.994241488491e-01	-8.314838435577e-03	-6.007094919332e-01
8.105404559447e-01	4.766368779849e-01	-3.403548968676e-01
4.599508601253e-01	8.843433280133e-01	-7.988794945643e-02
5.303994007170e-02	9.981223188190e-01	-3.063660282261e-02
-4.788327307609e-02	9.983838686399e-01	-3.060789112388e-02
-4.281300003019e-01	9.010606928115e-01	-6.924110564982e-02
-8.107200902099e-01	4.792058070414e-01	-3.362955988828e-01
-7.864872098531e-01	-3.611221273156e-02	-6.165498980855e-01
-6.422643625886e-01	-3.493520236532e-01	-6.822387061125e-01
-5.456202859387e-01	-5.208908157439e-01	-6.564840147679e-01
-5.751682721760e-01	-3.688584971770e-01	-7.301540027572e-01
-4.186715581743e-01	-3.037281207338e-02	-9.076296704398e-01
-1.047420499898e-01	1.358615982976e-01	-9.851754813595e-01
8.246150387614e-02	1.356855536273e-01	-9.873143019907e-01
4.104238922934e-01	-2.680413543524e-02	-9.115008321215e-01
5.470365111395e-01	-3.131281850692e-01	-7.763387116431e-01
4.996301488209e-01	-5.702892085904e-01	-6.520275553644e-01
6.119774116022e-01	-3.726692043923e-01	-6.975681413212e-01
7.835409530182e-01	8.293250220172e-03	-6.212847953589e-01
7.924602621886e-01	4.923767882069e-01	-3.599608746615e-01
4.495317069911e-01	8.866141869762e-01	-1.087958081095e-01
5.156898642985e-02	9.967947886132e-01	-6.116199009347e-02
-4.833173794795e-02	9.969563584668e-01	-6.117239916497e-02
-4.254041162032e-01	8.994439349110e-01	-1.001596019819e-01
-7.940968469512e-01	4.900432670271e-01	-3.595383068653e-01
-7.687173917330e-01	-2.476306594993e-02	-6.391090378113e-01
-6.231208966173e-01	-3.402161797591e-01	-7.042537179376e-01
-5.225803736287e-01	-5.187701458429e-01	-6.765997996455e-01
-5.499730575323e-01	-3.792455959252e-01	-7.441118289342e-01
-3.958425382013e-01	-4.985335392108e-02	-9.169641912600e-01
-9.632602604247e-02	1.068356893240e-01	-9.895996322723e-01
8.064526774868e-02	1.048640762737e-01	-9.912113126357e-01
3.940147114596e-01	-5.160324597875e-02	-9.176543533149e-01
5.213425925086e-01	-3.227081227967e-01	-7.899755494428e-01
4.756597133462e-01	-5.687188375396e-01	-6.710489705878e-01
5.935336417615e-01	-3.615821951473e-01	-7.190105230453e-01
7.655171772920e-01	2.027577279822e-02	-6.430959059957e-01
7.747182954731e-01	5.036303485570e-01	-3.823192836773e-01
4.406110297925e-01	8.869951736769e-01	-1.382081122766e-01
4.745841564438e-02	9.946564755355e-01	-9.168530122053e-02
-5.150902175389e-02	9.944489214245e-01	-9.175054962002e-02
-4.231372822433e-01	8.965426711874e-01	-1.310193845041e-01
-7.782524068371e-01	4.944974505085e-01	-3.870341880156e-01
-7.480798569021e-01	-2.000483688059e-02	-6.633071190623e-01
-5.995062633282e-01	-3.371300207195e-01	-7.259032920162e-01
-4.959247795638e-01	-5.223411877352e-01	-6.936989956818e-01
-5.246103709019e-01	-3.936608337987e-01	-7.548609849999e-01
-3.801546104111e-01	-7.635082173082e-02	-9.217662524763e-01
-9.749899162877e-02	7.564538721271e-02	-9.923566506175e-01
7.216196384397e-02	7.530389284508e-02	-9.945461149170e-01
3.733875801367e-01	-7.282959062620e-02	-9.248121786227e-01
4.947588899035e-01	-3.285914477753e-01	-8.045130833680e-01
4.503042185601e-01	-5.682389369184e-01	-6.887166480613e-01
5.723552773823e-01	-3.535991886396e-01	-7.398493429382e-01
7.457863701463e-01	2.857469439668e-02	-6.655720674309e-01
7.570664421129e-01	5.113976688814e-01	-4.065990979936e-01
4.327164528566e-01	8.857717900613e-01	-1.678237389610e-01
4.645588868871e-02	9.914300115535e-01	-1.220998877849e-01
-5.209441780307e-02	9.911372808912e-01	-1.222009085946e-01
-4.170239973879e-01	8.945280828151e-01	-1.609673714075e-01
-7.604491505643e-01	5.030058333176e-01	-4.107337593314e-01
-7.283678398356e-01	-1.031008132563e-02	-6.851087447378e-01
-5.790985083468e-01	-3.273573159378e-01	-7.466472429015e-01
-4.712858591810e-01	-5.203513862885e-01	-7.121264450388e-01
-4.983710137596e-01	-4.051337122812e-01	-7.664809246273e-01
-3.639648604894e-01	-1.017008721409e-01	-9.258436762946e-01
-9.748323448037e-02	4.402751279482e-02	-9.942628410598e-01
6.363655010770e-02	4.630647260553e-02	-9.968982395838e-01
3.502575626880e-01	-9.342146951513e-02	-9.319828693777e-01
4.679839820306e-01	-3.352456090532e-01	-8.176804841583e-01
4.272772754130e-01	-5.621223194421e-01	-7.081331992646e-01
5.555688364709e-01	-3.369864633124e-01	-7.601206427184e-01
7.277454330142e-01	4.527302338821e-02	-6.843514726223e-01
7.369239473547e-01	5.253951061870e-01	-4.253270250171e-01
4.237241621123e-01	8.841193245715e-01	-1.969539396952e-01
4.782876601524e-02	9.871468135582e-01	-1.524912378575e-01
-4.867300513072e-02	9.870993615109e-01	-1.525312724535e-01
-4.021438229749e-01	8.959197140926e-01	-1.887013819327e-01
-7.384290155087e-01	5.242213732239e-01	-4.241633422517e-01
-7.135201496600e-01	1.526181852343e-02	-7.004684667595e-01
-5.665496552899e-01	-3.027235920513e-01	-7.664071469568e-01
-4.532086750123e-01	-5.045055259295e-01	-7.348986809079e-01
-4.714727947364e-01	-4.087508922384e-01	-7.814320904069e-01
-3.390209730459e-01	-1.199091371675e-01	-9.331058775181e-01
-8.938481738623e-02	1.480148014675e-02	-9.958871776493e-01
6.207276576522e-02	1.533147143001e-02	-9.979538655339e-01
3.330316135750e-01	-1.183788845075e-01	-9.354551748012e-01
4.409422675742e-01	-3.444783604313e-01	-8.287970655481e-01
4.024554375446e-01	-5.580982330829e-01	-7.256417732054e-01
5.366685700966e-01	-3.223764709437e-01	-7.797821855187e-01
7.081941014244e-01	5.878684442667e-02	-7.035660748146e-01
7.166662574481e-01	5.368634052285e-01	-4.451597011880e-01
4.146978978861e-01	8.814449013755e-01	-2.260100425380e-01
4.903206194742e-02	9.819468854320e-01	-1.826914641999e-01
-4.627658829946e-02	9.820801579716e-01	-1.826938441595e-01
-3.933473595831e-01	8.931613744386e-01	-2.180381019913e-01
-7.180642478454e-01	5.362930150832e-01	-4.435916342078e-01
-6.940253999412e-01	2.972605981788e-02	-7.193365732424e-01
-5.471676610427e-01	-2.890620314443e-01	-7.855257428540e-01
-4.297721533318e-01	-4.972449867247e-01	-7.536864861451e-01
-4.440818842760e-01	-4.155286094317e-01	-7.938055522618e-01
-3.133542988021e-01	-1.371601543579e-01	-9.396787618536e-01
-7.816251661387e-02	-1.427365642472e-02	-9.968384441467e-01
6.336230574644e-02	-1.630451406056e-02	-9.978573951381e-01
3.182198170746e-01	-1.457186672850e-01	-9.367508836535e-01
4.139027826756e-01	-3.584310872271e-01	-8.367864973831e-01
3.747384464347e-01	-5.588211121150e-01	-7.397905523987e-01
5.139108543215e-01	-3.133600518713e-01	-7.985619022354e-01
6.865272203818e-01	6.749334058857e-02	-7.239647951738e-01
6.968596914818e-01	5.435551467277e-01	-4.679042347037e-01
4.086543382363e-01	8.760746497375e-01	-2.559195966079e-01
4.944041399205e-02	9.758652453420e-01	-2.127032402149e-01
-4.434125195217e-02	9.761231539708e-01	-2.126439316260e-01
-3.869064451253e-01	8.882131054413e-01	-2.477516539657e-01
-6.981205216328e-01	5.436815673076e-01	-4.658734706389e-01
-6.724741593579e-01	4.005598010783e-02	-7.390358742669e-01
-5.245956541669e-01	-2.796182728275e-01	-8.041225162437e-01
-4.036295888712e-01	-4.947419579693e-01	-7.696190941059e-01
-4.168645181284e-01	-4.264419181762e-01	-8.027273908045e-01
-2.940196702436e-01	-1.611865648936e-01	-9.421100385877e-01
-7.655080158125e-02	-4.497506026776e-02	-9.960508113200e-01
5.567340865941e-02	-4.623550073386e-02	-9.973779374140e-01
2.970419644795e-01	-1.673943847400e-01	-9.400772262403e-01
3.865769605658e-01	-3.724051284431e-01	-8.437254730473e-01
3.440972306039e-01	-5.628595247795e-01	-7.515226219188e-01
4.871311450975e-01	-3.098699718839e-01	-8.165071022353e-01
6.620478353997e-01	6.849731676451e-02	-7.463248496724e-01
6.781146801987e-01	5.419441468034e-01	-4.964443798096e-01
4.254068570911e-01	8.564242775396e-01	-2.925174572236e-01
8.780153764726e-02	9.658228755816e-01	-2.438791975346e-01

Hair-22
-8.844239298713e-02	9.960798943593e-01	-1.669483737209e-03
-4.692213308543e-01	8.817777077071e-01	-4.795223521475e-02
-8.311395117135e-01	4.507547980627e-01	-3.256182183049e-01
-7.965635111179e-01	-6.711335694644e-02	-6.008180840112e-01
-6.483312961415e-01	-3.795265317580e-01	-6.600198043507e-01
-5.582394039353e-01	-5.426626630469e-01	-6.276033795550e-01
-6.011517199360e-01	-3.724814633867e-01	-7.070177996708e-01
-4.405380861632e-01	-1.130080544464e-02	-8.976627910502e-01
-1.102763653523e-01	1.656289599282e-01	-9.800031484020e-01
9.249554317169e-02	1.644543856724e-01	-9.820383544070e-01
4.321739005761e-01	-6.687944475012e-03	-9.017654856223e-01
5.729587867885e-01	-3.111246459397e-01	-7.582345833123e-01
5.196584037442e-01	-5.782080472080e-01	-6.289917309170e-01
6.256506851050e-01	-3.908214301244e-01	-6.751443030813e-01
7.989403500244e-01	-1.005853947324e-02	-6.013261535028e-01
8.108589844578e-01	4.753278256308e-01	-3.414251975252e-01
4.598686855954e-01	8.843862488233e-01	-7.988588674500e-02
5.176115288598e-02	9.981898301081e-01	-3.062427339088e-02
-4.590468564051e-02	9.984789728875e-01	-3.053687177401e-02
-4.280199091454e-01	9.011198485656e-01	-6.915183219744e-02
-8.110699756962e-01	4.779141996505e-01	-3.372884704472e-01
-7.861323646213e-01	-3.703574712861e-02	-6.169475332065e-01
-6.410355108191e-01	-3.517522186880e-01	-6.821611616890e-01
-5.442215227413e-01	-5.237298560872e-01	-6.553853614691e-01
-5.755069212033e-01	-3.719440127768e-01	-7.283195967476e-01
-4.156263945839e-01	-2.806233649996e-02	-9.091024174401e-01
-1.043640444664e-01	1.360688124076e-01	-9.851869997684e-01
8.750838426039e-02	1.348061426705e-01	-9.870002971542e-01
4.116161927825e-01	-2.809584892856e-02	-9.109241094143e-01
5.476715791240e-01	-3.185852281352e-01	-7.736661384821e-01
4.981801799433e-01	-5.731858101446e-01	-6.505955236247e-01
6.108682620723e-01	-3.747586456927e-01	-6.974209086853e-01
7.831340654573e-01	6.886535296830e-03	-6.218147723815e-01
7.927694075746e-01	4.910258347266e-01	-3.611236575534e-01
4.480039949602e-01	8.874392723489e-01	-1.083695455028e-01
4.895196564630e-02	9.969264389462e-01	-6.116682425465e-02
-4.839196336217e-02	9.969564779363e-01	-6.112281883822e-02
-4.249822749638e-01	8.996681896810e-01	-9.993605176686e-02
-7.949561773991e-01	4.868245175690e-01	-3.620035429505e-01
-7.676175079309e-01	-2.801658265358e-02	-6.402955822231e-01
-6.209984160648e-01	-3.439355748709e-01	-7.043218636272e-01
-5.205236489778e-01	-5.229486045188e-01	-6.749665827926e-01
-5.503493767851e-01	-3.833479540778e-01	-7.417276518889e-01
-3.969742432403e-01	-5.111115960056e-02	-9.164055322662e-01
-9.984242120241e-02	1.060691476222e-01	-9.893335265982e-01
8.328989379957e-02	1.047144464727e-01	-9.910084148436e-01
3.942267222110e-01	-5.233472894480e-02	-9.175218622142e-01
5.219266443485e-01	-3.278414154203e-01	-7.874722752290e-01
4.739169199939e-01	-5.720119530412e-01	-6.694812010217e-01
5.919741437292e-01	-3.642518925291e-01	-7.189486573777e-01
7.648044484382e-01	1.773484939152e-02	-6.440183466068e-01
7.753334220013e-01	5.012399259878e-01	-3.842090854255e-01
4.384462045642e-01	8.881702636121e-01	-1.375445692804e-01
4.513927352141e-02	9.947660061293e-01	-9.166809169802e-02
-5.260382544712e-02	9.943903456318e-01	-9.176425264051e-02
-4.235014177988e-01	8.963665164406e-01	-1.310481488866e-01
-7.796458872040e-01	4.893036203899e-01	-3.908123048718e-01
-7.461401432410e-01	-2.551412420511e-02	-6.652998693149e-01
-5.964597321922e-01	-3.422057462362e-01	-7.260378882098e-01
-4.931862186983e-01	-5.276456491670e-01	-6.916338790149e-01
-5.249095868017e-01	-3.989979059653e-01	-7.518447956320e-01
-3.816486147724e-01	-7.760581198067e-02	-9.210437952612e-01
-9.790873206206e-02	7.541870704191e-02	-9.923335622734e-01
7.735689164377e-02	7.473770794326e-02	-9.941982630877e-01
3.760291855683e-01	-7.602497932079e-02	-9.234837595324e-01
4.956752069129e-01	-3.381439030926e-01	-7.999779934805e-01
4.466621772330e-01	-5.750175132951e-01	-6.854544177649e-01
5.689523894538e-01	-3.591379201103e-01	-7.398061454690e-01
7.439451709299e-01	2.232400549212e-02	-6.678676676026e-01
7.585905570048e-01	5.058178939859e-01	-4.107172079993e-01
4.338178043625e-01	8.851929163981e-01	-1.680345600664e-01
4.767106405614e-02	9.913659444191e-01	-1.221516839742e-01
-4.984236610805e-02	9.912601477071e-01	-1.221435962649e-01
-4.155823480463e-01	8.952627514600e-01	-1.606110763326e-01
-7.609472585702e-01	5.012204198508e-01	-4.119919421531e-01
-7.278300656621e-01	-1.176977571618e-02	-6.856565232665e-01
-5.780451843481e-01	-3.291494495301e-01	-7.466755685879e-01
-4.702114043105e-01	-5.223270868516e-01	-7.113899420131e-01
-4.986643729897e-01	-4.080405422229e-01	-7.647462056220e-01
-3.608897190904e-01	-9.929652942373e-02	-9.273072898987e-01
-9.328255735029e-02	4.522154187608e-02	-9.946121739877e-01
7.132440386012e-02	4.481227575707e-02	-9.964460293240e-01
3.547709264036e-01	-9.750119739420e-02	-9.298554222488e-01
4.686523172958e-01	-3.425460622301e-01	-8.142648222440e-01
4.244994885394e-01	-5.676013529191e-01	-7.054281596266e-01
5.527588435341e-01	-3.415495927841e-01	-7.601325782809e-01
7.264029388138e-01	4.047956167737e-02	-6.860759255134e-01
7.379571678375e-01	5.215140108567e-01	-4.283017101501e-01
4.238537552908e-01	8.840602085637e-01	-1.969404523205e-01
4.616340006164e-02	9.872297032246e-01	-1.524678771607e-01
-4.768210862581e-02	9.871623581023e-01	-1.524365286367e-01
-4.037302862424e-01	8.951196621038e-01	-1.891101437939e-01
-7.395553313273e-01	5.200937551224e-01	-4.272708716822e-01
-7.117963065287e-01	1.041603451562e-02	-7.023087100677e-01
-5.636328317183e-01	-3.079937306936e-01	-7.664580176778e-01
-4.508754283678e-01	-5.090149794912e-01	-7.332224074233e-01
-4.716744012401e-01	-4.116625637640e-01	-7.797802208380e-01
-3.358484222054e-01	-1.172666858069e-01	-9.345878030993e-01
-8.721520842401e-02	1.532037792646e-02	-9.960716808743e-01
6.614812657696e-02	1.472291360949e-02	-9.977011883150e-01
3.336369450440e-01	-1.193675410945e-01	-9.351137786573e-01
4.413930442340e-01	-3.487017464613e-01	-8.267885295024e-01
4.013978712329e-01	-5.603033041481e-01	-7.245274020562e-01
5.358465200176e-01	-3.238784351595e-01	-7.797251222217e-01
7.078521463974e-01	5.766651820365e-02	-7.040027780618e-01
7.168991698291e-01	5.358280128386e-01	-4.460313004217e-01
4.129067599392e-01	8.824177687793e-01	-2.254925474137e-01
4.538915348330e-02	9.821301713376e-01	-1.826476150801e-01
-4.738678271255e-02	9.820343998124e-01	-1.826552227809e-01
-3.952124582690e-01	8.922476760992e-01	-2.184060377473e-01
-7.192409151640e-01	5.318888752936e-01	-4.469750891189e-01
-6.923753881679e-01	2.492198468300e-02	-7.211069383516e-01
-5.441528197283e-01	-2.942909921522e-01	-7.856783824949e-01
-4.272585937467e-01	-5.024777682572e-01	-7.516423261611e-01
-4.444919109804e-01	-4.200473584400e-01	-7.911935020844e-01
-3.150062467390e-01	-1.392423217698e-01	-9.388198125005e-01
-8.365344272125e-02	-1.508827641912e-02	-9.963806729537e-01
6.052513375389e-02	-1.549316670994e-02	-9.980464267605e-01
3.153236340834e-01	-1.434360199198e-01	-9.380816137085e-01
4.140512776762e-01	-3.587908810714e-01	-8.365588103144e-01
3.752898185068e-01	-5.575743783598e-01	-7.404514600714e-01
5.150122251387e-01	-3.117208784017e-01	-7.984938959855e-01
6.869939131408e-01	6.906061817428e-02	-7.233740348705e-01
6.964932757356e-01	5.446002807650e-01	-4.672340431152e-01
4.031425231890e-01	8.790823548508e-01	-2.543429169190e-01
4.295462405687e-02	9.761873194356e-01	-2.126339992692e-01
-4.909826317694e-02	9.758756833088e-01	-2.127346029202e-01
-3.900039785242e-01	8.866808370934e-01	-2.483827487299e-01
-7.000031012155e-01	5.365974410726e-01	-4.712312007104e-01
-6.699922890391e-01	3.248323294067e-02	-7.416570448704e-01
-5.201685183729e-01	-2.868707473108e-01	-8.044438369651e-01
-3.995828308394e-01	-5.026260760997e-01	-7.666163244564e-01
-4.173003461668e-01	-4.346205165969e-01	-7.981011387300e-01
-2.985984889785e-01	-1.653761081494e-01	-9.399413201010e-01
-8.125947046158e-02	-4.587315027479e-02	-9.956367573288e-01
5.600364293145e-02	-4.576809260669e-02	-9.973810072773e-01
2.981355785108e-01	-1.687993037801e-01	-9.394796282354e-01
3.868695485641e-01	-3.750614413968e-01	-8.424137152084e-01
3.435497408134e-01	-5.644627274782e-01	-7.505700532762e-01
4.864715745080e-01	-3.108468354388e-01	-8.165290270979e-01
6.617773905636e-01	6.768423046356e-02	-7.466388218445e-01
6.785884621738e-01	5.404100616213e-01	-4.974682545681e-01
4.231507170211e-01	8.577484686411e-01	-2.919092928094e-01
8.581838614847e-02	9.659473708050e-01	-2.440919528248e-01

Hair-23
-1.048150373689e-01	9.944873099510e-01	-2.966190794973e-03
-4.834571719280e-01	8.738535703952e-01	-5.146941246006e-02
-8.336209300876e-01	4.388507494612e-01	-3.353895714199e-01
-7.914452385226e-01	-8.141524270464e-02	-6.057936882101e-01
-6.413719243542e-01	-3.915527928860e-01	-6.597942596244e-01
-5.540715254866e-01	-5.518960037080e-01	-6.232299300709e-01
-6.016069043895e-01	-3.767607907999e-01	-7.043581752963e-01
-4.397192978873e-01	-1.151541185540e-02	-8.980614312815e-01
-1.154417825106e-01	1.648712037925e-01	-9.795359518725e-01
8.515699699819e-02	1.657152822502e-01	-9.824900666628e-01
4.224375593359e-01	1.424978892790e-03	-9.063909078855e-01
5.736120546784e-01	-3.150478763016e-01	-7.561177463633e-01
5.161569116575e-01	-5.850502599718e-01	-6.255383568217e-01
6.200924177522e-01	-3.993436865858e-01	-6.752851349099e-01
7.963930361993e-01	-1.899694796203e-02	-6.044809739449e-01
8.129049454881e-01	4.676147080137e-01	-3.471628356408e-01
4.658721518021e-01	8.810992232401e-01	-8.140821199959e-02
5.339748862591e-02	9.981115125199e-01	-3.036637587368e-02
-4.576948229520e-02	9.984803359106e-01	-3.069484142655e-02
-4.294515608698e-01	9.003691110959e-01	-7.004870199202e-02
-8.120401769864e-01	4.747541943948e-01	-3.394100850953e-01
-7.845635799863e-01	-4.101527349020e-02	-6.186903395881e-01
-6.398948329115e-01	-3.541320781613e-01	-6.820007874118e-01
-5.443059990545e-01	-5.239565435244e-01	-6.551339709489e-01
-5.753347432546e-01	-3.690055299105e-01	-7.299485270207e-01
-4.029248744755e-01	-1.383785858912e-02	-9.151284386350e-01
-1.011733138507e-01	1.343410867135e-01	-9.857567818611e-01
7.363581034904e-02	1.344326137528e-01	-9.881829991423e-01
3.891219727046e-01	-4.204831882247e-03	-9.211766441608e-01
5.463009252425e-01	-3.066656054161e-01	-7.794302441745e-01
5.006545421558e-01	-5.681164808803e-01	-6.531375762969e-01
6.124079087632e-01	-3.723938771302e-01	-6.973373312538e-01
7.836087939777e-01	8.528140802660e-03	-6.211960470056e-01
7.922730935756e-01	4.928780978068e-01	-3.596867052012e-01
4.468427505792e-01	8.880536053327e-01	-1.081311717800e-01
4.583963899971e-02	9.970774062068e-01	-6.111770224998e-02
-5.174201569767e-02	9.967873195055e-01	-6.113757833394e-02
-4.321062605418e-01	8.960636970053e-01	-1.017547566940e-01
-7.960464083532e-01	4.827726691833e-01	-3.650214591468e-01
-7.659744770767e-01	-3.288279058855e-02	-6.420294561390e-01
-6.178466231073e-01	-3.491719243246e-01	-7.045172230531e-01
-5.173181158566e-01	-5.289357908157e-01	-6.727621393931e-01
-5.519051808765e-01	-3.920400266884e-01	-7.360063102962e-01
-3.960120708058e-01	-5.166215060770e-02	-9.167908496329e-01
-1.050221513990e-01	1.052233513914e-01	-9.888874526646e-01
7.700906360710e-02	1.057966767708e-01	-9.914013653948e-01
3.887363460802e-01	-4.886213936043e-02	-9.200524683807e-01
5.256684565822e-01	-3.365890324992e-01	-7.812685178322e-01
4.733657415362e-01	-5.720838287910e-01	-6.698096502558e-01
5.931021925264e-01	-3.630785114332e-01	-7.186124016156e-01
7.653964483900e-01	2.012762285161e-02	-6.432442425628e-01
7.747850812737e-01	5.032855707858e-01	-3.826378340866e-01
4.341567275820e-01	8.904062577621e-01	-1.366917409114e-01
3.898751488997e-02	9.950243683473e-01	-9.168685880614e-02
-5.922936031935e-02	9.940117542647e-01	-9.182872785697e-02
-4.332120441208e-01	8.913787799935e-01	-1.333086471538e-01
-7.819021368153e-01	4.803206921418e-01	-3.973928549233e-01
-7.426480878963e-01	-3.596431162774e-02	-6.687154744980e-01
-5.898139788522e-01	-3.540090181156e-01	-7.258078846660e-01
-4.836624322010e-01	-5.406475893352e-01	-6.883101305541e-01
-5.285405133577e-01	-4.199215453732e-01	-7.377742347568e-01
-3.905985467504e-01	-9.066887780147e-02	-9.160851106064e-01
-1.211781774778e-01	7.082358303941e-02	-9.901009389899e-01
5.387843001335e-02	7.980400489079e-02	-9.953534224499e-01
3.623980980494e-01	-6.505779398147e-02	-9.297500212274e-01
4.967828715485e-01	-3.303994530324e-01	-8.025228843914e-01
4.512830666206e-01	-5.655863026102e-01	-6.902577258396e-01
5.753462300967e-01	-3.488875543041e-01	-7.397663076711e-01
7.470948533162e-01	3.259557852884e-02	-6.639177723249e-01
7.564247651796e-01	5.147782134359e-01	-4.035157563153e-01
4.302331376443e-01	8.870274131308e-01	-1.675762979278e-01
4.147711990423e-02	9.916817807118e-01	-1.218478326795e-01
-5.538060876841e-02	9.909693598973e-01	-1.221176314753e-01
-4.210635976018e-01	8.924297175675e-01	-1.620945587519e-01
-7.619269361934e-01	4.981602586262e-01	-4.138885123176e-01
-7.270281095997e-01	-1.469688666897e-02	-6.864503837672e-01
-5.756311236962e-01	-3.337666152070e-01	-7.464908947907e-01
-4.648776695018e-01	-5.278765918682e-01	-7.107988858715e-01
-5.025627372962e-01	-4.198922387380e-01	-7.557256135192e-01
-3.607241165028e-01	-1.046912206481e-01	-9.267782151586e-01
-1.073711903909e-01	4.349284571006e-02	-9.932672348598e-01
5.489799901240e-02	4.672068662573e-02	-9.973983091753e-01
3.434054627948e-01	-8.663571761164e-02	-9.351828380358e-01
4.682189245389e-01	-3.353833085777e-01	-8.174894953644e-01
4.278739622577e-01	-5.606869340967e-01	-7.089104558089e-01
5.571372581450e-01	-3.350924524911e-01	-7.598099261461e-01
7.284214272943e-01	4.786375299746e-02	-6.834554011840e-01
7.361483460618e-01	5.279964526838e-01	-4.234446345673e-01
4.221190474192e-01	8.849236117187e-01	-1.967884936391e-01
4.031174389054e-02	9.874929482457e-01	-1.524225720476e-01
-5.354562806784e-02	9.868453908312e-01	-1.525419296782e-01
-4.096401714833e-01	8.921336020565e-01	-1.905060786138e-01
-7.405925441741e-01	5.162026274382e-01	-4.301831365123e-01
-7.100578512776e-01	5.373082537053e-03	-7.041228428499e-01
-5.611085359189e-01	-3.122487765194e-01	-7.665884896612e-01
-4.487744576558e-01	-5.128301877435e-01	-7.318515455301e-01
-4.719502533461e-01	-4.131583610752e-01	-7.788216272294e-01
-3.255215774204e-01	-1.066310842523e-01	-9.395028017547e-01
-8.603257566356e-02	1.478757407185e-02	-9.961825754237e-01
6.153239743060e-02	1.570740655075e-02	-9.979814835186e-01
3.249166175149e-01	-1.120874948647e-01	-9.390769857459e-01
4.420208486615e-01	-3.490390573172e-01	-8.263106593864e-01
4.017949731778e-01	-5.593679594298e-01	-7.250298514492e-01
5.366788753615e-01	-3.227907417123e-01	-7.796036953514e-01
7.082008712654e-01	5.911852217644e-02	-7.035314678638e-01
7.165222461394e-01	5.373662762991e-01	-4.447846174092e-01
4.147268002046e-01	8.813831838623e-01	-2.261976224385e-01
4.353797568602e-02	9.822270942175e-01	-1.825770523865e-01
-4.982154559352e-02	9.818953050186e-01	-1.827550917953e-01
-3.993510881396e-01	8.901026753479e-01	-2.196268101583e-01
-7.193205248503e-01	5.316380185324e-01	-4.471453899797e-01
-6.919684688635e-01	2.384904460651e-02	-7.215336867881e-01
-5.437081241722e-01	-2.951953698829e-01	-7.856469749887e-01
-4.272627296121e-01	-5.025862157441e-01	-7.515674657863e-01
-4.446641124475e-01	-4.196484434639e-01	-7.913084171166e-01
-3.059839344117e-01	-1.303418060446e-01	-9.430720256051e-01
-7.963783262751e-02	-1.476339454624e-02	-9.967145317471e-01
6.152565088862e-02	-1.535502656090e-02	-9.979873834083e-01
3.084053510599e-01	-1.397612688850e-01	-9.409319460818e-01
4.167220126193e-01	-3.690045311491e-01	-8.307697756839e-01
3.689999262515e-01	-5.688617190013e-01	-7.350070741709e-01
5.078656290604e-01	-3.234743904273e-01	-7.983964062775e-01
6.833986626064e-01	5.667918048808e-02	-7.278418361478e-01
6.994407654625e-01	5.340158979460e-01	-4.749838274617e-01
4.114544958402e-01	8.745246489138e-01	-2.567330058545e-01
5.026231862847e-02	9.758484632217e-01	-2.125875729057e-01
-4.301683603350e-02	9.762356863759e-01	-2.123992383786e-01
-3.896765883114e-01	8.868212805047e-01	-2.483951951348e-01
-7.006260376021e-01	5.342290451930e-01	-4.729931106328e-01
-6.688545776979e-01	2.908076001860e-02	-7.428242479142e-01
-5.181985352910e-01	-2.904295733996e-01	-8.044382766360e-01
-3.964062011127e-01	-5.070193006798e-01	-7.653715127032e-01
-4.186319872544e-01	-4.395829052664e-01	-7.946786323067e-01
-2.924869013107e-01	-1.611298293671e-01	-9.425967274767e-01
-8.015117420438e-02	-4.557658158535e-02	-9.957402093341e-01
5.259855472047e-02	-4.521841740311e-02	-9.975914428106e-01
2.916090913075e-01	-1.636193230536e-01	-9.424398415763e-01
3.868024882581e-01	-3.715268401047e-01	-8.440092666311e-01
3.435160194455e-01	-5.654014330622e-01	-7.498786327637e-01
4.843153778748e-01	-3.144346197600e-01	-8.164370671707e-01
6.604496091322e-01	6.313611765593e-02	-7.482112966565e-01
6.788207053577e-01	5.372739801111e-01	-5.005388299356e-01
4.318027565162e-01	8.526754748222e-01	-2.940933765009e-01
9.031818354078e-02	9.649632318825e-01	-2.463505365058e-01

Hair-24
-2.411814366193e-02	9.997089607624e-01	-5.558036542493e-04
-2.055632947911e-03	9.999978731970e-01	1.672562139174e-04
-2.305091061248e-02	9.997342923885e-01	-1.193653296055e-05
7.039569015573e-04	9.999997492784e-01	7.673163989261e-05
-2.006188192850e-02	9.997987296119e-01	1.454644719723e-04
2.639539091995e-03	9.999965143125e-01	6.477809565397e-05
-1.896540875341e-02	9.998201371699e-01	-8.111962664320e-05
3.312865119535e-03	9.999945076129e-01	9.833003660942e-05
-1.834215701900e-02	9.998317683682e-01	-1.541686649351e-05
4.253629229338e-03	9.999909505853e-01	7.338811780644e-05
-1.736416308763e-02	9.998492298734e-01	5.798219341957e-05
5.267433438054e-03	9.999861250068e-01	6.275966232117e-05
-1.445648677203e-02	9.998954987025e-01	4.080077282653e-05
9.629013205176e-03	9.999536369137e-01	7.827954663939e-05
-1.192543921423e-02	9.999288893210e-01	1.417361627843e-05

Hair-25
9.996198856026e-01	-2.756955450935e-02	6.302397362501e-05
9.996626782722e-01	-2.597112376814e-02	1.743554628547e-04
9.996982687100e-01	-2.456339847620e-02	1.048502355206e-04
9.997327010560e-01	-2.311827423605e-02	2.680217390326e-04
9.997506226919e-01	-2.233101735254e-02	1.345035421595e-04
9.997821771668e-01	-2.086867574598e-02	3.107929638599e-04
9.997736804050e-01	-2.127411334608e-02	8.409909628693e-06

Hair-26
9.996790034629e-01	2.533527041944e-02	-1.187776794654e-04
9.997219562785e-01	2.357937445413e-02	-1.524303414304e-04
9.997806838841e-01	2.094236779850e-02	3.692142831696e-05
9.998311161495e-01	1.837690160503e-02	-1.693125303388e-04
9.998730468124e-01	1.593393009334e-02	-1.139952143003e-05
9.998950532795e-01	1.448455562788e-02	-2.829759091809e-04
9.999091210295e-01	1.348018416836e-02	-1.852479398795e-04

