Hair-0
-8.163149034353e-03	3.713546473918e-01	9.284552163989e-01
-2.840372740493e-02	5.226326353439e-01	8.520847121871e-01
-4.824647869669e-02	4.605425033493e-01	8.863254932033e-01
-1.252053164987e-03	4.810878082900e-01	8.766715194858e-01
2.040722208126e-02	4.816445645166e-01	8.761290194706e-01
3.143489124092e-02	4.812119740743e-01	8.760404577531e-01
6.317242092349e-02	4.483621414672e-01	8.916168657745e-01
7.281008064982e-02	4.443732211967e-01	8.928780053507e-01

Hair-1
7.234887180601e-03	3.688115299494e-01	-9.294760415330e-01
-2.063428946094e-03	6.298226178602e-01	-7.767362565844e-01
5.110513851523e-02	5.354584010518e-01	-8.430139770848e-01
8.170535472112e-03	5.386866949632e-01	-8.424665494960e-01
-1.809439364519e-02	5.379437260408e-01	-8.427865331933e-01
-6.638603620812e-02	5.301134694831e-01	-8.453239637376e-01
-3.947524311138e-04	6.332415716775e-01	-7.739541046276e-01
-2.779237587634e-03	3.670608718581e-01	-9.301927715206e-01

Hair-2
-6.771731090420e-03	3.699447686943e-01	9.290290693911e-01
-2.930997517015e-02	5.240233478222e-01	8.511994221643e-01
-4.618559282372e-02	4.625420604191e-01	8.853935471635e-01
2.840040869776e-04	4.814043503015e-01	8.764985857675e-01
2.083434712279e-02	4.815788044323e-01	8.761551147494e-01
3.165596953094e-02	4.807193421972e-01	8.763029234406e-01
6.272278898994e-02	4.501215474458e-01	8.907617213747e-01
7.376702395338e-02	4.468215551433e-01	8.915766506792e-01

Hair-3
9.872834587374e-03	3.788206118289e-01	-9.254174577945e-01
-3.255816245241e-03	6.389308776389e-01	-7.692572607784e-01
4.764800690416e-02	5.384162029863e-01	-8.413308860370e-01
8.352054389085e-03	5.393314369906e-01	-8.420521624348e-01
-1.115532689550e-02	5.382261090844e-01	-8.427266544863e-01
-5.645609031660e-02	5.367229703923e-01	-8.418676635430e-01
1.965361415482e-03	6.448838787644e-01	-7.642780385856e-01
-2.516332171242e-03	3.801311633659e-01	-9.249291684829e-01

Hair-4
-6.605640376682e-03	3.691968896884e-01	9.293277259178e-01
-2.936580497543e-02	5.230527425176e-01	8.517942697876e-01
-4.662915373039e-02	4.626556015770e-01	8.853109715528e-01
-8.087067166455e-04	4.811683190965e-01	8.766278541612e-01
2.151545763030e-02	4.813679610500e-01	8.762545127744e-01
3.207746418969e-02	4.802867411411e-01	8.765247757909e-01
6.248824598432e-02	4.486593606286e-01	8.915155619697e-01
7.354878845605e-02	4.459700904533e-01	8.920208821198e-01

Hair-5
8.328247600426e-03	3.643270706007e-01	-9.312338191450e-01
-6.706620294606e-05	6.253844813856e-01	-7.803167600047e-01
5.826669921680e-02	5.312447802607e-01	-8.452123846751e-01
1.537153043647e-02	5.380280289543e-01	-8.427867797442e-01
-1.199732018961e-02	5.383621408980e-01	-8.426281917643e-01
-6.315575029766e-02	5.321332454129e-01	-8.443018182680e-01
1.196726402710e-03	6.316240760792e-01	-7.752738834522e-01
-2.439611283289e-03	3.685571991098e-01	-9.296018713843e-01

Hair-6
-6.091879579519e-03	3.675326760697e-01	9.299906564177e-01
-2.942887987683e-02	5.209817870943e-01	8.530603252673e-01
-4.791968287127e-02	4.611659264808e-01	8.860190134792e-01
-1.754749001588e-03	4.809732688080e-01	8.767335031514e-01
2.254856935604e-02	4.811364849975e-01	8.763556611469e-01
3.337619156432e-02	4.794787729363e-01	8.769185458982e-01
6.307442358527e-02	4.456470159663e-01	8.929839608021e-01
7.272174288489e-02	4.425541746112e-01	8.937882023421e-01

Hair-7
7.278772052968e-03	3.654598000659e-01	-9.307986645957e-01
6.126030798749e-04	6.252953642400e-01	-7.803879369759e-01
5.752191329369e-02	5.315143272213e-01	-8.450939293650e-01
1.374436026853e-02	5.381301997707e-01	-8.427496547941e-01
-1.299427528824e-02	5.383124298836e-01	-8.426451665099e-01
-6.286417211918e-02	5.317607620421e-01	-8.445582205012e-01
1.482376440389e-03	6.323203007172e-01	-7.747056472371e-01
-3.784045529710e-03	3.685618637370e-01	-9.295955215028e-01

Hair-8
-6.192091156146e-03	3.675246885042e-01	9.299931512366e-01
-2.940901614999e-02	5.201551056114e-01	8.535653319316e-01
-4.926557525202e-02	4.597593913608e-01	8.866759301744e-01
-2.535300463985e-03	4.808717228213e-01	8.767872937277e-01
2.068983527166e-02	4.814923214004e-01	8.762060688838e-01
3.169003271532e-02	4.810890292514e-01	8.760987888135e-01
6.335730634402e-02	4.463461114062e-01	8.926146988289e-01
7.215740310160e-02	4.420978969042e-01	8.940597064685e-01

Hair-9
7.651930338088e-03	3.647945959000e-01	-9.310565776387e-01
-3.042500909077e-04	6.242002615318e-01	-7.812643220675e-01
5.758505416725e-02	5.315629113238e-01	-8.450590706226e-01
1.312913479047e-02	5.381331224955e-01	-8.427575975883e-01
-1.449592552067e-02	5.382024280951e-01	-8.426909365454e-01
-6.375341713352e-02	5.316162128035e-01	-8.445825620318e-01
7.175109767672e-04	6.324151774693e-01	-7.746292845513e-01
-2.777864300545e-03	3.670235315482e-01	-9.302075095159e-01

Hair-10
-6.671306958818e-03	3.695484269360e-01	9.291875234917e-01
-2.934858616912e-02	5.230416944334e-01	8.518016473183e-01
-4.738230080134e-02	4.614662304466e-01	8.858915485138e-01
-9.783501334388e-04	4.811880825333e-01	8.766168330913e-01
1.972934388640e-02	4.817713998958e-01	8.760748091529e-01
3.070498223453e-02	4.815619727680e-01	8.758740037527e-01
6.287755495920e-02	4.499763633771e-01	8.908241608108e-01
7.354488658772e-02	4.459762317355e-01	8.920181334389e-01

Hair-11
6.140639799337e-03	3.583266671670e-01	-9.335760773177e-01
1.042871525654e-03	6.202015399488e-01	-7.844418157289e-01
6.062293104633e-02	5.299765729140e-01	-8.458425931541e-01
1.632861127300e-02	5.378764847549e-01	-8.428655074219e-01
-1.620300832441e-02	5.378925243099e-01	-8.428576954698e-01
-6.772648121585e-02	5.289512720067e-01	-8.459454329829e-01
-1.332854256413e-03	6.260545843329e-01	-7.797780972400e-01
-8.662625452318e-05	3.597612543409e-01	-9.330443892822e-01

Hair-12
-6.732023222318e-03	3.696048741922e-01	9.291646338710e-01
-2.938479362197e-02	5.232327250384e-01	8.516830686075e-01
-4.700573294094e-02	4.622805544286e-01	8.854869564640e-01
-1.267136316379e-03	4.811011194816e-01	8.766641929491e-01
2.016182822096e-02	4.816279653780e-01	8.761438258920e-01
3.089817568910e-02	4.810441243132e-01	8.761517295554e-01
6.227604144783e-02	4.504795419360e-01	8.906120799533e-01
7.398351101154e-02	4.473968848815e-01	8.912701428280e-01

Hair-13
7.459044974093e-03	3.629686228406e-01	-9.317715071203e-01
-2.346997472832e-04	6.249851517136e-01	-7.806366024301e-01
5.814994407367e-02	5.310656627713e-01	-8.453329792629e-01
1.486195376871e-02	5.382918394520e-01	-8.426274490601e-01
-1.398451803676e-02	5.379287449056e-01	-8.428743077468e-01
-6.229642217369e-02	5.324114130751e-01	-8.441902883899e-01
6.028392730765e-04	6.333626425715e-01	-7.738548956876e-01
-2.487778031770e-03	3.684859896402e-01	-9.296299728383e-01

Hair-14
-6.617330791380e-03	3.688445811239e-01	9.294675281626e-01
-2.937512323083e-02	5.216582357042e-01	8.526486892368e-01
-4.863821613363e-02	4.606255737873e-01	8.862609123190e-01
-3.478063386083e-03	4.807003062616e-01	8.768780523169e-01
1.976848350080e-02	4.815470183607e-01	8.761972815342e-01
3.052981178157e-02	4.814648430224e-01	8.759335223212e-01
6.130200338514e-02	4.491633034888e-01	8.913441485644e-01
7.468282543788e-02	4.467931929727e-01	8.915146203500e-01

Hair-15
3.001509671414e-03	3.443668984851e-01	-9.388303521763e-01
4.081942723521e-03	6.080750232882e-01	-7.938690722006e-01
6.696985576321e-02	5.261900963520e-01	-8.477257934734e-01
1.421608257681e-02	5.381470324263e-01	-8.427310807648e-01

Hair-16
-9.095689391521e-02	9.958547109649e-01	4.879531031027e-04
-4.740974616235e-01	8.791047364445e-01	-4.905567493135e-02
-8.352221631791e-01	4.333071735202e-01	-3.385983335907e-01
-7.898193651129e-01	-8.712461625700e-02	-6.071199813338e-01

Hair-17
-6.136163213235e-02	9.981155780699e-01	-2.071625756465e-04
-4.476904311374e-01	8.931769863938e-01	-4.252233347919e-02
-8.271285959745e-01	4.664280770273e-01	-3.135333071331e-01
-8.028215246320e-01	-4.897425353679e-02	-5.942046129727e-01
-6.590018994689e-01	-3.618584735209e-01	-6.593746595355e-01
-5.672328095657e-01	-5.246779644840e-01	-6.347912832870e-01
-5.999155506084e-01	-3.588119021168e-01	-7.150911487618e-01
-4.334994390127e-01	-4.471227042577e-03	-9.011427436896e-01
-1.051092041322e-01	1.667851646685e-01	-9.803748079450e-01
8.897651193603e-02	1.649966133438e-01	-9.822725171299e-01
4.282026897804e-01	-3.093557695447e-03	-9.036774238442e-01
5.724156710488e-01	-3.044868522138e-01	-7.613330784661e-01
5.226840414245e-01	-5.721338351686e-01	-6.320318563929e-01
6.294746583669e-01	-3.849361624872e-01	-6.749709662523e-01
8.007011994022e-01	-3.550169338292e-03	-5.990534079475e-01
8.094714762776e-01	4.805042629500e-01	-3.374486366542e-01
4.617760807949e-01	8.833387842794e-01	-8.047013976312e-02
5.345209796888e-02	9.980988824177e-01	-3.068377648463e-02
-4.598634173818e-02	9.984756268109e-01	-3.052341786320e-02
-4.302351496928e-01	9.000067157550e-01	-6.989726435823e-02
-8.096678193700e-01	4.832819553023e-01	-3.329813417534e-01
-7.879326345710e-01	-3.144412585610e-02	-6.149580720075e-01
-6.443661320947e-01	-3.459752883440e-01	-6.819775565696e-01
-5.475594043451e-01	-5.171398383565e-01	-6.578336311697e-01
-5.748258374319e-01	-3.652374277094e-01	-7.322409972277e-01
-4.135320200091e-01	-2.591740197234e-02	-9.101206275556e-01
-1.008118145070e-01	1.368628428557e-01	-9.854468734038e-01
8.354431352425e-02	1.353143996768e-01	-9.872742075624e-01
4.097362593542e-01	-2.610592102132e-02	-9.118304001612e-01
5.470368336322e-01	-3.125202716415e-01	-7.765834034170e-01
4.997631088260e-01	-5.699538137611e-01	-6.522188936513e-01
6.121126482623e-01	-3.729402779049e-01	-6.973045639844e-01
7.836120185158e-01	8.879143651574e-03	-6.211870613959e-01
7.924340400100e-01	4.924729306920e-01	-3.598870722450e-01
4.535844141054e-01	8.844005624165e-01	-1.099855648616e-01
5.155675670445e-02	9.967907361321e-01	-6.123829846838e-02
-4.723713762082e-02	9.970109903667e-01	-6.113704210541e-02
-4.257003714745e-01	8.992878363865e-01	-1.003024478951e-01
-7.931084083119e-01	4.937924987884e-01	-3.565782113440e-01
-7.701059343557e-01	-2.032063980720e-02	-6.375922846679e-01
-6.252629143763e-01	-3.367842433607e-01	-7.040047310421e-01
-5.240855738365e-01	-5.158382460997e-01	-6.776763351020e-01
-5.498222295274e-01	-3.777436750330e-01	-7.449867326940e-01
-3.944408801249e-01	-4.859599771787e-02	-9.176354510873e-01
-9.742449349859e-02	1.065645542214e-01	-9.895213306696e-01
7.814992536645e-02	1.055203741062e-01	-9.913415354023e-01
3.904328765890e-01	-4.879609382089e-02	-9.193373211756e-01
5.211135469887e-01	-3.200922868221e-01	-7.911899892326e-01
4.759222735602e-01	-5.682011194909e-01	-6.713013312504e-01
5.932436546647e-01	-3.622461334415e-01	-7.189156452650e-01
7.654085810697e-01	1.999627945486e-02	-6.432339021171e-01
7.748976127622e-01	5.030230963434e-01	-3.827550839382e-01
4.444855520812e-01	8.848936499961e-01	-1.392688844923e-01
4.836615070220e-02	9.946104413522e-01	-9.171033431074e-02
-5.010704408719e-02	9.945222000094e-01	-9.173264316149e-02
-4.222582379234e-01	8.969736701361e-01	-1.309053688298e-01
-7.767759311339e-01	5.000948569530e-01	-3.827849093946e-01
-7.502041802709e-01	-1.361244218468e-02	-6.610661005692e-01
-6.031375466996e-01	-3.311736067157e-01	-7.256370594010e-01
-4.987620252363e-01	-5.168976991599e-01	-6.957393267492e-01
-5.243215647771e-01	-3.899829512562e-01	-7.569677631440e-01
-3.771046805693e-01	-7.322921614386e-02	-9.232711095858e-01
-9.502331191588e-02	7.600919362862e-02	-9.925689762815e-01
7.242360335479e-02	7.561062885981e-02	-9.945038232609e-01
3.712135354116e-01	-7.172569718543e-02	-9.257731555249e-01
4.948420306993e-01	-3.287547682803e-01	-8.043952181523e-01
4.505312024169e-01	-5.678969883379e-01	-6.888502350189e-01
5.727034060460e-01	-3.530269261501e-01	-7.398532274150e-01
7.460492602859e-01	2.950839145749e-02	-6.652366165962e-01
7.569620327634e-01	5.118195818627e-01	-4.062624725182e-01
4.372666540420e-01	8.833082958161e-01	-1.690098452912e-01
4.938493058296e-02	9.912795862088e-01	-1.221716439976e-01
-4.839454849659e-02	9.913314577397e-01	-1.221470776219e-01
-4.149313916687e-01	8.955652625905e-01	-1.606075983542e-01
-7.584973231904e-01	5.104608585551e-01	-4.051068039372e-01
-7.313391539068e-01	-1.614141515110e-03	-6.820120501208e-01
-5.836721094416e-01	-3.197029948129e-01	-7.464026150595e-01
-4.753079834066e-01	-5.127563997390e-01	-7.149567787193e-01
-4.980910204800e-01	-3.989874968375e-01	-7.698794143790e-01
-3.579650222878e-01	-9.634838607219e-02	-9.287507907505e-01
-9.191813820623e-02	4.547623311698e-02	-9.947275848644e-01
6.600802280055e-02	4.580113311691e-02	-9.967673736290e-01
3.502440477435e-01	-9.349793289235e-02	-9.319802806740e-01
4.680585099132e-01	-3.360300023540e-01	-8.173157705659e-01
4.273277593893e-01	-5.620826677448e-01	-7.081342109207e-01
5.559029301729e-01	-3.365989648799e-01	-7.600480702344e-01
7.279265321685e-01	4.610767943332e-02	-6.841030957849e-01
7.367874224794e-01	5.259820205313e-01	-4.248378610175e-01
4.271702572181e-01	8.822351901952e-01	-1.979561580993e-01
4.756244881704e-02	9.871585247331e-01	-1.524987229763e-01
-4.819369119855e-02	9.871331435213e-01	-1.524648323071e-01
-4.071383924763e-01	8.933543776586e-01	-1.901480614944e-01
-7.385542601399e-01	5.240215719562e-01	-4.241921698402e-01
-7.131779362494e-01	1.461299207595e-02	-7.008307154439e-01
-5.660123329101e-01	-3.039427961744e-01	-7.663216137154e-01
-4.530671365646e-01	-5.047779821508e-01	-7.347988558109e-01
-4.713421037292e-01	-4.075313642580e-01	-7.821475617799e-01
-3.354534429850e-01	-1.166682415173e-01	-9.348045298407e-01
-8.567297780541e-02	1.559588717924e-02	-9.962012392971e-01
6.219870224929e-02	1.536262870714e-02	-9.979455451465e-01
3.313875606449e-01	-1.171877476724e-01	-9.361887183925e-01
4.409615083286e-01	-3.445427569105e-01	-8.287600598684e-01
4.026868059507e-01	-5.576815901992e-01	-7.258337139222e-01
5.370953437631e-01	-3.220329502960e-01	-7.796302781651e-01
7.084555638339e-01	6.015717311592e-02	-7.031869087202e-01
7.164911272550e-01	5.376296855678e-01	-4.445163503867e-01
4.182588904450e-01	8.794734119476e-01	-2.271255561157e-01
4.715826864350e-02	9.820395593121e-01	-1.826866214167e-01
-4.737106982034e-02	9.820331179219e-01	-1.826661902177e-01
-3.984939839325e-01	8.905416456391e-01	-2.194040158065e-01
-7.182537342126e-01	5.357843638650e-01	-4.438994128486e-01
-6.937603171761e-01	2.923199189283e-02	-7.196124741566e-01
-5.465820232292e-01	-2.902152785227e-01	-7.855082329261e-01
-4.292262041040e-01	-4.985175345759e-01	-7.531567787857e-01
-4.442449878410e-01	-4.170370681723e-01	-7.929227418535e-01
-3.136544289195e-01	-1.377646504035e-01	-9.394901810654e-01
-8.070998065972e-02	-1.466429384772e-02	-9.966297494596e-01
5.748659172359e-02	-1.486948188018e-02	-9.982355384781e-01
3.118208548649e-01	-1.404529349425e-01	-9.397024675595e-01
4.133329876361e-01	-3.517014625271e-01	-8.399178070431e-01
3.772247325960e-01	-5.538440405909e-01	-7.422656396600e-01
5.164782464407e-01	-3.093752101172e-01	-7.984592665368e-01
6.877033900342e-01	7.182489143692e-02	-7.224300881785e-01
6.959700437724e-01	5.469403767414e-01	-4.652761786954e-01
4.081272795580e-01	8.763337295351e-01	-2.558736370941e-01
4.462990023634e-02	9.761066602126e-01	-2.126592577188e-01
-4.900742185841e-02	9.758772983920e-01	-2.127481400291e-01
-3.924252702375e-01	8.854041481602e-01	-2.491222625535e-01
-6.983762274578e-01	5.427737958582e-01	-4.665482305736e-01
-6.722342959194e-01	3.923406695552e-02	-7.392981397108e-01
-5.242077689910e-01	-2.802322652844e-01	-8.041617327522e-01
-4.029863876135e-01	-4.960130282549e-01	-7.691378596842e-01
-4.169564677799e-01	-4.288670406279e-01	-8.013865268643e-01
-2.962627694223e-01	-1.631151933900e-01	-9.410748137845e-01
-8.085579251328e-02	-4.602858232296e-02	-9.956624480347e-01
4.865976162311e-02	-4.425079195164e-02	-9.978347032502e-01
2.892333770010e-01	-1.613283264362e-01	-9.435662269909e-01
3.854918622829e-01	-3.599516876496e-01	-8.496062656736e-01
3.513187835895e-01	-5.495450405824e-01	-7.580074938076e-01
4.958043954529e-01	-2.960089451217e-01	-8.164292411823e-01
6.662727019165e-01	8.337087965971e-02	-7.410330512910e-01
6.750977344954e-01	5.545421521075e-01	-4.865450137605e-01
4.077650527371e-01	8.668086165006e-01	-2.870025855748e-01
5.945059643464e-02	9.682412351054e-01	-2.428467360810e-01

Hair-18
-5.596917828292e-02	9.984324935694e-01	-8.286845356482e-05
-4.443612642198e-01	8.948744872773e-01	-4.174588460214e-02
-8.278936421369e-01	4.634556830530e-01	-3.159128790588e-01
-8.018144295814e-01	-5.204837179821e-02	-5.953020976851e-01
-6.574730638270e-01	-3.644597917578e-01	-6.594681421675e-01
-5.662035385908e-01	-5.263603014950e-01	-6.343172596559e-01
-5.997504639894e-01	-3.573864086916e-01	-7.159429696749e-01
-4.274306311334e-01	1.473624482458e-03	-9.040469478958e-01
-9.873006560173e-02	1.675553947342e-01	-9.809065010702e-01
1.003086821109e-01	1.630062405000e-01	-9.815126763579e-01
4.351560901287e-01	-9.756563500083e-03	-9.003021641052e-01
5.734275623647e-01	-3.161708240131e-01	-7.557888863720e-01
5.164349876674e-01	-5.845262525785e-01	-6.257986605606e-01
6.218112248906e-01	-3.972125475767e-01	-6.749614749360e-01
7.969118596965e-01	-1.691024140895e-02	-6.038588672948e-01
8.126303833153e-01	4.687825526947e-01	-3.462293725291e-01
4.632497792600e-01	8.825216040873e-01	-8.096456221564e-02
5.479936416059e-02	9.980226891787e-01	-3.078541167749e-02
-4.349005577902e-02	9.985902202471e-01	-3.043332178954e-02
-4.274978275115e-01	9.013820279454e-01	-6.896410058928e-02
-8.112913183884e-01	4.770637095574e-01	-3.379594853393e-01
-7.858410772584e-01	-3.795362447754e-02	-6.172627671279e-01
-6.407580325674e-01	-3.522093950362e-01	-6.821859612661e-01
-5.444683579514e-01	-5.231385021165e-01	-6.556525869643e-01
-5.752276530272e-01	-3.692909261904e-01	-7.298885935719e-01
-4.112766991520e-01	-2.382656820537e-02	-9.111990843840e-01
-1.017322561752e-01	1.364600472978e-01	-9.854081405920e-01
8.801958020761e-02	1.347992125041e-01	-9.869557871599e-01
4.096863852645e-01	-2.666186269050e-02	-9.118367237652e-01
5.477357288111e-01	-3.188033128883e-01	-7.735308779067e-01
4.960649710037e-01	-5.773048274219e-01	-6.485666355730e-01
6.073891963587e-01	-3.806071392604e-01	-6.972923129439e-01
7.812066540000e-01	3.228389914402e-04	-6.242724241235e-01
7.944478771092e-01	4.849249583759e-01	-3.656505918234e-01
4.524270681199e-01	8.850303499012e-01	-1.096860418928e-01
5.007203359700e-02	9.968670319185e-01	-6.122836046676e-02
-4.742509921849e-02	9.970049365138e-01	-6.109023269853e-02
-4.252986931653e-01	8.995124528490e-01	-9.999184347454e-02
-7.954354716019e-01	4.850235358810e-01	-3.633656287529e-01
-7.670159603871e-01	-2.983098930774e-02	-6.409341842876e-01
-6.200300023255e-01	-3.455459651182e-01	-7.043868129137e-01
-5.199187367232e-01	-5.241616695974e-01	-6.744916984878e-01
-5.504001230758e-01	-3.835407879229e-01	-7.415902969414e-01
-3.954932105579e-01	-4.987296009072e-02	-9.171138469429e-01
-1.010765511054e-01	1.058653710266e-01	-9.892300308998e-01
7.968369406153e-02	1.053427641718e-01	-9.912383219677e-01
3.900019319585e-01	-4.879533992116e-02	-9.195202596303e-01
5.218156366684e-01	-3.265510081742e-01	-7.880817726535e-01
4.723620392759e-01	-5.751051833185e-01	-6.679282386389e-01
5.888763098519e-01	-3.693045653928e-01	-7.189150364788e-01
7.631408454056e-01	1.197584651980e-02	-6.461212186376e-01
7.768227983547e-01	4.958442341437e-01	-3.881814465207e-01
4.423309925765e-01	8.860719040244e-01	-1.386357598347e-01
4.658849676413e-02	9.946993853800e-01	-9.166594075163e-02
-5.167755885414e-02	9.944404536850e-01	-9.174755574788e-02
-4.220881996726e-01	8.970816004481e-01	-1.307140154481e-01
-7.796179617738e-01	4.895369757642e-01	-3.905757071803e-01
-7.464211155137e-01	-2.469098934767e-02	-6.650156940707e-01
-5.969967109514e-01	-3.413567455263e-01	-7.259962116960e-01
-4.938417664338e-01	-5.265020371342e-01	-6.920375095463e-01
-5.249494305816e-01	-3.977313320244e-01	-7.524877958201e-01
-3.785048702309e-01	-7.492741555988e-02	-9.225616215782e-01
-9.752275133664e-02	7.555184096736e-02	-9.923614423677e-01
7.490961251423e-02	7.521031120039e-02	-9.943500183749e-01
3.726204445548e-01	-7.331089291163e-02	-9.250835190837e-01
4.956472895929e-01	-3.371305302883e-01	-8.004228694051e-01
4.462957752459e-01	-5.760777074016e-01	-6.848025671918e-01
5.675521687455e-01	-3.612913752647e-01	-7.398331419392e-01
7.432756643644e-01	2.004593838280e-02	-6.686848638320e-01
7.593742219924e-01	5.030741430360e-01	-4.126344600031e-01
4.349381754376e-01	8.845874951314e-01	-1.683263110870e-01
4.839558358939e-02	9.913323989516e-01	-1.221390284792e-01
-4.977594896872e-02	9.912595135168e-01	-1.221758231679e-01
-4.149849192226e-01	8.955613398722e-01	-1.604911316680e-01
-7.612616062399e-01	5.002215620787e-01	-4.126247153245e-01
-7.276611283119e-01	-1.219556192566e-02	-6.858283681893e-01
-5.779020989280e-01	-3.293950164877e-01	-7.466780344752e-01
-4.705923472974e-01	-5.217733110048e-01	-7.115444150495e-01
-4.986838536175e-01	-4.067267555391e-01	-7.654330542051e-01
-3.570229018474e-01	-9.584353329922e-02	-9.291655744167e-01
-9.116048665654e-02	4.567719848845e-02	-9.947880976423e-01
7.149254435510e-02	4.482552945652e-02	-9.964333836291e-01
3.532629067604e-01	-9.646505701024e-02	-9.305373778002e-01
4.688277901896e-01	-3.441748813717e-01	-8.134765848989e-01
4.228502720748e-01	-5.709596062160e-01	-7.037064554741e-01
5.501469425366e-01	-3.457826523340e-01	-7.601136092470e-01
7.250629822662e-01	3.585127301931e-02	-6.877487607914e-01
7.392774644193e-01	5.167244014238e-01	-4.318156129356e-01
4.256775557546e-01	8.830692473798e-01	-1.974520773729e-01
4.773714057739e-02	9.871518257481e-01	-1.524875022149e-01
-4.768855116024e-02	9.871647921917e-01	-1.524187493238e-01
-4.066642834091e-01	8.936205874975e-01	-1.899115746864e-01
-7.409079566525e-01	5.150997776684e-01	-4.309612729875e-01
-7.099939735383e-01	5.222080854084e-03	-7.041883891480e-01
-5.608546178521e-01	-3.127318934795e-01	-7.665773675466e-01
-4.491022840993e-01	-5.126193638914e-01	-7.317981457891e-01
-4.718713416140e-01	-4.133929241271e-01	-7.787449693225e-01
-3.336129491364e-01	-1.152188495011e-01	-9.356425689804e-01
-8.527589019854e-02	1.564429241826e-02	-9.962345500260e-01
6.717881468383e-02	1.462181077695e-02	-9.976338053150e-01
3.324435212341e-01	-1.185808808138e-01	-9.356387550197e-01
4.416598222644e-01	-3.510802920380e-01	-8.256386800168e-01
3.989708605655e-01	-5.651760445210e-01	-7.220791446366e-01
5.322819363731e-01	-3.298743734433e-01	-7.796530240795e-01
7.060283056147e-01	5.128655474731e-02	-7.063240906078e-01
7.185713231151e-01	5.296232258800e-01	-4.507266269094e-01
4.165583678593e-01	8.804225043709e-01	-2.265730345024e-01
4.565426642134e-02	9.821197269716e-01	-1.826377010664e-01
-4.751148447676e-02	9.820338477433e-01	-1.826257942605e-01
-3.984831402300e-01	8.905811952825e-01	-2.192631331566e-01
-7.208506369543e-01	5.259021382052e-01	-4.514435736987e-01
-6.902595779858e-01	1.869670110652e-02	-7.233202253267e-01
-5.408201930134e-01	-2.998989777660e-01	-7.858588435361e-01
-4.248849436792e-01	-5.073921855360e-01	-7.496839031831e-01
-4.448582293354e-01	-4.236523588087e-01	-7.890626303839e-01
-3.146259834986e-01	-1.390704609003e-01	-9.389727884303e-01
-8.356422189426e-02	-1.508951201001e-02	-9.963881409604e-01
5.910778445698e-02	-1.512491342563e-02	-9.981370180544e-01
3.111884874488e-01	-1.402720231622e-01	-9.399390856844e-01
4.139967988497e-01	-3.577042970937e-01	-8.370509461096e-01
3.742094611362e-01	-5.597350329832e-01	-7.393672781828e-01
5.128759806504e-01	-3.152550135748e-01	-7.984813741646e-01
6.858863823430e-01	6.512409100361e-02	-7.247887439023e-01
6.975823267189e-01	5.406122907727e-01	-4.702310586456e-01
4.044318122752e-01	8.783929066332e-01	-2.546778569019e-01
4.172490446220e-02	9.762535648717e-01	-2.125747149191e-01
-5.105242109484e-02	9.757612804362e-01	-2.127993747683e-01
-3.937134356750e-01	8.847501524460e-01	-2.494131077464e-01
-7.020036067097e-01	5.293228638103e-01	-4.764538193931e-01
-6.673955710916e-01	2.515160098555e-02	-7.442785423853e-01
-5.162391358170e-01	-2.935870637497e-01	-8.045519191760e-01
-3.963932307429e-01	-5.092111797681e-01	-7.639217113163e-01
-4.177887542006e-01	-4.409357636034e-01	-7.943728401947e-01
-3.014159699971e-01	-1.687200770742e-01	-9.384465614103e-01
-8.804043493220e-02	-4.723117466518e-02	-9.949965316305e-01
4.574400105652e-02	-4.393088928524e-02	-9.979867550894e-01
2.872508988296e-01	-1.597587985234e-01	-9.444384826001e-01
3.858166260914e-01	-3.624606734280e-01	-8.483912960713e-01
3.496013058636e-01	-5.528224425749e-01	-7.564167329746e-01
4.933253242908e-01	-2.999326582272e-01	-8.164989436258e-01
6.651483638940e-01	7.911978201190e-02	-7.425077198949e-01
6.762763108979e-01	5.499184385275e-01	-4.901428998628e-01
4.024575492518e-01	8.697423720196e-01	-2.856153486139e-01
5.685979566137e-02	9.684578174442e-01	-2.426034201500e-01

Hair-19
-7.079837628276e-02	9.974905980209e-01	-3.110878750373e-04
-4.543302470277e-01	8.897388728715e-01	-4.414481551810e-02
-8.291133419710e-01	4.589618786381e-01	-3.192570439672e-01
-7.999680913235e-01	-5.741050893009e-02	-5.972897842158e-01
-6.542008873334e-01	-3.698913165354e-01	-6.596981226015e-01
-5.632927984151e-01	-5.322152282333e-01	-6.320191247821e-01
-6.004617360518e-01	-3.642546691038e-01	-7.118737525528e-01
-4.364110875046e-01	-7.313768793305e-03	-8.997176620969e-01
-1.085258692390e-01	1.660160401322e-01	-9.801330573574e-01
8.709274470156e-02	1.654710555278e-01	-9.823615340611e-01
4.272663634530e-01	-2.352061384450e-03	-9.041227363964e-01
5.723577795613e-01	-3.042450553081e-01	-7.614732552731e-01
5.220327209137e-01	-5.734728500021e-01	-6.313562612392e-01
6.281228670301e-01	-3.870578851121e-01	-6.750169312591e-01
8.000805770112e-01	-5.890283524989e-03	-5.998636302107e-01
8.099772377252e-01	4.786158415311e-01	-3.389155508420e-01
4.602020595469e-01	8.841976927441e-01	-8.005313569587e-02
5.200236053161e-02	9.981777082286e-01	-3.061073822291e-02
-4.854901639987e-02	9.983516092960e-01	-3.061139040818e-02
-4.310072095870e-01	8.996289384085e-01	-7.000398890051e-02
-8.106504253541e-01	4.795776895616e-01	-3.359332188814e-01
-7.866482007836e-01	-3.546288092509e-02	-6.163821803722e-01
-6.421550760248e-01	-3.498339796511e-01	-6.820946012227e-01
-5.457531811857e-01	-5.207521958283e-01	-6.564835228440e-01
-5.751040719245e-01	-3.679942727919e-01	-7.306404872769e-01
-4.148766577524e-01	-2.717314258983e-02	-9.094718132928e-01
-1.027153312513e-01	1.364262328412e-01	-9.853108360912e-01
8.270620966517e-02	1.355588801249e-01	-9.873112340605e-01
4.090698368987e-01	-2.561065774535e-02	-9.121436086218e-01
5.470264846237e-01	-3.125115125795e-01	-7.765942181252e-01
4.994121077860e-01	-5.706641135619e-01	-6.518665631012e-01
6.115812696317e-01	-3.737900319527e-01	-6.973158270457e-01
7.833920891440e-01	7.955638648547e-03	-6.214769042211e-01
7.925943456967e-01	4.918082439749e-01	-3.604425811803e-01
4.516641307419e-01	8.854469862947e-01	-1.094675635189e-01
5.149923373603e-02	9.967980922133e-01	-6.116692148973e-02
-4.836888029292e-02	9.969540484710e-01	-6.118068859116e-02
-4.259359884380e-01	8.991755046042e-01	-1.003092501877e-01
-7.936263765933e-01	4.917925568769e-01	-3.581860625092e-01
-7.694622033192e-01	-2.246332689578e-02	-6.382972008460e-01
-6.241276857061e-01	-3.387360389218e-01	-7.040756549340e-01
-5.233211964181e-01	-5.173435184637e-01	-6.771193464103e-01
-5.498876782044e-01	-3.782692354506e-01	-7.446716906601e-01
-3.941063501140e-01	-4.829412378276e-02	-9.177951091654e-01
-9.643878280120e-02	1.067887451224e-01	-9.895937171825e-01
7.979375574382e-02	1.051797020079e-01	-9.912467840199e-01
3.914916029565e-01	-4.971879019422e-02	-9.188375083311e-01
5.212395271691e-01	-3.214222639941e-01	-7.905675704995e-01
4.752609598502e-01	-5.694770836656e-01	-6.706883562595e-01
5.925293791888e-01	-3.634194869733e-01	-7.189125199120e-01
7.651028812895e-01	1.881841561208e-02	-6.436330074479e-01
7.751358970817e-01	5.020990085562e-01	-3.834852365635e-01
4.441173888277e-01	8.850961936270e-01	-1.391562897170e-01
4.890990361269e-02	9.945854305415e-01	-9.169319867469e-02
-5.017887043806e-02	9.945190427859e-01	-9.172761033473e-02
-4.223718777843e-01	8.969204333368e-01	-1.309035260023e-01
-7.772132834007e-01	4.984577258871e-01	-3.840304774480e-01
-7.496584649815e-01	-1.533633935601e-02	-6.616471737843e-01
-6.021706339069e-01	-3.327912787241e-01	-7.257000016986e-01
-4.980830990380e-01	-5.182198937658e-01	-6.952419493659e-01
-5.243970442819e-01	-3.906815701971e-01	-7.565551206995e-01
-3.770423569097e-01	-7.319514735268e-02	-9.232992643233e-01
-9.456582075769e-02	7.613260657290e-02	-9.926032096265e-01
7.341968284932e-02	7.541526847581e-02	-9.944456181466e-01
3.718236761101e-01	-7.224549848109e-02	-9.254878399165e-01
4.948811888058e-01	-3.291631350876e-01	-8.042041031140e-01
4.501331073988e-01	-5.687074430762e-01	-6.884417403188e-01
5.720324545151e-01	-3.540972098733e-01	-7.398608226832e-01
7.457463937663e-01	2.836706041147e-02	-6.656257402386e-01
7.572157493481e-01	5.108948212525e-01	-4.069530569447e-01
4.367301777728e-01	8.836036584762e-01	-1.688529731750e-01
4.884566913874e-02	9.913110160060e-01	-1.221334112830e-01
-4.952505301986e-02	9.912729989946e-01	-1.221683698327e-01
-4.157820578068e-01	8.951417974410e-01	-1.607682894108e-01
-7.591920068598e-01	5.078625504105e-01	-4.070664891769e-01
-7.304134858996e-01	-4.428232513612e-03	-6.829908713686e-01
-5.820720328075e-01	-3.224067646244e-01	-7.464891337105e-01
-4.739438702752e-01	-5.153499569461e-01	-7.139969395622e-01
-4.982513356244e-01	-4.012329037776e-01	-7.686076785166e-01
-3.592953937698e-01	-9.760427071522e-02	-9.281057193843e-01
-9.368047003128e-02	4.508120415000e-02	-9.945811452904e-01
6.496352052655e-02	4.605465983897e-02	-9.968243121573e-01
3.492251165665e-01	-9.267229231609e-02	-9.324449925846e-01
4.680054872796e-01	-3.353120474769e-01	-8.176409326184e-01
4.272140646591e-01	-5.623244360291e-01	-7.080108555679e-01
5.553893699150e-01	-3.374365616616e-01	-7.600521131076e-01
7.276949705385e-01	4.514064830796e-02	-6.844138745842e-01
7.370146781211e-01	5.251306952920e-01	-4.254963185460e-01
4.264068418005e-01	8.826568632784e-01	-1.977221964605e-01
4.737646096050e-02	9.871721870289e-01	-1.524681740677e-01
-4.926071074418e-02	9.870747853272e-01	-1.525016411329e-01
-4.065558044408e-01	8.936620150581e-01	-1.899488897515e-01
-7.390290372126e-01	5.221733611417e-01	-4.256419423300e-01
-7.126455747688e-01	1.287989558915e-02	-7.014060115597e-01
-5.650801949234e-01	-3.055732602199e-01	-7.663611132775e-01
-4.522573947455e-01	-5.063889981916e-01	-7.341889616499e-01
-4.714756389683e-01	-4.090250445979e-01	-7.812869093688e-01
-3.356601443243e-01	-1.169121257078e-01	-9.346998568389e-01
-8.673162453659e-02	1.538666419343e-02	-9.961128830962e-01
6.191119477720e-02	1.546060560821e-02	-9.979619099121e-01
3.308774216432e-01	-1.167955875077e-01	-9.364181344813e-01
4.409695974475e-01	-3.444806004493e-01	-8.287815936911e-01
4.023329525278e-01	-5.583979448372e-01	-7.254791041180e-01
5.364208406822e-01	-3.231634674254e-01	-7.796268690876e-01
7.081374223733e-01	5.878287606255e-02	-7.036234536428e-01
7.167868572064e-01	5.364213609687e-01	-4.454982882489e-01
4.172368312326e-01	8.800420163017e-01	-2.268027253067e-01
4.784372749091e-02	9.820113136305e-01	-1.826602245743e-01
-4.766427148229e-02	9.820166378850e-01	-1.826785158169e-01
-3.973187730055e-01	8.911478096857e-01	-2.190739005672e-01
-7.184109032794e-01	5.351219713899e-01	-4.444437532299e-01
-6.936893876739e-01	2.883455739680e-02	-7.196968818387e-01
-5.464387590906e-01	-2.905259130235e-01	-7.854930785344e-01
-4.293043093247e-01	-4.983966370667e-01	-7.531922743602e-01
-4.441991548206e-01	-4.163017027112e-01	-7.933347358942e-01
-3.121153000167e-01	-1.363391874381e-01	-9.402104367982e-01
-7.960804937607e-02	-1.440578632903e-02	-9.967221437265e-01
5.899336254793e-02	-1.520854391451e-02	-9.981425165613e-01
3.131455627643e-01	-1.415115859754e-01	-9.391029376782e-01
4.134803750513e-01	-3.531404353259e-01	-8.392412122776e-01
3.764191198703e-01	-5.554379607552e-01	-7.414831879066e-01
5.154841198918e-01	-3.110722652392e-01	-7.984423385181e-01
6.872252091911e-01	6.994273185087e-02	-7.230695167917e-01
6.964103939674e-01	5.452081495136e-01	-4.666483010555e-01
4.086318368171e-01	8.760743632988e-01	-2.559565039419e-01
4.601930401276e-02	9.760406014728e-01	-2.126663300451e-01
-4.824219355633e-02	9.759246110398e-01	-2.127060044465e-01
-3.912800664509e-01	8.859965244138e-01	-2.488173392770e-01
-6.984926512456e-01	5.423756795883e-01	-4.668368433908e-01
-6.721799072805e-01	3.898367676548e-02	-7.393608355832e-01
-5.241086310655e-01	-2.804647368663e-01	-8.041453066562e-01
-4.031640830887e-01	-4.957352653843e-01	-7.692238092789e-01
-4.169191394717e-01	-4.275058957506e-01	-8.021328694429e-01
-2.946123877404e-01	-1.616299612029e-01	-9.418488714393e-01
-7.861083696104e-02	-4.544873817494e-02	-9.958688410180e-01
5.117847813931e-02	-4.482244287755e-02	-9.976831721493e-01
2.913610155554e-01	-1.630555075290e-01	-9.426142689770e-01
3.859228719286e-01	-3.638167072646e-01	-8.477623136455e-01
3.488330486503e-01	-5.542506763864e-01	-7.557259370265e-01
4.926246493799e-01	-3.011167529572e-01	-8.164861639439e-01
6.647566574040e-01	7.775924644338e-02	-7.430020767330e-01
6.763548071883e-01	5.496474849954e-01	-4.903384719064e-01
4.123804030914e-01	8.641988649629e-01	-2.882754324307e-01
6.621330307144e-02	9.677900753557e-01	-2.428953859987e-01

Hair-20
-6.881095604116e-02	9.976296249295e-01	-4.287092934375e-04
-4.536433500018e-01	8.900990502408e-01	-4.394760243312e-02
-8.292515653504e-01	4.584072089214e-01	-3.196946545890e-01
-7.997812490857e-01	-5.794082815222e-02	-5.974887564164e-01
-6.538417818605e-01	-3.704786221859e-01	-6.597245749528e-01
-5.631204481233e-01	-5.326508542682e-01	-6.318056887626e-01
-6.003676599644e-01	-3.631368113394e-01	-7.125239147699e-01
-4.334490653921e-01	-4.539953218134e-03	-9.011666308378e-01
-1.067439776887e-01	1.663198016681e-01	-9.802772295633e-01
9.183896572303e-02	1.646484514205e-01	-9.820674578764e-01
4.284492098556e-01	-3.637939482448e-03	-9.035585426359e-01
5.727010756468e-01	-3.076173677586e-01	-7.598585611851e-01
5.203569977701e-01	-5.767463476141e-01	-6.297557029400e-01
6.261153816640e-01	-3.902422977349e-01	-6.750485004075e-01
7.991037724551e-01	-9.416546246343e-03	-6.011193637746e-01
8.107788140441e-01	4.755844151203e-01	-3.412582288999e-01
4.600876454603e-01	8.842590574734e-01	-8.003297927121e-02
5.257229818471e-02	9.981460747021e-01	-3.066866512319e-02
-4.686560469540e-02	9.984343169788e-01	-3.053735050074e-02
-4.297404573573e-01	9.002637268546e-01	-6.963017607483e-02
-8.111293456775e-01	4.777574872727e-01	-3.373677043460e-01
-7.860846226316e-01	-3.713700066063e-02	-6.170022765307e-01
-6.410849170857e-01	-3.517594040399e-01	-6.821110252405e-01
-5.449261667561e-01	-5.223237345367e-01	-6.559217858283e-01
-5.751492575102e-01	-3.685656410543e-01	-7.303168489222e-01
-4.112524161393e-01	-2.381059088134e-02	-9.112104619578e-01
-1.030233833545e-01	1.362663532322e-01	-9.853007984666e-01
8.613338797783e-02	1.350841660370e-01	-9.870832323373e-01
4.075495631054e-01	-2.464152041436e-02	-9.128505622961e-01
5.473206372226e-01	-3.148512915113e-01	-7.754410256775e-01
4.983987752561e-01	-5.726430260854e-01	-6.509060035820e-01
6.103767042015e-01	-3.757649585194e-01	-6.973098127210e-01
7.828082074180e-01	5.859477538275e-03	-6.222354674253e-01
7.930939198032e-01	4.898609845412e-01	-3.619920581940e-01
4.495440755030e-01	8.865961065340e-01	-1.088920018135e-01
4.927987030015e-02	9.969089749294e-01	-6.118815317110e-02
-4.968231496927e-02	9.968898193092e-01	-6.117479658361e-02
-4.262846077129e-01	8.990120080491e-01	-1.002937815145e-01
-7.949276452229e-01	4.869296777391e-01	-3.619247543306e-01
-7.677419693556e-01	-2.765337884552e-02	-6.401621350317e-01
-6.211769460832e-01	-3.436669335283e-01	-7.042955632787e-01
-5.211071773229e-01	-5.217658455253e-01	-6.754315007355e-01
-5.501406924519e-01	-3.809681677093e-01	-7.431073096807e-01
-3.938005994937e-01	-4.816454765322e-02	-9.179331479949e-01
-9.977882021482e-02	1.060700023525e-01	-9.893398514350e-01
8.048350133785e-02	1.051953811902e-01	-9.911893551631e-01
3.898563499749e-01	-4.863255107397e-02	-9.195906161767e-01
5.215957406959e-01	-3.244639594870e-01	-7.890887290298e-01
4.739377746908e-01	-5.719687530478e-01	-6.695033467116e-01
5.911683888734e-01	-3.656156239095e-01	-7.189194332818e-01
7.644107739833e-01	1.637832029924e-02	-6.445214653078e-01
7.757367011320e-01	4.997885285173e-01	-3.852843070764e-01
4.412627645551e-01	8.866440705154e-01	-1.383815913950e-01
4.677619866535e-02	9.946885781156e-01	-9.168762078276e-02
-5.218284856431e-02	9.944126942756e-01	-9.176243119761e-02
-4.227101998826e-01	8.967598448117e-01	-1.309116788087e-01
-7.788431123097e-01	4.923451936767e-01	-3.885866913203e-01
-7.475085916681e-01	-2.158870811383e-02	-6.639012223699e-01
-5.986632252754e-01	-3.385480190122e-01	-7.259391031800e-01
-4.952604455313e-01	-5.236672407626e-01	-6.931736521567e-01
-5.247216542842e-01	-3.950660107590e-01	-7.540490916832e-01
-3.773001236105e-01	-7.368437874884e-02	-9.231550406361e-01
-9.651694944878e-02	7.571977405356e-02	-9.924469730350e-01
7.520534430826e-02	7.515042704636e-02	-9.943322229025e-01
3.720527025014e-01	-7.278299094037e-02	-9.253536744354e-01
4.954077054616e-01	-3.346328864928e-01	-8.016183859211e-01
4.478376590126e-01	-5.730060353830e-01	-6.863712658501e-01
5.697089853629e-01	-3.578157451936e-01	-7.398645582053e-01
7.444607957606e-01	2.402431817810e-02	-6.672338088793e-01
7.583422905167e-01	5.067287719923e-01	-4.100523406213e-01
4.348474846913e-01	8.846309152028e-01	-1.683324357484e-01
4.830365621083e-02	9.913354414048e-01	-1.221507241542e-01
-5.004596796336e-02	9.912447115961e-01	-1.221856080858e-01
-4.153738505651e-01	8.953548698738e-01	-1.606369237131e-01
-7.602988482661e-01	5.037060013556e-01	-4.101535389625e-01
-7.290161141379e-01	-8.375586145593e-03	-6.844452899130e-01
-5.798481250805e-01	-3.261003523691e-01	-7.466155048118e-01
-4.720579490420e-01	-5.189090884903e-01	-7.126672790499e-01
-4.985091334504e-01	-4.047344227253e-01	-7.666020420843e-01
-3.567692477489e-01	-9.556483771503e-02	-9.292917010569e-01
-9.168000177250e-02	4.556763858459e-02	-9.947453782696e-01
7.014135575238e-02	4.504939812227e-02	-9.965193133814e-01
3.515249902136e-01	-9.487593274572e-02	-9.313585446223e-01
4.684927095441e-01	-3.406922486649e-01	-8.151339600358e-01
4.245529494548e-01	-5.675111613616e-01	-7.054685498584e-01
5.522371854462e-01	-3.424105416183e-01	-7.601244056068e-01
7.261480257343e-01	3.960217681171e-02	-6.863969058161e-01
7.383092864555e-01	5.202003026223e-01	-4.292913261239e-01
4.253767518746e-01	8.832255377980e-01	-1.974012875999e-01
4.763487491939e-02	9.871549878460e-01	-1.524990120038e-01
-4.859149470247e-02	9.871087004354e-01	-1.524968201878e-01
-4.054568568031e-01	8.942267504378e-01	-1.896398061400e-01
-7.398954374810e-01	5.188456841212e-01	-4.281984325796e-01
-7.115350675221e-01	9.696149991151e-03	-7.025836835294e-01
-5.631737788402e-01	-3.088274744994e-01	-7.664599701362e-01
-4.508665768090e-01	-5.090428263515e-01	-7.332085179924e-01
-4.715878211333e-01	-4.105744440903e-01	-7.804060179283e-01
-3.326407531450e-01	-1.142480229689e-01	-9.361076426324e-01
-8.598856141388e-02	1.551767466400e-02	-9.961752702607e-01
6.549312817360e-02	1.486717464459e-02	-9.977422599450e-01
3.300760776004e-01	-1.164110764983e-01	-9.367487626170e-01
4.412066496480e-01	-3.467854547312e-01	-8.276935064946e-01
4.012628060267e-01	-5.605241870440e-01	-7.244313606120e-01
5.351520034407e-01	-3.251973658088e-01	-7.796531321584e-01
7.075042766839e-01	5.646528281776e-02	-7.044496932431e-01
7.173289894209e-01	5.341508360246e-01	-4.473499807875e-01
4.142748597230e-01	8.816569679267e-01	-2.259586942514e-01
4.562301991576e-02	9.821160865862e-01	-1.826650829314e-01
-4.924502931668e-02	9.819318628828e-01	-1.827149247958e-01
-3.978769411902e-01	8.908832991797e-01	-2.191366854542e-01
-7.198659400968e-01	5.295431343644e-01	-4.487505956944e-01
-6.917506208794e-01	2.307101233379e-02	-7.217678344890e-01
-5.431343454655e-01	-2.960093694869e-01	-7.857375744813e-01
-4.268197582124e-01	-5.033669213478e-01	-7.512966368169e-01
-4.444896086984e-01	-4.197488096517e-01	-7.913532236335e-01
-3.122275852191e-01	-1.366975011256e-01	-9.401211242251e-01
-8.266881122787e-02	-1.495115949309e-02	-9.964649168335e-01
5.908959274163e-02	-1.515502552431e-02	-9.981376384202e-01
3.107085620498e-01	-1.397868397530e-01	-9.401701063642e-01
4.136918002752e-01	-3.550507582878e-01	-8.383305156227e-01
3.757342909332e-01	-5.566806682003e-01	-7.408983575829e-01
5.148702211317e-01	-3.120410044014e-01	-7.984604354406e-01
6.869082776647e-01	6.876953861589e-02	-7.234830810974e-01
6.967171238434e-01	5.437655024590e-01	-4.678721274867e-01
4.043575508314e-01	8.783997985512e-01	-2.547719862756e-01
4.266795036680e-02	9.761968029180e-01	-2.126481788875e-01
-5.133565648031e-02	9.757494383215e-01	-2.127855351969e-01
-3.924290000072e-01	8.854201845594e-01	-2.490593839392e-01
-7.003411800907e-01	5.353420398730e-01	-4.721558342472e-01
-6.698038503252e-01	3.198311547868e-02	-7.418489619955e-01
-5.199946026124e-01	-2.871726397109e-01	-8.044485615970e-01
-3.998228392414e-01	-5.022131979060e-01	-7.667617629160e-01
-4.172991098710e-01	-4.332455616639e-01	-7.988490071343e-01
-2.955360698643e-01	-1.628688513460e-01	-9.413459346438e-01
-8.123012584467e-02	-4.584351193914e-02	-9.956405169881e-01
5.174861359592e-02	-4.495211266490e-02	-9.976479281580e-01
2.912320931925e-01	-1.632176739165e-01	-9.426260439941e-01
3.861520298076e-01	-3.660134182507e-01	-8.467117499692e-01
3.477384524049e-01	-5.564354049097e-01	-7.546241507413e-01
4.911544241750e-01	-3.033812194532e-01	-8.165336290052e-01
6.640871319312e-01	7.553994559274e-02	-7.438292800255e-01
6.770871182744e-01	5.467962506217e-01	-4.925108065545e-01
4.102453916314e-01	8.653577549895e-01	-2.878448792749e-01
6.596655919826e-02	9.677862670969e-01	-2.429776826916e-01

Hair-21
-7.747376855867e-02	9.969943035614e-01	-4.169550604347e-04
-4.595694484627e-01	8.869752536563e-01	-4.550627913775e-02
-8.307717968655e-01	4.524261705564e-01	-3.242356885484e-01
-7.974008604667e-01	-6.473563462564e-02	-5.999676369077e-01
-6.501577291403e-01	-3.766239037834e-01	-6.598858706913e-01
-5.602080104400e-01	-5.382419260085e-01	-6.296527726657e-01
-6.007959360514e-01	-3.680472551483e-01	-7.096375562228e-01
-4.375152442703e-01	-8.492482273698e-03	-8.991708896400e-01
-1.103729688186e-01	1.655386847741e-01	-9.800075262963e-01
8.636703203758e-02	1.657122178798e-01	-9.823849533774e-01
4.266850324351e-01	-2.061948366156e-03	-9.043979386668e-01
5.723686739142e-01	-3.051575260170e-01	-7.610998524746e-01
5.200466795121e-01	-5.774979999373e-01	-6.293230578938e-01
6.242148191410e-01	-3.931642351728e-01	-6.751131340344e-01
7.981518421081e-01	-1.280256755256e-02	-6.023202895499e-01
8.115436803579e-01	4.727767647058e-01	-3.433350923304e-01
4.624742155975e-01	8.829603557157e-01	-8.061395748755e-02
5.366702563638e-02	9.980884716722e-01	-3.064723599952e-02
-4.740413411686e-02	9.984064868142e-01	-3.061592977303e-02
-4.302816460756e-01	8.999885528693e-01	-6.984489784312e-02
-8.115363086421e-01	4.763188535566e-01	-3.384215854553e-01
-7.853839493115e-01	-3.920540249071e-02	-6.177661277372e-01
-6.403747491598e-01	-3.528111915579e-01	-6.822348889862e-01
-5.444778277454e-01	-5.232019578093e-01	-6.555940866406e-01
-5.751771266303e-01	-3.689808393471e-01	-7.300852095448e-01
-4.148364496865e-01	-2.710614822173e-02	-9.094921532042e-01
-1.034950705036e-01	1.361848957847e-01	-9.852626271921e-01
8.287045082822e-02	1.355810292387e-01	-9.872944205707e-01
4.082265655093e-01	-2.511064020051e-02	-9.125352195730e-01
5.470697003349e-01	-3.134792122005e-01	-7.761736445497e-01
4.980012407672e-01	-5.735169245062e-01	-6.504406979113e-01
6.092182214384e-01	-3.774664773414e-01	-6.974039124861e-01
7.822047211881e-01	3.667588045004e-03	-6.230106924836e-01
7.935492861311e-01	4.882511674917e-01	-3.631670799009e-01
4.517652298687e-01	8.853968847864e-01	-1.094556233927e-01
5.144024657352e-02	9.968013453778e-01	-6.116354212645e-02
-4.876424110138e-02	9.969348452620e-01	-6.117976047805e-02
-4.274928967286e-01	8.983928960154e-01	-1.006977042228e-01
-7.949045359236e-01	4.870425506942e-01	-3.618236208175e-01
-7.676039555708e-01	-2.804102346889e-02	-6.403107592372e-01
-6.211636754325e-01	-3.436498543396e-01	-7.043156010877e-01
-5.213799598873e-01	-5.212207616532e-01	-6.756418097259e-01
-5.500178578407e-01	-3.797930917323e-01	-7.437994108150e-01
-3.939964783159e-01	-4.825438175879e-02	-9.178443711849e-01
-9.746831918639e-02	1.065416660715e-01	-9.895194794170e-01
7.870461753720e-02	1.054176474360e-01	-9.913085810117e-01
3.900692750864e-01	-4.860592240343e-02	-9.195017264480e-01
5.212311860904e-01	-3.214214146924e-01	-7.905734152018e-01
4.748130487516e-01	-5.702850948910e-01	-6.703189384766e-01
5.918572044251e-01	-3.644903521722e-01	-7.189240799580e-01
7.647366856824e-01	1.752636496423e-02	-6.441045164433e-01
7.753746606589e-01	5.011300217181e-01	-3.842692245561e-01
4.423437406296e-01	8.860546970130e-01	-1.387050432643e-01
4.720470282357e-02	9.946684531983e-01	-9.168633618699e-02
-5.220906800731e-02	9.944110767977e-01	-9.176504541365e-02
-4.248147351930e-01	8.956839274938e-01	-1.314638459511e-01
-7.784676361760e-01	4.936829325039e-01	-3.876406861786e-01
-7.478254318743e-01	-2.076158743518e-02	-6.635707045441e-01
-5.990671079561e-01	-3.378505545388e-01	-7.259308527422e-01
-4.957121301431e-01	-5.227376482690e-01	-6.935523304778e-01
-5.246118679126e-01	-3.937054415530e-01	-7.548366799095e-01
-3.778521555446e-01	-7.435203761717e-02	-9.228756812553e-01
-9.782359288136e-02	7.555170390996e-02	-9.923318420327e-01
7.005483600601e-02	7.592971903086e-02	-9.946491832400e-01
3.701124231652e-01	-7.049239276382e-02	-9.263085969488e-01
4.946916621956e-01	-3.274398833153e-01	-8.050237773933e-01
4.505504992258e-01	-5.677957255015e-01	-6.889210852846e-01
5.722382239571e-01	-3.537885712641e-01	-7.398493508042e-01
7.457815531450e-01	2.855571579018e-02	-6.655782794565e-01
7.571470125445e-01	5.110961071511e-01	-4.068281832050e-01
4.337193185547e-01	8.852258856666e-01	-1.681150917028e-01
4.552188474000e-02	9.914723799951e-01	-1.221076480676e-01
-5.310864138135e-02	9.910817772856e-01	-1.222144956342e-01
-4.188702822159e-01	8.935737385834e-01	-1.614734045918e-01
-7.604358989374e-01	5.030577237757e-01	-4.106947408439e-01
-7.285076583174e-01	-9.922452299758e-03	-6.849657923672e-01
-5.790956273944e-01	-3.273635633499e-01	-7.466467382394e-01
-4.716630049807e-01	-5.196845099312e-01	-7.123636851147e-01
-4.983718858014e-01	-4.041181479228e-01	-7.670162879380e-01
-3.597976980755e-01	-9.826937764301e-02	-9.278409054774e-01
-9.464474385809e-02	4.486434886257e-02	-9.944996544299e-01
6.439402765024e-02	4.611678841480e-02	-9.968583906600e-01
3.481651375419e-01	-9.183557927958e-02	-9.329240394474e-01
4.680235899501e-01	-3.356927615329e-01	-8.174743354409e-01
4.265670234512e-01	-5.635389152808e-01	-7.074351316327e-01
5.542718193351e-01	-3.391366368717e-01	-7.601112364795e-01
7.271468779443e-01	4.313299574651e-02	-6.851255086287e-01
7.374707308267e-01	5.233312718379e-01	-4.269207199123e-01
4.254059256175e-01	8.831994857862e-01	-1.974549739978e-01
4.681925969648e-02	9.871969729274e-01	-1.524798136292e-01
-5.015859931615e-02	9.870245866197e-01	-1.525338661504e-01
-4.064794639879e-01	8.937036181176e-01	-1.899165298744e-01
-7.394957503010e-01	5.203358586901e-01	-4.270791840490e-01
-7.120342122695e-01	1.109003065850e-02	-7.020571855467e-01
-5.640818569593e-01	-3.072089302447e-01	-7.664426474481e-01
-4.514273515836e-01	-5.079506010170e-01	-7.336208374689e-01
-4.715529861384e-01	-4.103034877147e-01	-7.805695543852e-01
-3.357182433924e-01	-1.171211565324e-01	-9.346528209694e-01
-8.822354263090e-02	1.508423093052e-02	-9.959864820884e-01
6.129910470188e-02	1.553693738476e-02	-9.979985086860e-01
3.300768458026e-01	-1.161926151405e-01	-9.367756145694e-01
4.409594514075e-01	-3.446845019040e-01	-8.287022121134e-01
4.013881735919e-01	-5.602499510784e-01	-7.245740310121e-01
5.346731770785e-01	-3.258787221185e-01	-7.796971541459e-01
7.072708805464e-01	5.560040548243e-02	-7.047527910135e-01
7.174842135788e-01	5.337143222178e-01	-4.476219672055e-01
4.172468660426e-01	8.800427147290e-01	-2.267815535488e-01
4.840366821500e-02	9.819781271502e-01	-1.826911128160e-01
-4.739166746180e-02	9.820246262585e-01	-1.827064948955e-01
-3.966748358442e-01	8.914675446158e-01	-2.189399267030e-01
-7.188463586714e-01	5.333864487889e-01	-4.458237419353e-01
-6.930761586368e-01	2.696324402500e-02	-7.203599251769e-01
-5.454773887222e-01	-2.920519538729e-01	-7.855953631685e-01
-4.288407964616e-01	-4.992181882908e-01	-7.529121939309e-01
-4.441147253839e-01	-4.159338981405e-01	-7.935748881327e-01
-3.105141752672e-01	-1.347469879738e-01	-9.409698168327e-01
-7.776389999031e-02	-1.417641635711e-02	-9.968710072409e-01
6.167151831054e-02	-1.579676915604e-02	-9.979714855213e-01
3.150282333719e-01	-1.434049772214e-01	-9.381856024725e-01
4.138521122849e-01	-3.577618181327e-01	-8.370979098312e-01
3.741759185449e-01	-5.598628268895e-01	-7.392874928256e-01
5.127484786800e-01	-3.153878939739e-01	-7.985107851157e-01
6.859090202882e-01	6.528616179635e-02	-7.247527391913e-01
6.974627832788e-01	5.411435691011e-01	-4.697970876469e-01
4.101950935111e-01	8.752224863012e-01	-2.563700152751e-01
4.852526052491e-02	9.759123931972e-01	-2.126976725194e-01
-4.604540044699e-02	9.760344884256e-01	-2.126887361885e-01
-3.899131316523e-01	8.866823011307e-01	-2.485201131231e-01
-6.988258261806e-01	5.410109568698e-01	-4.679205159102e-01
-6.716309411987e-01	3.740510252117e-02	-7.399410362522e-01
-5.231747208309e-01	-2.819489645015e-01	-8.042344141480e-01
-4.026339821353e-01	-4.966951919469e-01	-7.688821513904e-01
-4.169171817641e-01	-4.275878823486e-01	-8.020901859632e-01
-2.924372910324e-01	-1.598402540030e-01	-9.428316520004e-01
-7.667730051007e-02	-4.500803440138e-02	-9.960395917963e-01
5.250422290107e-02	-4.526256089282e-02	-9.975944101482e-01
2.916421208847e-01	-1.633024916938e-01	-9.424845725700e-01
3.859946465293e-01	-3.654166862446e-01	-8.470411904180e-01
3.470340943684e-01	-5.576022343375e-01	-7.540869217854e-01
4.898206424990e-01	-3.055129382379e-01	-8.165400068283e-01
6.633796504234e-01	7.306981920704e-02	-7.447068154148e-01
6.773588559979e-01	5.454427703895e-01	-4.936366724942e-01
4.148352000378e-01	8.627389940287e-01	-2.891248605567e-01
6.990711301518e-02	9.675075194646e-01	-2.429859982166e-01

Hair-22
-7.587072540232e-02	9.971173972536e-01	-7.274071217042e-04
-4.604361072962e-01	8.865237675493e-01	-4.554339324313e-02
-8.304815771285e-01	4.535170549319e-01	-3.234542176817e-01
-7.977504721063e-01	-6.383943614475e-02	-5.995987913988e-01
-6.505459167671e-01	-3.758804128916e-01	-6.599272121849e-01
-5.607738972074e-01	-5.373855246981e-01	-6.298804918838e-01
-6.006073603679e-01	-3.661312224083e-01	-7.107873990510e-01
-4.356217577482e-01	-6.710252245025e-03	-9.001048031708e-01
-1.087678554628e-01	1.659501205021e-01	-9.801173966028e-01
9.043144746015e-02	1.648658127209e-01	-9.821616043738e-01
4.286015109702e-01	-3.736804962663e-03	-9.034859053039e-01
5.727130614361e-01	-3.085017040743e-01	-7.594909136019e-01
5.193986204963e-01	-5.786916532679e-01	-6.287615155722e-01
6.243883158213e-01	-3.929262909993e-01	-6.750912241374e-01
7.982900422388e-01	-1.230903656760e-02	-6.021474039478e-01
8.113960646706e-01	4.733018254796e-01	-3.429603595675e-01
4.617979019632e-01	8.833289654042e-01	-8.045269803028e-02
5.226338599533e-02	9.981628108620e-01	-3.065194115332e-02
-4.734108601204e-02	9.984107611721e-01	-3.057406664192e-02
-4.312049119538e-01	8.995303383779e-01	-7.005350986611e-02
-8.116859913357e-01	4.757705045042e-01	-3.388337033313e-01
-7.852315675271e-01	-3.959091415365e-02	-6.179352270873e-01
-6.396721887712e-01	-3.541180914134e-01	-6.822168777203e-01
-5.437364868637e-01	-5.247227892682e-01	-6.549936085762e-01
-5.753661628084e-01	-3.706425495437e-01	-7.290938754117e-01
-4.131869606639e-01	-2.574497831372e-02	-9.102822263611e-01
-1.041501642903e-01	1.360995225502e-01	-9.852053913981e-01
8.579076474699e-02	1.350781646026e-01	-9.871138911654e-01
4.087285667864e-01	-2.560593411090e-02	-9.122967142498e-01
5.474093078989e-01	-3.163200699185e-01	-7.747803966237e-01
4.976142598760e-01	-5.742540701377e-01	-6.500863875658e-01
6.094042796521e-01	-3.772767497605e-01	-6.973440169901e-01
7.823988436240e-01	4.396209162321e-03	-6.227621719732e-01
7.933941963148e-01	4.887688709959e-01	-3.628093714327e-01
4.506023433673e-01	8.860251973970e-01	-1.091644526827e-01
4.933299479319e-02	9.969070093462e-01	-6.117736788320e-02
-4.957762307607e-02	9.968952205634e-01	-6.117171329978e-02
-4.278714195192e-01	8.982070753447e-01	-1.007476955532e-01
-7.952032137362e-01	4.859354517445e-01	-3.626549125568e-01
-7.672666499616e-01	-2.902516039510e-02	-6.406710762324e-01
-6.203893498068e-01	-3.449802125881e-01	-7.043477177992e-01
-5.205440124037e-01	-5.229049295472e-01	-6.749847152387e-01
-5.502036132798e-01	-3.817377188455e-01	-7.426656703689e-01
-3.944344763488e-01	-4.875182829734e-02	-9.176299379952e-01
-9.911963722783e-02	1.061849196295e-01	-9.893937842735e-01
8.172295751105e-02	1.049853440778e-01	-9.911102036325e-01
3.909036793664e-01	-4.953736361630e-02	-9.190975808171e-01
5.216150964483e-01	-3.248955674628e-01	-7.888983213319e-01
4.739448802765e-01	-5.719580762118e-01	-6.695074379840e-01
5.913847834806e-01	-3.652730362281e-01	-7.189156048329e-01
7.645717048036e-01	1.695206831873e-02	-6.443157111180e-01
7.755719646414e-01	5.003900601017e-01	-3.848349196911e-01
4.411555093299e-01	8.866984456697e-01	-1.383751532423e-01
4.580811942542e-02	9.947343369145e-01	-9.167996050343e-02
-5.294863449764e-02	9.943708445789e-01	-9.177726056235e-02
-4.250524927196e-01	8.955645851276e-01	-1.315083734904e-01
-7.791086582732e-01	4.912840965290e-01	-3.893965011417e-01
-7.469779294616e-01	-2.317589317478e-02	-6.644447688656e-01
-5.977135732533e-01	-3.400988254729e-01	-7.259967446627e-01
-4.944689082821e-01	-5.251930037892e-01	-6.925841519362e-01
-5.247913431869e-01	-3.963237330409e-01	-7.533402582795e-01
-3.782411021980e-01	-7.456160994009e-02	-9.226994282707e-01
-9.699332529377e-02	7.561343065550e-02	-9.924086375848e-01
7.492094354194e-02	7.521444015321e-02	-9.943488523708e-01
3.717400789807e-01	-7.250576867941e-02	-9.255010681721e-01
4.953291989869e-01	-3.338546116492e-01	-8.019913234640e-01
4.482653100451e-01	-5.722181797982e-01	-6.867492748585e-01
5.702280251476e-01	-3.569704712755e-01	-7.398730174656e-01
7.447699907156e-01	2.503167226062e-02	-6.668516149139e-01
7.580347620646e-01	5.078360239979e-01	-4.092503784137e-01
4.348031677226e-01	8.846499648062e-01	-1.683468001088e-01
4.673915465830e-02	9.914117313002e-01	-1.221402082122e-01
-5.134889718249e-02	9.911765424756e-01	-1.221980049114e-01
-4.175787368404e-01	8.942306821756e-01	-1.611815299423e-01
-7.604641830304e-01	5.030037225362e-01	-4.107085115293e-01
-7.286221339088e-01	-9.583201676097e-03	-6.848488506406e-01
-5.791185864499e-01	-3.273028791222e-01	-7.466555351343e-01
-4.714368605309e-01	-5.200969074359e-01	-7.122123934673e-01
-4.985657428365e-01	-4.056102246778e-01	-7.661021770669e-01
-3.575955885647e-01	-9.636921809885e-02	-9.288909348476e-01
-9.230517320183e-02	4.543653173720e-02	-9.946935591346e-01
6.941950635009e-02	4.517607149193e-02	-9.965641247319e-01
3.510210630763e-01	-9.443332810229e-02	-9.315935593489e-01
4.684215700595e-01	-3.399557875595e-01	-8.154822470218e-01
4.249928506526e-01	-5.666859262504e-01	-7.058669406368e-01
5.527737781209e-01	-3.415195789568e-01	-7.601352033758e-01
7.264524156973e-01	4.064984156181e-02	-6.860134678770e-01
7.380209236746e-01	5.212777603570e-01	-4.284794193139e-01
4.257742152064e-01	8.830036495724e-01	-1.975370155366e-01
4.620409965626e-02	9.872275358853e-01	-1.524695824248e-01
-4.956353812201e-02	9.870576469306e-01	-1.525144495599e-01
-4.071724401711e-01	8.933505420957e-01	-1.900931690052e-01
-7.399186037775e-01	5.187609596584e-01	-4.282610494992e-01
-7.113883811290e-01	9.252707435569e-03	-7.027381863823e-01
-5.628885081154e-01	-3.092907345371e-01	-7.664827258074e-01
-4.506106110509e-01	-5.095407754542e-01	-7.330199692763e-01
-4.716175884853e-01	-4.109282555228e-01	-7.802017809800e-01
-3.330682174557e-01	-1.146772683747e-01	-9.359031395604e-01
-8.661878681409e-02	1.541622497257e-02	-9.961222443950e-01
6.466436101377e-02	1.497385730717e-02	-9.977947203769e-01
3.302387789213e-01	-1.165413444626e-01	-9.366752179531e-01
4.411999833628e-01	-3.469425126792e-01	-8.276312388839e-01
4.010094475011e-01	-5.610506761699e-01	-7.241640434212e-01
5.346819702487e-01	-3.259139850064e-01	-7.796763848343e-01
7.072953147953e-01	5.573360170073e-02	-7.047177472649e-01
7.174691881343e-01	5.336991534066e-01	-4.476641349616e-01
4.159123951602e-01	8.807657863947e-01	-2.264255044572e-01
4.596834788493e-02	9.820999984248e-01	-1.826650050959e-01
-4.862240833567e-02	9.819645070921e-01	-1.827062347566e-01
-3.983128635905e-01	8.906494139535e-01	-2.192954265886e-01
-7.196080953189e-01	5.305260154315e-01	-4.480026072489e-01
-6.919982172311e-01	2.381153497300e-02	-7.215063950868e-01
-5.435160884568e-01	-2.953763890305e-01	-7.857118112845e-01
-4.271749896989e-01	-5.026502226547e-01	-7.515745351201e-01
-4.444021211285e-01	-4.188435314246e-01	-7.918818415144e-01
-3.117312729125e-01	-1.361991876266e-01	-9.403581204936e-01
-8.251596628950e-02	-1.492233770365e-02	-9.964780173916e-01
5.936484574498e-02	-1.526115894274e-02	-9.981196882726e-01
3.123898612002e-01	-1.411182676010e-01	-9.394137582389e-01
4.138195559798e-01	-3.566782184363e-01	-8.375762792616e-01
3.751334902052e-01	-5.578624631484e-01	-7.403136745572e-01
5.142838783636e-01	-3.130042788029e-01	-7.984612789024e-01
6.866334460876e-01	6.782860034911e-02	-7.238327097393e-01
6.969489851990e-01	5.429357797481e-01	-4.684899690489e-01
4.062856834665e-01	8.773517454146e-01	-2.553152134677e-01
4.426950282180e-02	9.761202839819e-01	-2.126720534511e-01
-4.949130980538e-02	9.758522896987e-01	-2.127508377035e-01
-3.918940224623e-01	8.856918712508e-01	-2.489357032621e-01
-6.999322016526e-01	5.368599417449e-01	-4.710374889957e-01
-6.702649205759e-01	3.328169930637e-02	-7.413752523093e-01
-5.207174297508e-01	-2.859581836949e-01	-8.044136221694e-01
-4.004036266479e-01	-5.010194575368e-01	-7.672394925554e-01
-4.171843563310e-01	-4.320058002764e-01	-7.995800156084e-01
-2.947080258101e-01	-1.619324798672e-01	-9.417669836468e-01
-7.897417303671e-02	-4.546362146755e-02	-9.958394143215e-01
5.440808440952e-02	-4.542265564433e-02	-9.974851090142e-01
2.931580349890e-01	-1.648732359193e-01	-9.417405070394e-01
3.862340087297e-01	-3.679660465033e-01	-8.458275705611e-01
3.461712073371e-01	-5.594972264280e-01	-7.530792447213e-01
4.888380565127e-01	-3.070195107622e-01	-8.165637602271e-01
6.629240037297e-01	7.148924699613e-02	-7.452657598756e-01
6.778403514808e-01	5.436771877074e-01	-4.949217852054e-01
4.153236432594e-01	8.624552489176e-01	-2.892701418469e-01
7.076246633063e-02	9.673956553171e-01	-2.431837153932e-01

Hair-23
-8.260977862072e-02	9.965812884663e-01	-1.166171156447e-03
-4.668107800675e-01	8.831120346132e-01	-4.691300389176e-02
-8.313955314283e-01	4.494330868174e-01	-3.267894900311e-01
-7.961213028560e-01	-6.858937799939e-02	-6.012373644116e-01
-6.484947720065e-01	-3.794344576189e-01	-6.599121328266e-01
-5.598223379163e-01	-5.396480765518e-01	-6.287916216393e-01
-6.006878984227e-01	-3.659640021902e-01	-7.108054570622e-01
-4.328622155257e-01	-4.182682918769e-03	-9.014503910553e-01
-1.094823954378e-01	1.657941635912e-01	-9.800642327972e-01
8.942969125221e-02	1.652035308708e-01	-9.821965809910e-01
4.242714112538e-01	-5.125609963537e-04	-9.055349285776e-01
5.735582756000e-01	-3.147188401743e-01	-7.562955481359e-01
5.156461501851e-01	-5.859290882281e-01	-6.251369060993e-01
6.190463041256e-01	-4.010424912268e-01	-6.752381754456e-01
7.958206352480e-01	-2.103433710274e-02	-6.051669795817e-01
8.133671094397e-01	4.657229605155e-01	-3.486202365474e-01
4.700502644786e-01	8.787743101108e-01	-8.251339741442e-02
5.848145406900e-02	9.978139275880e-01	-3.077800255714e-02
-4.168597379763e-02	9.986595981027e-01	-3.068039611620e-02
-4.266782785207e-01	9.017438057880e-01	-6.930912899119e-02
-8.106901630686e-01	4.794948435609e-01	-3.359555841213e-01
-7.865374685710e-01	-3.556597204659e-02	-6.165175359764e-01
-6.427163147265e-01	-3.491229926351e-01	-6.819302565496e-01
-5.479764925035e-01	-5.170902858882e-01	-6.575252085690e-01
-5.724948693130e-01	-3.602545680658e-01	-7.365230959027e-01
-3.965838795440e-01	-4.470886554502e-03	-9.179876021272e-01
-1.001372728173e-01	1.341421852344e-01	-9.858896493692e-01
7.381612383714e-02	1.344859256053e-01	-9.881622921746e-01
3.862760702387e-01	-1.851844721382e-04	-9.223831976287e-01
5.450152503099e-01	-3.028188052908e-01	-7.818306390082e-01
5.005778461993e-01	-5.682597829278e-01	-6.530716951463e-01
6.107856091626e-01	-3.750749280513e-01	-6.973232664892e-01
7.829648667664e-01	6.335104970443e-03	-6.220336677821e-01
7.928865929455e-01	4.906539537986e-01	-3.613717592024e-01
4.490535181880e-01	8.868619154140e-01	-1.087514633980e-01
4.654706395910e-02	9.970444612229e-01	-6.112048086810e-02
-5.262600848413e-02	9.967367110377e-01	-6.120810486134e-02
-4.334110181814e-01	8.953967921476e-01	-1.020758244188e-01
-7.962317697833e-01	4.820743436316e-01	-3.655397324505e-01
-7.658158258974e-01	-3.334902068633e-02	-6.421946462128e-01
-6.176210865148e-01	-3.495703857112e-01	-7.045173801447e-01
-5.172682773585e-01	-5.290132075316e-01	-6.727395896598e-01
-5.518311217727e-01	-3.915875630536e-01	-7.363026507523e-01
-3.949323179793e-01	-5.043889329316e-02	-9.173245784666e-01
-1.066523733049e-01	1.050800795616e-01	-9.887281973059e-01
7.455914157025e-02	1.060831536787e-01	-9.915580159093e-01
3.854035661324e-01	-4.531941946588e-02	-9.216345487403e-01
5.246534590175e-01	-3.327497087871e-01	-7.835919724213e-01
4.741679881911e-01	-5.708001882826e-01	-6.703371271467e-01
5.937518547492e-01	-3.618968704512e-01	-7.186719628172e-01
7.657798605108e-01	2.142275786848e-02	-6.427458834418e-01
7.745647490566e-01	5.040314146331e-01	-3.821017960987e-01
4.351359937459e-01	8.898816310790e-01	-1.369939765646e-01
3.882980954527e-02	9.950303202461e-01	-9.168919064812e-02
-6.027957633459e-02	9.939418998703e-01	-9.190142740502e-02
-4.340283420272e-01	8.909473295579e-01	-1.335374639220e-01
-7.812437869985e-01	4.828744671730e-01	-3.955886679730e-01
-7.437718747906e-01	-3.266251824687e-02	-6.676350486398e-01
-5.916443488743e-01	-3.507889000396e-01	-7.258816102190e-01
-4.858539025133e-01	-5.377156856266e-01	-6.890630064397e-01
-5.283274365865e-01	-4.179845358286e-01	-7.390257421484e-01
-3.888139660587e-01	-8.857022510432e-02	-9.170490799421e-01
-1.207372361866e-01	7.090641835060e-02	-9.901488775102e-01
5.323060161099e-02	7.996151676071e-02	-9.953756370785e-01
3.616842933092e-01	-6.453574559517e-02	-9.300643039671e-01
4.966008657048e-01	-3.293262123548e-01	-8.030764758336e-01
4.513486550767e-01	-5.654670623726e-01	-6.903125327938e-01
5.752222430652e-01	-3.491040146408e-01	-7.397606086057e-01
7.471456407103e-01	3.276680154837e-02	-6.638521885810e-01
7.564818382833e-01	5.145733953368e-01	-4.036699755482e-01
4.320834193147e-01	8.860354917325e-01	-1.680625661582e-01
4.198897495390e-02	9.916588342049e-01	-1.218592734497e-01
-5.599423518131e-02	9.909301227759e-01	-1.221562008327e-01
-4.216775067179e-01	8.921072757242e-01	-1.622735003881e-01
-7.617685633220e-01	4.987268016297e-01	-4.134975613840e-01
-7.275366671952e-01	-1.322579718316e-02	-6.859413066549e-01
-5.760551183127e-01	-3.329987900051e-01	-7.465067357505e-01
-4.657377943918e-01	-5.268197985416e-01	-7.110198356865e-01
-5.028564649566e-01	-4.219795591889e-01	-7.543663747000e-01
-3.604495130888e-01	-1.043372016507e-01	-9.269249683042e-01
-1.092764635827e-01	4.317806307504e-02	-9.930731641606e-01
5.162066388012e-02	4.730192202883e-02	-9.975459063286e-01
3.372405045450e-01	-8.153884114166e-02	-9.378807277471e-01
4.673577413016e-01	-3.298449429151e-01	-8.202310987026e-01
4.301626673226e-01	-5.559299075569e-01	-7.112678943448e-01
5.596751617714e-01	-3.308659713113e-01	-7.597969612498e-01
7.295809712410e-01	5.214368342744e-02	-6.819036901804e-01
7.353447844681e-01	5.309606304632e-01	-4.211280765440e-01
4.205040418139e-01	8.857832879212e-01	-1.963779968776e-01
3.898512780323e-02	9.875515735453e-01	-1.523878256238e-01
-5.633031207126e-02	9.866751016792e-01	-1.526405570888e-01
-4.129415859276e-01	8.904214178789e-01	-1.913868992225e-01
-7.405552660983e-01	5.163445757810e-01	-4.300769430178e-01
-7.104189657904e-01	6.388110962873e-03	-7.037500160452e-01
-5.611497878505e-01	-3.121558036541e-01	-7.665961582478e-01
-4.486359818159e-01	-5.130494006345e-01	-7.317828013343e-01
-4.720966135623e-01	-4.135930081108e-01	-7.785021587028e-01
-3.261608669971e-01	-1.075281467600e-01	-9.391787830302e-01
-8.933932740817e-02	1.505888957370e-02	-9.958874004741e-01
6.076565478944e-02	1.565369848040e-02	-9.980293066448e-01
3.235093239490e-01	-1.106234369394e-01	-9.397362249683e-01
4.413644887152e-01	-3.458262562909e-01	-8.280106210436e-01
4.019361944238e-01	-5.591344624963e-01	-7.251316766361e-01
5.361434389882e-01	-3.236700114256e-01	-7.796075528967e-01
7.080000712036e-01	5.839770292986e-02	-7.037937250844e-01
7.168508832446e-01	5.361238626242e-01	-4.457533119522e-01
4.168015811158e-01	8.802614969280e-01	-2.267512712324e-01
4.489009266055e-02	9.821566037981e-01	-1.826288180892e-01
-4.977367258282e-02	9.818975816932e-01	-1.827559043716e-01
-3.998955316054e-01	8.898234925142e-01	-2.197674133531e-01
-7.191315817075e-01	5.323922208673e-01	-4.465515550873e-01
-6.925233385160e-01	2.550961961159e-02	-7.209443008430e-01
-5.445375711331e-01	-2.937551817315e-01	-7.856123260428e-01
-4.283225819023e-01	-5.002408223670e-01	-7.525283286828e-01
-4.441041065328e-01	-4.161931679988e-01	-7.934448874823e-01
-3.054609406306e-01	-1.297833069869e-01	-9.433185607082e-01
-7.990370957209e-02	-1.474754566152e-02	-9.966934870328e-01
6.005478183429e-02	-1.514900288813e-02	-9.980801224803e-01
3.089226778544e-01	-1.404455673163e-01	-9.406603115517e-01
4.163979207012e-01	-3.674779737478e-01	-8.316085079206e-01
3.701595504974e-01	-5.669892773867e-01	-7.358702783127e-01
5.089828185122e-01	-3.215006481861e-01	-7.984821999740e-01
6.840683906053e-01	5.891464595496e-02	-7.270347319535e-01
6.991634324947e-01	5.350342601048e-01	-4.742455431275e-01
4.107190656337e-01	8.749363686173e-01	-2.565076996813e-01
4.886942523649e-02	9.759206624725e-01	-2.125809018615e-01
-4.531676252773e-02	9.761036735435e-01	-2.125276676784e-01
-3.912473675713e-01	8.860131094319e-01	-2.488097009430e-01
-7.004848308064e-01	5.347570411649e-01	-4.726054472123e-01
-6.694455201439e-01	3.087456064144e-02	-7.422192782894e-01
-5.193816267452e-01	-2.883643359944e-01	-8.044182590705e-01
-3.979255475137e-01	-5.045885213717e-01	-7.661890646152e-01
-4.181975057116e-01	-4.362895056183e-01	-7.967197207951e-01
-2.925133718100e-01	-1.611343485217e-01	-9.425877407641e-01
-8.113504204026e-02	-4.573068897454e-02	-9.956534583072e-01
5.024639515187e-02	-4.483710035083e-02	-9.977298904044e-01
2.868794489294e-01	-1.593374551134e-01	-9.446225474654e-01
3.858683340249e-01	-3.621724614753e-01	-8.484908584928e-01
3.481703679419e-01	-5.557298786541e-01	-7.549448303408e-01
4.903897354758e-01	-3.046931601854e-01	-8.165047369588e-01
6.635702072928e-01	7.375912450694e-02	-7.444690534504e-01
6.770112341863e-01	5.460329912786e-01	-4.934610027357e-01
4.172308216748e-01	8.614443331274e-01	-2.895377391069e-01
7.039544004284e-02	9.671759941124e-01	-2.441619921977e-01

Hair-24
-1.722179262557e-02	9.998516817446e-01	1.561130511615e-04
5.001868680683e-03	9.999874803218e-01	1.432108198525e-04
-1.616601064342e-02	9.998693188787e-01	7.255972472949e-05
6.211511255579e-03	9.999807069952e-01	5.258654479750e-05
-1.592270940582e-02	9.998732235697e-01	6.413679477857e-05
5.606166176231e-03	9.999842829179e-01	6.941196204296e-05
-1.706385999230e-02	9.998543999545e-01	-5.978184478439e-05
4.104860089177e-03	9.999915702026e-01	9.822150110117e-05
-1.795141478358e-02	9.998388603412e-01	-7.673970673874e-06
4.132957003662e-03	9.999914565700e-01	7.384781833401e-05
-1.668242020545e-02	9.998608375257e-01	4.938108360165e-05
6.440488733921e-03	9.999792581815e-01	5.754664850799e-05
-1.432757129903e-02	9.998973540162e-01	4.617388846215e-05
8.480417111840e-03	9.999640373419e-01	8.092260353071e-05
-1.328934623911e-02	9.999116911149e-01	5.699341508919e-05

Hair-25
9.998639371625e-01	-1.649561679803e-02	4.228924994198e-05
9.998836151803e-01	-1.525614651051e-02	7.802298161597e-05
9.998970911055e-01	-1.434593742624e-02	3.575156419397e-05
9.999077743647e-01	-1.358040768069e-02	1.236617878206e-04
9.999036290080e-01	-1.388268704670e-02	6.080284683263e-05
9.999035232845e-01	-1.388947882984e-02	1.627913980568e-04
9.998949952512e-01	-1.449132303951e-02	5.298936920750e-06

Hair-26
9.998993489926e-01	1.418760995373e-02	-6.006629385064e-05
9.999180320662e-01	1.280331216624e-02	-6.592817375678e-05
9.999394226761e-01	1.100684022701e-02	2.112906365412e-05
9.999552753111e-01	9.457465964995e-03	-6.095117627208e-05
9.999665041810e-01	8.184773430494e-03	1.443786196709e-07
9.999724126425e-01	7.427397480672e-03	-8.786662140586e-05
9.999777934386e-01	6.664155881218e-03	-4.069560699488e-05

