Hair-0
-2.210058830766e-02	5.368530750533e-01	8.433862340602e-01
-5.261145958582e-02	5.535760126277e-01	8.311351469908e-01
-1.754028601915e-01	4.453689614979e-01	8.779979070424e-01
1.352942363776e-02	4.819260936620e-01	8.761074106203e-01
-2.085987643089e-02	4.825173296825e-01	8.756379914733e-01
-1.029283890551e-01	5.317592135812e-01	8.406175619734e-01
3.137425567052e-04	6.158913910952e-01	7.878310072220e-01
9.555421177788e-02	6.101034200054e-01	7.865387527066e-01

Hair-1
1.123192675255e-01	6.549472988104e-01	-7.472806821560e-01
-6.418479917749e-02	8.439211087190e-01	-5.326138130138e-01
-1.168268454009e-01	6.330433212082e-01	-7.652500517265e-01
1.117096525223e-02	5.415240607157e-01	-8.406110284794e-01
6.325087319961e-02	5.525361823211e-01	-8.310854915504e-01
1.449866831163e-01	6.419150592084e-01	-7.529435028476e-01
7.924719097872e-02	8.551320192632e-01	-5.123173941540e-01
-4.840355849396e-02	6.681409225189e-01	-7.424586205175e-01

Hair-2
-2.111238955713e-02	6.133484038875e-01	7.895302416347e-01
3.582725882487e-03	7.470239508795e-01	6.647874704653e-01
1.128511746445e-01	5.663827564458e-01	8.163793147687e-01
1.331529406432e-01	5.124045758676e-01	8.483583234860e-01
9.015141639545e-03	4.848023236970e-01	8.745772888425e-01
-8.650779708427e-02	5.243798216694e-01	8.470786289770e-01
-2.109318152975e-02	6.266427362284e-01	7.790211542861e-01
1.124792601809e-01	6.967513209657e-01	7.084391383610e-01

Hair-3
6.343659829517e-02	6.891769963380e-01	-7.218108240497e-01
-3.812324937807e-02	8.836836720125e-01	-4.665295121162e-01
-1.804971641274e-01	6.642453334880e-01	-7.253956924888e-01
-1.021882757832e-01	5.550364028686e-01	-8.255253768257e-01
8.602801892139e-03	5.422424086672e-01	-8.401780537734e-01
1.019371824703e-01	6.235801615130e-01	-7.750848940584e-01
8.858181220229e-02	8.642261563807e-01	-4.952437916566e-01
-6.778335046725e-02	7.012903607761e-01	-7.096458604698e-01

Hair-4
-2.433114916258e-02	6.118566158066e-01	7.905943820153e-01
-2.507940437291e-03	7.451975122572e-01	6.668390945051e-01
9.411393486183e-02	5.532633085378e-01	8.276728089593e-01
1.077930369227e-01	5.065910482623e-01	8.554216334718e-01
-1.178561223739e-02	4.854828883260e-01	8.741667257948e-01
-9.991933245634e-02	5.305202423943e-01	8.417626740426e-01
-3.291698135579e-02	6.406548968755e-01	7.671230510472e-01
1.092178135333e-01	6.991816378703e-01	7.065525503966e-01

Hair-5
8.313086314229e-02	6.591705418846e-01	-7.473844099958e-01
-8.339317078285e-02	8.539267494752e-01	-5.136678747960e-01
-1.442232278275e-01	6.443871725757e-01	-7.509759199701e-01
-7.552403707519e-02	5.487219022833e-01	-8.325865683390e-01
1.461432668781e-02	5.430843526575e-01	-8.395509557817e-01
8.563933786099e-02	6.186839706714e-01	-7.809584164633e-01
1.110052282390e-01	8.443594838234e-01	-5.241516015249e-01
-1.184839681821e-01	6.520725678292e-01	-7.488410482662e-01

Hair-6
-2.880363332055e-02	5.994912842494e-01	7.998628325010e-01
-1.704110508396e-02	7.344305657912e-01	6.784698554609e-01
8.947431919302e-02	5.473008000067e-01	8.321395198625e-01
9.904947665929e-02	5.069917774625e-01	8.562409349937e-01
-6.380822130020e-02	4.944566045018e-01	8.668570684715e-01
-6.265772103313e-02	5.169393182970e-01	8.537258056270e-01
-1.718891778204e-02	6.078221693118e-01	7.938871151483e-01
1.083540462426e-01	6.862673751010e-01	7.192332657315e-01

Hair-7
1.198925138883e-01	6.408052365843e-01	-7.582838742052e-01
-1.105111515632e-01	8.313693863747e-01	-5.446211791504e-01
-1.120555422209e-01	6.420224131920e-01	-7.584528834520e-01
-3.951813854839e-02	5.435983841392e-01	-8.384146429345e-01
5.749567651214e-02	5.493199344812e-01	-8.336317273017e-01
9.448572550261e-02	6.231310033248e-01	-7.763892067589e-01
1.241265617350e-01	8.220521786089e-01	-5.557182850296e-01
-1.151172360801e-01	6.241012830884e-01	-7.728166732186e-01

Hair-8
-2.195137035097e-02	5.892929612173e-01	8.076211631697e-01
-2.118849665316e-02	7.256161796957e-01	6.877733691947e-01
3.670013965314e-02	5.098767517240e-01	8.594642504496e-01
9.413480500133e-02	5.062667540875e-01	8.572237818639e-01
-9.991287781485e-02	5.042790216571e-01	8.577412693600e-01
-3.765984463124e-02	5.125544128711e-01	8.578284851582e-01
-3.189303997213e-02	6.353474936797e-01	7.715674930142e-01
1.078610053909e-01	6.816053183730e-01	7.237266013362e-01

Hair-9
1.062557828300e-01	6.611738396012e-01	-7.426700899068e-01
-9.164747164981e-02	8.610222584484e-01	-5.002413531453e-01
-1.305259164831e-01	6.483059490811e-01	-7.501082465300e-01
-5.077596104566e-02	5.495676565245e-01	-8.339047863408e-01
3.947109729571e-02	5.471623155722e-01	-8.360953491654e-01
1.036037342548e-01	6.236189571952e-01	-7.748326674033e-01
8.112911892164e-02	8.586919109341e-01	-5.060299083645e-01
-6.135330230574e-02	6.755230234256e-01	-7.347818840432e-01

Hair-10
-2.831628497638e-02	5.818718573742e-01	8.127873827767e-01
-2.844600697033e-02	7.180183628084e-01	6.954426326861e-01
7.109376731319e-02	5.357217682268e-01	8.413963770406e-01
1.130673608714e-01	5.158718887649e-01	8.491713409482e-01
-3.763790794226e-02	4.874440605587e-01	8.723426366467e-01
-5.658207265656e-02	5.180819085044e-01	8.534574418999e-01
4.560542302939e-03	5.674316463037e-01	8.234078747662e-01
1.079147469545e-01	6.706287739842e-01	7.339015294262e-01

Hair-11
6.424936281950e-02	6.686840122822e-01	-7.407656249419e-01
-5.552358446196e-02	8.677681358304e-01	-4.938578682231e-01
-1.448182500924e-01	6.487193837268e-01	-7.471217006735e-01
-1.048573905123e-01	5.592586594977e-01	-8.223348949374e-01
3.885203459768e-02	5.480989683410e-01	-8.355106464380e-01
7.805822114370e-02	6.137137226502e-01	-7.856604742144e-01
8.893125316507e-02	8.564317272808e-01	-5.085429467776e-01
-7.670767740831e-02	6.736096418431e-01	-7.350959003032e-01

Hair-12
-2.111193686662e-02	6.034859288696e-01	7.970941097374e-01
-1.635163468253e-02	7.363190024340e-01	6.764369524928e-01
6.080194153507e-02	5.329813790038e-01	8.439395556204e-01
1.013739390079e-01	5.118255696908e-01	8.530872819945e-01
-5.715633313892e-02	4.889942814559e-01	8.704124001216e-01
-9.229879486592e-02	5.261345188350e-01	8.453776674106e-01
-5.791122043498e-02	6.441967816980e-01	7.626642754172e-01
1.001926787923e-01	7.016811260999e-01	7.054112448718e-01

Hair-13
5.125040617992e-02	6.468154092658e-01	-7.609226124927e-01
-7.295365795360e-02	8.460036133998e-01	-5.281625222463e-01
-1.206508616280e-01	6.231106367878e-01	-7.727719611310e-01
-9.846173594967e-02	5.552214728770e-01	-8.258537416577e-01
3.038184258021e-02	5.448170997936e-01	-8.380043385412e-01
6.653484809087e-02	6.093828514531e-01	-7.900795240635e-01
8.596134796748e-02	8.400097174057e-01	-5.357185094054e-01
-1.219791768379e-01	6.332193749854e-01	-7.642998780328e-01

Hair-14
-2.655666464348e-02	5.702245580809e-01	8.210594965801e-01
-2.615049144029e-02	7.069621178209e-01	7.067677947980e-01
1.727223450914e-01	6.214805709741e-01	7.641524006426e-01
2.743485226440e-01	5.330179972990e-01	8.003903439438e-01
1.101890760766e-01	4.634829535493e-01	8.792280246231e-01
2.260462463869e-01	4.452243368230e-01	8.664169806709e-01
3.799227615508e-01	4.503697607429e-01	8.079763448666e-01
4.794569124390e-01	5.248360268305e-01	7.033265344456e-01

Hair-15
-3.017701765875e-02	6.663020294037e-01	-7.450711061487e-01
-3.016497984083e-02	8.521721494434e-01	-5.223913300430e-01
-4.979572446572e-02	7.868636038334e-01	-6.151146679988e-01
-2.827766667029e-01	6.654292554867e-01	-6.908265069544e-01

Hair-16
1.256736473210e-01	9.920716115904e-01	2.276960062694e-04
-3.080067099859e-01	9.460030003830e-01	-1.010454841641e-01
-7.657220450722e-01	6.390788198033e-01	-7.244316233590e-02
-8.912103443008e-01	1.183697541435e-01	-4.378729536238e-01

Hair-17
4.560400449949e-02	9.956718074115e-01	8.098102678714e-02
-4.750914195284e-01	8.788297520960e-01	-4.411813596892e-02
-8.283799099642e-01	4.477015432853e-01	-3.366749959645e-01
-7.882770055966e-01	-9.835821293916e-02	-6.074084493938e-01
-6.386058923057e-01	-4.016058556176e-01	-6.564261200212e-01
-5.329317391977e-01	-5.937334748417e-01	-6.028800230627e-01
-6.084418689978e-01	-4.475761506855e-01	-6.553427205577e-01
-4.759262146569e-01	-3.187509473668e-02	-8.789073992964e-01
-1.511837282755e-01	1.517631341418e-01	-9.767862772481e-01
1.016522877149e-01	1.568818075122e-01	-9.823720837208e-01
4.824914075044e-01	-3.407708307867e-02	-8.752375643751e-01
5.782085950358e-01	-3.503378822191e-01	-7.368433951044e-01
5.231667087083e-01	-5.717298758752e-01	-6.319980569046e-01
6.340798810023e-01	-3.779313096854e-01	-6.746188773431e-01
8.031909810765e-01	8.667028505153e-03	-5.956585687575e-01
8.057601833568e-01	4.934723370750e-01	-3.274684404007e-01
4.310371615268e-01	9.000047054414e-01	-6.479579898581e-02
3.891812415882e-02	9.988535897029e-01	-2.787267388538e-02
-3.598875958626e-02	9.988814426681e-01	-3.067038761960e-02
-3.865842232775e-01	9.205131909732e-01	-5.664012321017e-02
-8.031266494817e-01	5.062605457606e-01	-3.141462154771e-01
-7.948286927679e-01	-8.683705046973e-03	-6.067717383164e-01
-6.558173352100e-01	-3.252121268940e-01	-6.812787207591e-01
-5.484908955441e-01	-5.140895925221e-01	-6.594464560264e-01
-5.798919804994e-01	-4.058929256289e-01	-7.063824912021e-01
-4.546105021073e-01	-4.899056058019e-02	-8.893420131467e-01
-1.168343824343e-01	1.323704612620e-01	-9.842904998355e-01
9.628768727084e-02	1.280710701702e-01	-9.870797750261e-01
4.519804505057e-01	-5.156078529751e-02	-8.905364438248e-01
5.516222750266e-01	-3.557858857555e-01	-7.544065675693e-01
4.919891192597e-01	-5.804748804114e-01	-6.488417524646e-01
6.096878782164e-01	-3.781563013326e-01	-6.966193386050e-01
7.829507081591e-01	8.247021422745e-03	-6.220290790878e-01
7.923289514212e-01	4.930009133278e-01	-3.593952311839e-01
4.392732302282e-01	8.924020629725e-01	-1.032355907973e-01
6.273599557672e-02	9.961312341574e-01	-6.153664920189e-02
-1.376924645612e-02	9.981253681083e-01	-5.963352572835e-02
-3.692315267511e-01	9.259231512352e-01	-7.958892925367e-02
-7.835590872961e-01	5.249045550271e-01	-3.324309925797e-01
-7.794344901583e-01	1.289857207915e-02	-6.263509418768e-01
-6.414118221520e-01	-3.067612705296e-01	-7.031986897789e-01
-5.316762211555e-01	-5.010508733949e-01	-6.828385007658e-01
-5.530771609288e-01	-4.050806248120e-01	-7.280215254104e-01
-4.184145169270e-01	-6.472178578050e-02	-9.059472294070e-01
-9.499792906103e-02	1.063469477724e-01	-9.897806424525e-01
1.117599050019e-01	9.838956542750e-02	-9.888524748662e-01
4.457704079221e-01	-8.342646332725e-02	-8.912512376641e-01
5.260257311587e-01	-3.762699952853e-01	-7.627042813614e-01
4.576919615798e-01	-5.913856775767e-01	-6.639134346151e-01
5.824622055346e-01	-3.813956993630e-01	-7.178266501260e-01
7.606500270247e-01	2.784959217734e-03	-6.491562064631e-01
7.783399519595e-01	4.902059323855e-01	-3.922818668226e-01
4.449531309653e-01	8.842618410885e-01	-1.417663840230e-01
7.533435866055e-02	9.927264095613e-01	-9.390958505283e-02
3.637907693391e-03	9.960912645347e-01	-8.825507546465e-02
-3.537269304775e-01	9.299100673658e-01	-1.007200340877e-01
-7.597255543610e-01	5.515636993218e-01	-3.443756199869e-01
-7.648138067892e-01	4.401285206153e-02	-6.427462250360e-01
-6.315791207702e-01	-2.780853320701e-01	-7.237239544845e-01
-5.210007537817e-01	-4.767165278003e-01	-7.080251172670e-01
-5.248067837950e-01	-4.017290068343e-01	-7.504609548475e-01
-3.977880493948e-01	-8.674971873285e-02	-9.133669328690e-01
-1.024521616630e-01	7.394118361083e-02	-9.919860159986e-01
9.985255191130e-02	6.940752770959e-02	-9.925784920972e-01
4.120672369174e-01	-9.895409323801e-02	-9.057641413142e-01
4.964384548051e-01	-3.643379897375e-01	-7.879128694372e-01
4.458617399180e-01	-5.758543796958e-01	-6.852729691608e-01
5.726140532312e-01	-3.537817761231e-01	-7.395617627523e-01
7.454639860514e-01	3.067829262884e-02	-6.658395361209e-01
7.566007466120e-01	5.136103401307e-01	-4.046723720949e-01
4.252486531592e-01	8.900314360704e-01	-1.643399701617e-01
5.449309816828e-02	9.910454267083e-01	-1.218994030038e-01
-1.591206062651e-02	9.927536069520e-01	-1.191095387047e-01
-3.725600090421e-01	9.168377199481e-01	-1.435535960641e-01
-7.478092970097e-01	5.450214619486e-01	-3.791211697086e-01
-7.416140697516e-01	3.694225538300e-02	-6.698088095223e-01
-6.014544727881e-01	-2.860032846269e-01	-7.459588717522e-01
-4.923157124871e-01	-4.867343793571e-01	-7.216057671542e-01
-4.981005764094e-01	-4.115922310295e-01	-7.632087860715e-01
-3.849260082767e-01	-1.125582758713e-01	-9.160581873904e-01
-1.052091227908e-01	4.258163010257e-02	-9.935380441933e-01
9.125446138586e-02	3.948524665342e-02	-9.950444907510e-01
3.859464873224e-01	-1.151741286766e-01	-9.153033535430e-01
4.695861129263e-01	-3.583068010653e-01	-8.069108493862e-01
4.383867319799e-01	-5.459125735641e-01	-7.140003748238e-01
5.691515934332e-01	-3.107675433282e-01	-7.612424040385e-01
7.333897830970e-01	7.409528164133e-02	-6.757583260955e-01
7.307860283613e-01	5.495060687557e-01	-4.049627898370e-01
3.956143925374e-01	8.996246984794e-01	-1.848368315655e-01
3.142241893500e-02	9.879301190230e-01	-1.516796344785e-01
-3.766964929149e-02	9.877756267650e-01	-1.512623835964e-01
-3.805749820737e-01	9.070179037371e-01	-1.802254291714e-01
-7.321951000116e-01	5.458486988726e-01	-4.073567643456e-01
-7.194543061328e-01	3.847765239055e-02	-6.934731225170e-01
-5.780693586157e-01	-2.832541908534e-01	-7.652469405320e-01
-4.617857682489e-01	-4.918137818495e-01	-7.381552060547e-01
-4.726224456318e-01	-4.314910842775e-01	-7.684031936907e-01
-3.717213613031e-01	-1.392337732766e-01	-9.178437698923e-01
-1.079362654079e-01	1.024472482353e-02	-9.941050287686e-01
7.803526420715e-02	1.103910252320e-02	-9.968894802111e-01
3.615277635929e-01	-1.348165777326e-01	-9.225628252428e-01
4.436240899892e-01	-3.669288200983e-01	-8.176557391485e-01
4.094305864681e-01	-5.469840225440e-01	-7.301883825055e-01
5.467424483357e-01	-3.037747051208e-01	-7.802522820964e-01
7.127185318192e-01	8.138069099139e-02	-6.967133395704e-01
7.123494242594e-01	5.551998274545e-01	-4.293150933193e-01
3.799198003128e-01	9.004214794226e-01	-2.119011673509e-01
2.452438832968e-02	9.830387015199e-01	-1.817511091880e-01
-4.571118194627e-02	9.822114422328e-01	-1.821295434357e-01
-3.851530189532e-01	8.974708541973e-01	-2.149493378858e-01
-7.172220495773e-01	5.390544072990e-01	-4.416026240543e-01
-6.945739433763e-01	3.371631551103e-02	-7.186308142928e-01
-5.484654029152e-01	-2.889268418388e-01	-7.846699827763e-01
-4.266275266589e-01	-5.039850010955e-01	-7.509913928719e-01
-4.457837811925e-01	-4.518175484385e-01	-7.727468688702e-01
-3.531069210825e-01	-1.634053364655e-01	-9.212025826594e-01
-1.037392555652e-01	-2.095272124795e-02	-9.943838043367e-01
6.482600857111e-02	-1.781396010760e-02	-9.977375664162e-01
3.385149067199e-01	-1.545265577096e-01	-9.281859732246e-01
4.165188734825e-01	-3.748445739898e-01	-8.282533268169e-01
3.775169764099e-01	-5.522966775510e-01	-7.432693404739e-01
5.209441740744e-01	-3.023024208715e-01	-7.982671318758e-01
6.904282571797e-01	8.413191075394e-02	-7.184919229057e-01
6.934557027881e-01	5.586515906092e-01	-4.550028445851e-01
3.663514619240e-01	8.990656532791e-01	-2.397239192071e-01
8.536801654094e-03	9.775933627818e-01	-2.103291231913e-01
-5.857958937769e-02	9.752213767356e-01	-2.133347090051e-01
-3.759263354576e-01	8.944605657053e-01	-2.421150278432e-01
-6.996003670433e-01	5.386542191270e-01	-4.694794549813e-01
-6.697853106937e-01	3.166516811717e-02	-7.418793397225e-01
-5.213380713412e-01	-2.868148408619e-01	-8.037063284755e-01
-3.950977655789e-01	-5.093797994294e-01	-7.644801995918e-01
-4.176818191708e-01	-4.580827864569e-01	-7.846668456651e-01
-3.132809507461e-01	-1.761944060079e-01	-9.331723191304e-01
-4.930299130539e-02	-4.897807007391e-02	-9.975822591146e-01
1.170492360617e-01	-6.150477164040e-02	-9.912197735128e-01
3.649548376881e-01	-1.956290315153e-01	-9.102402147106e-01
4.006429728840e-01	-4.527366781373e-01	-7.965643153869e-01
3.215347087920e-01	-6.018701034092e-01	-7.310046577583e-01
4.866552462600e-01	-3.176504673693e-01	-8.137965666355e-01
6.620083157541e-01	6.379286500510e-02	-7.467767137818e-01
6.739726794227e-01	5.655926684273e-01	-4.752533648625e-01
3.971580655749e-01	8.854189373368e-01	-2.414513954280e-01
-6.548869175760e-02	9.936676757518e-01	-9.130050064429e-02

Hair-18
8.643507812514e-02	9.839778666843e-01	1.559376001640e-01
-5.770462889837e-01	8.138980651927e-01	-6.773123242477e-02
-8.260650890249e-01	4.097059111405e-01	-3.869851871465e-01
-7.938522474146e-01	-1.212464234516e-01	-5.959009263921e-01
-6.267131404276e-01	-4.365722504866e-01	-6.454729349248e-01
-5.229787020496e-01	-6.230375902625e-01	-5.816506153374e-01
-6.217185299949e-01	-4.812493568826e-01	-6.179523654466e-01
-5.194523198578e-01	-4.225685560000e-02	-8.534539504561e-01
-1.518906445865e-01	1.532026708234e-01	-9.764518286837e-01
7.960201891828e-02	1.586013585718e-01	-9.841286133648e-01
4.766643472972e-01	-4.065338223528e-02	-8.781448642044e-01
5.804365992921e-01	-3.861146669784e-01	-7.169440829984e-01
5.115090876713e-01	-5.948196047336e-01	-6.201194167692e-01
6.223809325221e-01	-3.949856419265e-01	-6.757427894582e-01
7.969616206331e-01	-1.964310179103e-02	-6.037104635418e-01
8.114595322003e-01	4.740663823689e-01	-3.417520924719e-01
4.362044136865e-01	8.972840450037e-01	-6.787526841329e-02
1.068426531538e-02	9.997442611202e-01	-1.993135298554e-02
-5.905042010048e-03	9.996104000455e-01	-2.727963708976e-02
-4.225375526472e-01	9.034237944238e-01	-7.271495218939e-02
-8.202086780079e-01	4.542500175951e-01	-3.477278332768e-01
-7.784991752367e-01	-7.436933860962e-02	-6.232240653493e-01
-6.202973761582e-01	-3.869272439129e-01	-6.822891418227e-01
-5.104276597491e-01	-5.754153478222e-01	-6.390311272964e-01
-5.887680474825e-01	-4.693041389282e-01	-6.581077506370e-01
-4.707014148039e-01	-5.441509458285e-02	-8.806129544716e-01
-1.215480047029e-01	1.302819634178e-01	-9.839983193892e-01
1.333710866941e-01	1.259752461450e-01	-9.830271565897e-01
4.945302548679e-01	-7.192549977024e-02	-8.661792825409e-01
5.605019588271e-01	-4.372723500665e-01	-7.032996843582e-01
4.520629618524e-01	-6.321409358956e-01	-6.293146396568e-01
5.729398639078e-01	-4.399916910630e-01	-6.914819044204e-01
7.684538100936e-01	-6.012110707335e-02	-6.370747163692e-01
8.086712731010e-01	4.411562946785e-01	-3.891425133891e-01
4.644843083635e-01	8.775595962431e-01	-1.189263735494e-01
3.854218125010e-02	9.974524639955e-01	-6.002568061958e-02
-1.318224825946e-02	9.982459789010e-01	-5.771649624438e-02
-4.178369184768e-01	9.027215172910e-01	-1.024996184268e-01
-8.051396371131e-01	4.599603280626e-01	-3.744150923213e-01
-7.581336052303e-01	-7.281860904696e-02	-6.480207456532e-01
-5.951198334557e-01	-3.918936209526e-01	-7.016065661640e-01
-4.843245437975e-01	-5.808274572410e-01	-6.542699757671e-01
-5.640986666973e-01	-4.849366585437e-01	-6.683031732910e-01
-4.572980788859e-01	-8.131018745580e-02	-8.855885729069e-01
-1.157601511497e-01	1.017650476860e-01	-9.880503339786e-01
1.259538869770e-01	9.468306199397e-02	-9.875073347205e-01
4.782881836813e-01	-9.658927558307e-02	-8.728750914038e-01
5.332287498396e-01	-4.587526351216e-01	-7.107834551489e-01
4.137623302428e-01	-6.486938538435e-01	-6.387464426967e-01
5.439512185219e-01	-4.506565945376e-01	-7.078316930374e-01
7.453967758742e-01	-6.959014936745e-02	-6.629787761516e-01
7.953242280219e-01	4.335459806022e-01	-4.236711637874e-01
4.688251638867e-01	8.694526699534e-01	-1.557402337791e-01
4.537537910650e-02	9.945069129913e-01	-9.432430749037e-02
-1.051004516357e-02	9.962275418283e-01	-8.614072122588e-02
-4.034731716849e-01	9.064180403651e-01	-1.249629378306e-01
-7.835005679599e-01	4.802977349395e-01	-3.942599977406e-01
-7.410836944008e-01	-4.953025762285e-02	-6.695832371506e-01
-5.829773585396e-01	-3.683221449088e-01	-7.242072886957e-01
-4.678169825598e-01	-5.696887276470e-01	-6.757233342283e-01
-5.344133593630e-01	-4.881326777004e-01	-6.900209056945e-01
-4.388725248989e-01	-1.080648771129e-01	-8.920274038523e-01
-1.003730528705e-01	7.417534380628e-02	-9.921810664534e-01
1.089030456917e-01	6.655870817212e-02	-9.918215893020e-01
4.515255624039e-01	-1.185838127230e-01	-8.843430023785e-01
5.051315452971e-01	-4.637077978246e-01	-7.278854306705e-01
3.944082077428e-01	-6.462161669061e-01	-6.533351600016e-01
5.274071444545e-01	-4.351243290258e-01	-7.297318153049e-01
7.285486762647e-01	-4.922514079032e-02	-6.832230322722e-01
7.731607105849e-01	4.558803413934e-01	-4.409031979232e-01
4.511199844091e-01	8.741506899110e-01	-1.798647575122e-01
3.000487454557e-02	9.925579154988e-01	-1.180190318730e-01
-3.402433449277e-02	9.920167811474e-01	-1.214291998828e-01
-4.194915944116e-01	8.920862381125e-01	-1.679551904178e-01
-7.731204230434e-01	4.643297861225e-01	-4.320678895645e-01
-7.130681250428e-01	-6.764995464642e-02	-6.978232818445e-01
-5.472933014363e-01	-3.866409619033e-01	-7.422794681125e-01
-4.311191371554e-01	-5.877893332253e-01	-6.845728517295e-01
-5.060402918449e-01	-5.083440710951e-01	-6.967851379098e-01
-4.217289231163e-01	-1.357936105480e-01	-8.964958509338e-01
-9.372405058497e-02	4.352375201707e-02	-9.946464122251e-01
9.911509047292e-02	3.768891990980e-02	-9.943619784347e-01
4.345120372879e-01	-1.372293312091e-01	-8.901502121034e-01
4.838379190106e-01	-4.630815395906e-01	-7.426010744794e-01
3.749863186717e-01	-6.372656252960e-01	-6.732590761550e-01
5.141837014608e-01	-4.192547470168e-01	-7.482249516395e-01
7.145064691988e-01	-3.105661345468e-02	-6.989391906553e-01
7.535890694340e-01	4.700983918757e-01	-4.594681886546e-01
4.325937749518e-01	8.774085647348e-01	-2.074050057329e-01
1.817872777752e-02	9.888626380485e-01	-1.477166778944e-01
-4.207711501283e-02	9.873065331056e-01	-1.531513175889e-01
-4.138399501640e-01	8.882636718757e-01	-1.993091690672e-01
-7.544457399375e-01	4.723384963371e-01	-4.557498989227e-01
-6.939466268681e-01	-5.843376277729e-02	-7.176514296133e-01
-5.284329216595e-01	-3.746366573019e-01	-7.618438306582e-01
-4.064416184807e-01	-5.828182545434e-01	-7.036533897721e-01
-4.805600042755e-01	-5.193266135022e-01	-7.066554682439e-01
-4.056783435236e-01	-1.588803844337e-01	-9.001011637800e-01
-9.130371986395e-02	1.269272854259e-02	-9.957421982527e-01
8.731601237000e-02	8.482565573140e-03	-9.961445477766e-01
4.084807767842e-01	-1.558874716724e-01	-8.993567429965e-01
4.582126489558e-01	-4.649588286209e-01	-7.575318184898e-01
3.556183451765e-01	-6.256006782824e-01	-6.943769753574e-01
5.022156712674e-01	-3.933431459369e-01	-7.701042715619e-01
6.971268854012e-01	-3.470603935275e-03	-7.169393702114e-01
7.284058745533e-01	4.986857065656e-01	-4.698270404983e-01
4.098446596222e-01	8.832661945713e-01	-2.277458770355e-01
8.312601520410e-04	9.850142861115e-01	-1.724707661109e-01
-5.143204497881e-02	9.809183512967e-01	-1.874938208012e-01
-4.301379830075e-01	8.687845243746e-01	-2.453462161549e-01
-7.447565289301e-01	4.493966381777e-01	-4.933359648460e-01
-6.645827105189e-01	-8.440549750676e-02	-7.424321739189e-01
-4.875910705345e-01	-3.992842756456e-01	-7.764193552180e-01
-3.622227421250e-01	-6.054946255965e-01	-7.086402073416e-01
-4.539468097196e-01	-5.531079561385e-01	-6.985727469646e-01
-4.042034558955e-01	-1.931585092388e-01	-8.940410262123e-01
-1.104042217325e-01	-1.988030807441e-02	-9.936879194065e-01
8.249174502053e-02	-2.106091947064e-02	-9.963691834228e-01
3.844345661140e-01	-1.735914789334e-01	-9.066841031023e-01
4.303005637476e-01	-4.796563011563e-01	-7.647033788336e-01
3.151714573950e-01	-6.367232110207e-01	-7.037403676009e-01
4.710950635144e-01	-4.044245097353e-01	-7.839070461845e-01
6.719305491263e-01	-2.001463438958e-02	-7.403436712508e-01
7.157916931884e-01	4.826098516549e-01	-5.047078194838e-01
4.132221256395e-01	8.704679710361e-01	-2.674565128807e-01
2.829104424467e-04	9.783016099345e-01	-2.071856171680e-01
-4.042180902253e-02	9.768262025284e-01	-2.101824146050e-01
-3.811275266193e-01	8.919875983744e-01	-2.431047774094e-01
-7.061404852538e-01	5.165024201741e-01	-4.843458114197e-01
-6.603258247461e-01	-3.209333459729e-03	-7.509723732283e-01
-5.072012409430e-01	-3.085009826917e-01	-8.047198548962e-01
-3.790087337210e-01	-5.407518659463e-01	-7.509592527153e-01
-4.199980852238e-01	-5.195216056382e-01	-7.441094742600e-01
-3.707941906367e-01	-2.151496690574e-01	-9.034502134012e-01
-1.149703014892e-01	-5.250170755741e-02	-9.919805444055e-01
4.120837593913e-02	-4.746092793467e-02	-9.980227101985e-01
3.222584198916e-01	-1.733483061473e-01	-9.306448708099e-01
4.074019511943e-01	-4.301600307222e-01	-8.055966721208e-01
3.323968732881e-01	-5.931280854675e-01	-7.332880694911e-01
4.873963742938e-01	-3.206510832162e-01	-8.121746469557e-01
6.644260791603e-01	6.380633925305e-02	-7.446252321825e-01
6.768594432143e-01	5.410603810634e-01	-4.991141734865e-01
3.841575529074e-01	8.804521244733e-01	-2.778975189790e-01
-4.268958227027e-02	9.941031527104e-01	9.968210138692e-02

Hair-19
1.349832463058e-02	9.965343811394e-01	8.207936670917e-02
-4.970866046532e-01	8.672593988085e-01	-2.767747554687e-02
-8.246517262979e-01	4.370672183109e-01	-3.590567879763e-01
-7.851861297570e-01	-1.190858394770e-01	-6.077016574548e-01
-6.214396329806e-01	-4.286470712675e-01	-6.558006334663e-01
-5.268908777456e-01	-6.070541671881e-01	-5.948707767642e-01
-6.061542100528e-01	-4.483777087071e-01	-6.569128587339e-01
-4.691478296773e-01	-2.713171816812e-02	-8.827027720463e-01
-1.395445268726e-01	1.500388918798e-01	-9.787827419522e-01
1.113512458297e-01	1.556496800370e-01	-9.815162133947e-01
4.901808174329e-01	-3.388144211361e-02	-8.709620049699e-01
5.796644141785e-01	-3.504915890201e-01	-7.356254569829e-01
5.258253465160e-01	-5.653786865487e-01	-6.354955906675e-01
6.385930063458e-01	-3.690150924931e-01	-6.752975890365e-01
8.064135609616e-01	2.008694074929e-02	-5.910107304513e-01
8.032206142721e-01	5.033459392359e-01	-3.185584879784e-01
4.259799583458e-01	9.024020925983e-01	-6.489636632294e-02
3.680050773161e-02	9.989191200507e-01	-2.839567269516e-02
-3.707573983015e-02	9.988552506995e-01	-3.022544732547e-02
-3.876901112187e-01	9.201275133537e-01	-5.533296334712e-02
-8.051575097204e-01	4.992929213552e-01	-3.200436895573e-01
-7.930369570560e-01	-1.763420028681e-02	-6.089182373057e-01
-6.490521838565e-01	-3.378269652976e-01	-6.816188114693e-01
-5.432382629937e-01	-5.241001366979e-01	-6.559048988480e-01
-5.811756945776e-01	-4.101091647260e-01	-7.028835501276e-01
-4.668789782347e-01	-5.247710412585e-02	-8.827628068882e-01
-1.268201863935e-01	1.231039300039e-01	-9.842571121108e-01
8.317806705018e-02	1.273701818277e-01	-9.883613944014e-01
4.400213905941e-01	-4.103161096867e-02	-8.970493758545e-01
5.518932950241e-01	-3.479005858047e-01	-7.578779409009e-01
4.950268512184e-01	-5.751261024955e-01	-6.512897840448e-01
6.126322866427e-01	-3.730214097889e-01	-6.968046420641e-01
7.851092492057e-01	1.383420465811e-02	-6.192027790580e-01
7.908456052919e-01	4.983075490009e-01	-3.553207216012e-01
4.353053200623e-01	8.944762653060e-01	-1.020856950296e-01
5.343063699796e-02	9.967136046957e-01	-6.088642906598e-02
-1.792379340788e-02	9.981201687568e-01	-5.860773285793e-02
-3.719811411026e-01	9.247740896253e-01	-8.014308342981e-02
-7.877640339343e-01	5.131364360249e-01	-3.407621235748e-01
-7.759956242717e-01	-3.728111845323e-04	-6.307381803276e-01
-6.331768308973e-01	-3.229050919026e-01	-7.034340071665e-01
-5.243821650121e-01	-5.146350600879e-01	-6.783613343533e-01
-5.538835755097e-01	-4.092646699121e-01	-7.250623523134e-01
-4.334841243323e-01	-6.815005331952e-02	-8.985805941508e-01
-1.102780483074e-01	9.810415998004e-02	-9.890471808039e-01
9.169492612903e-02	9.666800202575e-02	-9.910839207184e-01
4.275465585920e-01	-6.858424701776e-02	-9.013878972436e-01
5.246141362032e-01	-3.555820209726e-01	-7.735253289045e-01
4.709392467369e-01	-5.744929413387e-01	-6.694580541266e-01
5.937345600056e-01	-3.628427125713e-01	-7.182091883211e-01
7.666205520096e-01	2.469016688460e-02	-6.416255332324e-01
7.733651116804e-01	5.085333186666e-01	-3.785502183880e-01
4.290259292625e-01	8.934857093565e-01	-1.327404956905e-01
5.743881882046e-02	9.940848820723e-01	-9.217390806440e-02
-1.567838007626e-02	9.959749115031e-01	-8.825057537823e-02
-3.679158523420e-01	9.237167352053e-01	-1.067020088710e-01
-7.730614942199e-01	5.146827219368e-01	-3.707797484953e-01
-7.543109717589e-01	4.804743870260e-03	-6.564997123537e-01
-6.088128425037e-01	-3.200969073919e-01	-7.258683714564e-01
-4.975234004358e-01	-5.176026987807e-01	-6.961019409783e-01
-5.255302883337e-01	-4.182764434056e-01	-7.408527066401e-01
-4.077079981477e-01	-9.027609861950e-02	-9.086387699545e-01
-1.030318721502e-01	7.251006183674e-02	-9.920316145434e-01
8.767575344605e-02	6.789307927940e-02	-9.938327284023e-01
4.091962532208e-01	-9.419267794017e-02	-9.075715761153e-01
4.954427709704e-01	-3.676734815804e-01	-7.869896261297e-01
4.371780194313e-01	-5.855295074310e-01	-6.826643210639e-01
5.646462023635e-01	-3.680025820119e-01	-7.387481071306e-01
7.426795199524e-01	1.689282423317e-02	-6.694339124460e-01
7.590563707878e-01	5.019276881015e-01	-4.146106871314e-01
4.278744120162e-01	8.888606766990e-01	-1.638602604662e-01
5.466668620159e-02	9.910293592300e-01	-1.219522962636e-01
-1.390968399650e-02	9.928224448686e-01	-1.187859994116e-01
-3.730540808451e-01	9.165630207329e-01	-1.440238931215e-01
-7.602307872257e-01	5.047230474931e-01	-4.090278663899e-01
-7.288978092779e-01	-1.162480538085e-02	-6.845238107836e-01
-5.763326784840e-01	-3.344412756454e-01	-7.456471530530e-01
-4.647582001101e-01	-5.298292876258e-01	-7.094228227259e-01
-4.987998242958e-01	-4.223296066671e-01	-7.568595897621e-01
-3.694817461227e-01	-1.045023430202e-01	-9.233431104337e-01
-7.220047373199e-02	4.824841920858e-02	-9.962224558987e-01
1.084042506456e-01	3.128191389446e-02	-9.936145934441e-01
4.092348842685e-01	-1.233053574341e-01	-9.040589573284e-01
4.706072618609e-01	-3.832514426258e-01	-7.947623146634e-01
4.053127189494e-01	-5.912977421895e-01	-6.972005306505e-01
5.424431734720e-01	-3.654339204720e-01	-7.564479184465e-01
7.240662867126e-01	2.201112979619e-02	-6.893790848375e-01
7.407965976282e-01	5.062877007676e-01	-4.414670599194e-01
4.083029056787e-01	8.923459538427e-01	-1.923731682819e-01
4.289520374261e-02	9.873971111860e-01	-1.523382628148e-01
-2.482400229940e-02	9.884050710269e-01	-1.497971444258e-01
-3.750922987652e-01	9.097119968741e-01	-1.781287459969e-01
-7.390940793422e-01	5.209774814742e-01	-4.269922782418e-01
-7.123482892843e-01	8.476092281235e-03	-7.017749429933e-01
-5.615151853733e-01	-3.150091785660e-01	-7.651600577751e-01
-4.433541125538e-01	-5.203201064577e-01	-7.298658217080e-01
-4.733599363976e-01	-4.399467769345e-01	-7.631364256007e-01
-3.597468831988e-01	-1.308185102618e-01	-9.238336957492e-01
-8.210956622761e-02	1.315303208662e-02	-9.965365105609e-01
8.621866307760e-02	4.674225640437e-03	-9.962652727822e-01
3.754047521347e-01	-1.377968058564e-01	-9.165605884886e-01
4.451751325676e-01	-3.792502764527e-01	-8.111647977778e-01
3.936556917237e-01	-5.694785599975e-01	-7.216158022638e-01
5.343293597554e-01	-3.312424528579e-01	-7.776699638845e-01
7.093656137492e-01	5.837692023635e-02	-7.024190780538e-01
7.167055476442e-01	5.339300474521e-01	-4.486110368726e-01
3.818573414829e-01	8.996213988989e-01	-2.118166881972e-01
2.090510407864e-02	9.835129334272e-01	-1.796254057890e-01
-3.620636915120e-02	9.827159348076e-01	-1.815447336279e-01
-3.756979890910e-01	9.021737409928e-01	-2.119753807780e-01
-7.195656323164e-01	5.274624505900e-01	-4.516731827402e-01
-6.919112740503e-01	1.755763388077e-02	-7.217690200713e-01
-5.401790751320e-01	-3.055434966949e-01	-7.841235479292e-01
-4.170935023469e-01	-5.180930597990e-01	-7.467346193181e-01
-4.463381942379e-01	-4.519396991467e-01	-7.723553098799e-01
-3.401368932187e-01	-1.522679416214e-01	-9.279662536030e-01
-7.867829888686e-02	-1.854392476260e-02	-9.967275696692e-01
8.211393366808e-02	-2.550475432936e-02	-9.962965469197e-01
3.576251039373e-01	-1.613975755060e-01	-9.198125394093e-01
4.182589490027e-01	-3.942682342538e-01	-8.182982408862e-01
3.625063880176e-01	-5.744319541560e-01	-7.339053404159e-01
5.095552021152e-01	-3.289126338696e-01	-7.950911741922e-01
6.874912060992e-01	5.971338102288e-02	-7.237334824803e-01
6.968407597169e-01	5.341893526378e-01	-4.785965849498e-01
3.783783678441e-01	8.929088509487e-01	-2.440155623010e-01
2.175360545244e-02	9.775294444365e-01	-2.096734745015e-01
-3.757467836179e-02	9.766259750974e-01	-2.116361224156e-01
-3.633910471064e-01	9.006017048861e-01	-2.384607222146e-01
-6.979937009535e-01	5.431157642782e-01	-4.667226799951e-01
-6.725434115066e-01	3.577101333501e-02	-7.391926638192e-01
-5.216335212277e-01	-2.866582509925e-01	-8.035704802129e-01
-3.947251699156e-01	-5.087341054025e-01	-7.651023789242e-01
-4.185026294592e-01	-4.583162743374e-01	-7.840929420759e-01
-3.251249251850e-01	-1.789119422571e-01	-9.285926447809e-01
-7.180205886723e-02	-4.848254242311e-02	-9.962398844769e-01
1.100340941241e-01	-6.942648767214e-02	-9.915001063741e-01
3.481900174750e-01	-1.882841386502e-01	-9.183206383739e-01
3.988321454726e-01	-4.580837927055e-01	-7.944130906514e-01
3.159572829792e-01	-6.172314729675e-01	-7.205527767699e-01
4.677545862201e-01	-3.505980783420e-01	-8.113486516492e-01
6.582470504726e-01	3.373807135391e-02	-7.520455857762e-01
6.722710025407e-01	5.410424693499e-01	-5.052966905716e-01
4.439729004322e-01	8.583541089171e-01	-2.571308759892e-01
-5.702714520779e-02	9.979494822847e-01	-2.906433410939e-02

Hair-20
-2.561017595712e-02	9.993734712609e-01	2.442915936555e-02
-5.537439377639e-01	8.286986037160e-01	-8.140193848325e-02
-8.238564827894e-01	4.429939499306e-01	-3.535772279019e-01
-7.836041231563e-01	-1.266488717418e-01	-6.082143055363e-01
-6.173057199231e-01	-4.246745455181e-01	-6.622576375847e-01
-5.200488967806e-01	-6.094147794629e-01	-5.984670179128e-01
-6.069347685144e-01	-4.558641643900e-01	-6.510130954085e-01
-4.997914909956e-01	-4.201973026592e-02	-8.651258912995e-01
-1.289029624258e-01	1.575916964187e-01	-9.790550972738e-01
9.642704851499e-02	1.601365170580e-01	-9.823737171867e-01
4.743550472345e-01	-3.030618253702e-02	-8.798118119593e-01
5.772902683924e-01	-3.458997855932e-01	-7.396548413591e-01
5.386625914929e-01	-5.518586803799e-01	-6.366275280064e-01
6.468083556067e-01	-3.516096204196e-01	-6.767640844088e-01
8.097999388975e-01	3.094029930448e-02	-5.858897138887e-01
8.001277721401e-01	5.152146948148e-01	-3.071634198551e-01
4.323168742641e-01	8.990882032227e-01	-6.886597891768e-02
5.043821076668e-02	9.982771488177e-01	-2.997867647348e-02
-2.596693379103e-02	9.992134971984e-01	-2.996840613056e-02
-3.834292578235e-01	9.220212424032e-01	-5.346805403424e-02
-7.966307865579e-01	5.243192242901e-01	-3.007802203403e-01
-8.004554592952e-01	8.657189712255e-03	-5.993297178939e-01
-6.654739655495e-01	-3.043431068092e-01	-6.815568021182e-01
-5.576547919523e-01	-4.941497580121e-01	-6.669611305536e-01
-5.795328921294e-01	-3.978732661084e-01	-7.112232357399e-01
-4.566332979350e-01	-4.584125861783e-02	-8.884731904933e-01
-1.374416024588e-01	1.231979576948e-01	-9.828184314172e-01
1.124412425043e-01	1.296059721619e-01	-9.851696599896e-01
4.438760890907e-01	-4.869796379546e-02	-8.947639497966e-01
5.506829381623e-01	-3.376677960631e-01	-7.633667278044e-01
5.108977407671e-01	-5.555791631728e-01	-6.559842162181e-01
6.245268208413e-01	-3.486916165805e-01	-6.988421900374e-01
7.912111075260e-01	3.689450845601e-02	-6.104291757225e-01
7.855139726019e-01	5.200713715638e-01	-3.354006072250e-01
4.312136325164e-01	8.964761775510e-01	-1.019081263470e-01
5.895836986959e-02	9.963821484451e-01	-6.120886277587e-02
-1.793441840089e-02	9.980717936999e-01	-5.942264936305e-02
-3.735793005547e-01	9.239569411151e-01	-8.211015261379e-02
-7.811931532696e-01	5.347301348462e-01	-3.221815329471e-01
-7.825980985784e-01	2.409713048944e-02	-6.220607240485e-01
-6.477213292933e-01	-2.914433206508e-01	-7.039303022506e-01
-5.377264104210e-01	-4.872052315693e-01	-6.880998255102e-01
-5.533396236583e-01	-3.964426723638e-01	-7.325629450216e-01
-4.235346967696e-01	-6.297400903191e-02	-9.036883504941e-01
-1.203042533364e-01	9.731345718830e-02	-9.879559593824e-01
1.159206158058e-01	9.563543329410e-02	-9.886436540685e-01
4.335721662339e-01	-7.372958039014e-02	-8.980975034164e-01
5.247797024635e-01	-3.499750007957e-01	-7.759663412161e-01
4.822198544643e-01	-5.602005752631e-01	-6.735275253732e-01
6.017161818055e-01	-3.438902476209e-01	-7.208863531408e-01
7.709391655268e-01	4.115293295856e-02	-6.355778781281e-01
7.699558447759e-01	5.246639959635e-01	-3.631744600534e-01
4.323924357806e-01	8.914078840587e-01	-1.357525900958e-01
7.243391522409e-02	9.930325235744e-01	-9.295017508731e-02
-1.376175255210e-03	9.961805323581e-01	-8.730666121456e-02
-3.593279738079e-01	9.272228120470e-01	-1.055521864233e-01
-7.658202168906e-01	5.401543201858e-01	-3.489308037222e-01
-7.615984698687e-01	3.275664341014e-02	-6.472208069942e-01
-6.261698594396e-01	-2.884711405952e-01	-7.243588255645e-01
-5.154161198601e-01	-4.864694687867e-01	-7.054740812580e-01
-5.261956425292e-01	-3.975945169055e-01	-7.516892615369e-01
-3.907245669676e-01	-8.153228165899e-02	-9.168897424530e-01
-9.604225690388e-02	7.582670424715e-02	-9.924848592356e-01
1.186033832322e-01	6.307856895759e-02	-9.909360885668e-01
4.245959096999e-01	-1.034118951731e-01	-8.994577774431e-01
4.955241413979e-01	-3.622068118584e-01	-7.894694742263e-01
4.454365232857e-01	-5.771115659163e-01	-6.844914493321e-01
5.707848968585e-01	-3.548874926538e-01	-7.404454531403e-01
7.455608225991e-01	3.110111959100e-02	-6.657114841773e-01
7.576007683327e-01	5.135648506503e-01	-4.028550856054e-01
4.271680764025e-01	8.889549903873e-01	-1.651861361256e-01
6.812041700264e-02	9.900164289783e-01	-1.233980516071e-01
-8.571227185100e-04	9.931383309788e-01	-1.169423827420e-01
-3.620128120335e-01	9.215658301257e-01	-1.402253353297e-01
-7.514893573468e-01	5.378117216532e-01	-3.821286404431e-01
-7.397539016174e-01	2.906869315225e-02	-6.722493407361e-01
-5.956465990951e-01	-2.926511157885e-01	-7.480377352876e-01
-4.895825895827e-01	-4.946324555713e-01	-7.180860824950e-01
-4.993565177010e-01	-4.039521799907e-01	-7.664631136006e-01
-3.746986220662e-01	-1.085848352116e-01	-9.207661354458e-01
-8.660258801683e-02	4.708840019616e-02	-9.951294761566e-01
1.039696903255e-01	3.357271594560e-02	-9.940136700457e-01
4.036867196518e-01	-1.200396678055e-01	-9.069881534672e-01
4.708010578879e-01	-3.683148038291e-01	-8.016798420642e-01
4.246611585965e-01	-5.614254616135e-01	-7.102565391685e-01
5.565870065914e-01	-3.317356688749e-01	-7.616838911843e-01
7.306854747263e-01	5.527601347826e-02	-6.804728498316e-01
7.352763981635e-01	5.330228671412e-01	-4.186349739430e-01
3.969047628232e-01	8.988935579092e-01	-1.856259162876e-01
3.687307499318e-02	9.877773828937e-01	-1.514470804747e-01
-3.075264577304e-02	9.880295186944e-01	-1.511685978188e-01
-3.738278498118e-01	9.101832785012e-01	-1.783791978956e-01
-7.346560914061e-01	5.396827794492e-01	-4.111239775613e-01
-7.187206471386e-01	3.051361002344e-02	-6.946290743843e-01
-5.715686036415e-01	-2.907443174787e-01	-7.673181042991e-01
-4.567183394832e-01	-4.991968903966e-01	-7.363496608257e-01
-4.732049156339e-01	-4.293833735073e-01	-7.692249517374e-01
-3.683815586477e-01	-1.368844374095e-01	-9.195421023767e-01
-1.053684211336e-01	1.128905120690e-02	-9.943691734716e-01
8.543334036286e-02	9.139410058693e-03	-9.963019700564e-01
3.635052157644e-01	-1.344742274374e-01	-9.218354735348e-01
4.437986997527e-01	-3.681679369856e-01	-8.170037235371e-01
4.050663135462e-01	-5.490920794550e-01	-7.310397868173e-01
5.418765542844e-01	-3.102114624237e-01	-7.811137231529e-01
7.137303260791e-01	7.780443995457e-02	-6.960858357691e-01
7.133626543647e-01	5.486509730418e-01	-4.359998086444e-01
3.802114584277e-01	9.002664535152e-01	-2.120366938892e-01
2.719819675237e-02	9.831135844700e-01	-1.809639138722e-01
-3.541996676050e-02	9.827578515175e-01	-1.814729490456e-01
-3.715886120398e-01	9.044100743371e-01	-2.096767055252e-01
-7.131018627373e-01	5.563195516316e-01	-4.266078876825e-01
-7.007154762056e-01	5.220697736642e-02	-7.115281111244e-01
-5.559528935204e-01	-2.698341443763e-01	-7.861971220470e-01
-4.387903580077e-01	-4.857237781902e-01	-7.559996250132e-01
-4.457410722387e-01	-4.287451989172e-01	-7.858068788990e-01
-3.411031215835e-01	-1.578008671097e-01	-9.266863259946e-01
-1.072697591188e-01	-2.070568306487e-02	-9.940143225665e-01
7.874964073813e-02	-1.992677016194e-02	-9.966952482653e-01
3.315642566070e-01	-1.523818661777e-01	-9.310450636789e-01
4.146947254570e-01	-3.623363373956e-01	-8.347099276281e-01
3.853566569345e-01	-5.376086361898e-01	-7.499848006796e-01
5.265219513819e-01	-2.877566126981e-01	-7.999817288923e-01
6.950018418539e-01	1.022468849023e-01	-7.117007899022e-01
6.910784360411e-01	5.646027474392e-01	-4.512586096941e-01
3.636412240298e-01	9.004533935597e-01	-2.386393643407e-01
7.380616338017e-03	9.777279657843e-01	-2.097463978851e-01
-5.297266552382e-02	9.756693075483e-01	-2.127517309344e-01
-3.805795701764e-01	8.917702379868e-01	-2.447550477626e-01
-6.980248485669e-01	5.413477140874e-01	-4.687258934979e-01
-6.732155385509e-01	3.841593870384e-02	-7.384477329555e-01
-5.232119438132e-01	-2.786301635315e-01	-8.053660620002e-01
-3.993347848099e-01	-5.041892617354e-01	-7.657185631755e-01
-4.194929614424e-01	-4.603860193683e-01	-7.823492624592e-01
-2.998297585188e-01	-1.756028534015e-01	-9.376917157487e-01
-2.696975563062e-02	-4.371284814251e-02	-9.986800384450e-01
1.208872294097e-01	-6.543664668466e-02	-9.905071039807e-01
3.937287261526e-01	-2.091846142782e-01	-8.951086455574e-01
4.037082381850e-01	-4.802690310383e-01	-7.786920548247e-01
3.065527829068e-01	-6.302506874818e-01	-7.133088126617e-01
4.612529776528e-01	-3.568500221211e-01	-8.123446019508e-01
6.503730550053e-01	2.171943335591e-02	-7.593043892523e-01
6.752734821429e-01	5.492698875393e-01	-4.922482249406e-01
4.284097289899e-01	8.564082085982e-01	-2.881494132432e-01
-8.567943117102e-03	9.909761843260e-01	-1.337639430091e-01

Hair-21
6.479798526176e-03	9.957937368263e-01	9.139390520433e-02
-5.016987125068e-01	8.649112994915e-01	-1.506140368643e-02
-8.237539139249e-01	4.300994259257e-01	-3.693832333929e-01
-7.836654878545e-01	-1.246279356971e-01	-6.085526113571e-01
-6.181541960820e-01	-4.385694698450e-01	-6.523359640447e-01
-5.266848300898e-01	-6.037121514549e-01	-5.984435879336e-01
-6.042626195889e-01	-4.476701622815e-01	-6.591343659456e-01
-4.949176690365e-01	-4.070261179955e-02	-8.679860587983e-01
-1.581845775249e-01	1.390339308714e-01	-9.775720973410e-01
8.245640313453e-02	1.601586441429e-01	-9.836412711392e-01
4.647134276372e-01	-1.809983713692e-02	-8.852761298427e-01
5.791879843119e-01	-3.420385883367e-01	-7.399668120378e-01
5.205350020518e-01	-5.721853573104e-01	-6.337564425854e-01
6.331857903209e-01	-3.781147518540e-01	-6.753554540877e-01
8.045105285016e-01	8.794946105636e-03	-5.938732680068e-01
8.063591008120e-01	4.926521379202e-01	-3.272290811347e-01
4.366853138798e-01	8.968248715121e-01	-7.078902795569e-02
3.900466692444e-02	9.988205046981e-01	-2.891773422709e-02
-1.784750431982e-02	9.994767237777e-01	-2.697675325465e-02
-3.902343017504e-01	9.189717100253e-01	-5.664085019371e-02
-8.080609690703e-01	4.912339845977e-01	-3.251563356933e-01
-7.921262589673e-01	-2.278639112268e-02	-6.099317750651e-01
-6.445148592708e-01	-3.436991381240e-01	-6.829871877510e-01
-5.406686122962e-01	-5.293626129139e-01	-6.537986507532e-01
-5.815295490502e-01	-4.095441067672e-01	-7.029203427087e-01
-4.554700936271e-01	-4.660998116927e-02	-8.890300914292e-01
-1.132666827966e-01	1.252269123633e-01	-9.856413541386e-01
9.693443088127e-02	1.247309002579e-01	-9.874441344352e-01
4.517731603751e-01	-4.366617244829e-02	-8.910635650437e-01
5.514534135405e-01	-3.467565162106e-01	-7.587219854202e-01
4.887613375924e-01	-5.830258395397e-01	-6.489940102219e-01
6.071848356013e-01	-3.829236667515e-01	-6.962011497099e-01
7.845559808973e-01	3.088093651538e-03	-6.200503016013e-01
7.935179592091e-01	4.850709444893e-01	-3.674716686016e-01
4.371999531090e-01	8.930174939106e-01	-1.066581294193e-01
4.809111635439e-02	9.969594478701e-01	-6.131153097381e-02
-1.261980816131e-02	9.983961619292e-01	-5.518916820421e-02
-3.872978330598e-01	9.179657040021e-01	-8.567003433650e-02
-7.936179268033e-01	4.930192888421e-01	-3.565144696728e-01
-7.719951471718e-01	-1.720880351406e-02	-6.353954279224e-01
-6.231512300365e-01	-3.392084888649e-01	-7.047128107151e-01
-5.180469533706e-01	-5.260218294814e-01	-6.744837944772e-01
-5.528313321323e-01	-4.061875612847e-01	-7.275913573362e-01
-4.262573701922e-01	-6.374338987912e-02	-9.023532759422e-01
-1.063967089705e-01	9.639516730002e-02	-9.896401932225e-01
9.891894652903e-02	9.616405247298e-02	-9.904380430040e-01
4.296869068934e-01	-6.614415215832e-02	-9.005521157488e-01
5.235257182551e-01	-3.419287316274e-01	-7.803880860272e-01
4.734769519104e-01	-5.697760967411e-01	-6.716954485421e-01
5.956532487432e-01	-3.591144527649e-01	-7.184942707336e-01
7.700200524379e-01	2.976028190826e-02	-6.373252266028e-01
7.738844290879e-01	5.025288715456e-01	-3.854447089771e-01
4.095483342850e-01	9.035130895200e-01	-1.262309746077e-01
1.985140852137e-02	9.959051613132e-01	-8.819768278942e-02
-2.730351229877e-02	9.957229561291e-01	-8.826274895817e-02
-3.870815025284e-01	9.147186107143e-01	-1.160076446331e-01
-7.767994044889e-01	5.025013693318e-01	-3.795722052592e-01
-7.511257363101e-01	-8.268279958615e-03	-6.601073880810e-01
-6.029085769167e-01	-3.317341050598e-01	-7.255713138076e-01
-4.951469238914e-01	-5.244210473897e-01	-6.926846965363e-01
-5.256265633387e-01	-4.170522679643e-01	-7.414742893038e-01
-4.185787360594e-01	-9.572900854888e-02	-9.031211428381e-01
-1.216450303664e-01	6.668187696127e-02	-9.903312647150e-01
7.431921497775e-02	7.258619692829e-02	-9.945893113746e-01
3.909551444123e-01	-8.619002337236e-02	-9.163652955719e-01
4.969252615920e-01	-3.308226330369e-01	-8.022603504239e-01
4.641425217266e-01	-5.551962767608e-01	-6.901657871818e-01
5.819205022507e-01	-3.326476265456e-01	-7.421011289669e-01
7.513696155076e-01	5.589467115058e-02	-6.575100658004e-01
7.571432368048e-01	5.158566407703e-01	-4.007817924183e-01
3.982988474907e-01	9.046669348595e-01	-1.514455844835e-01
1.205105211459e-02	9.932548114581e-01	-1.153241156836e-01
-3.101381860607e-02	9.921731636184e-01	-1.209568371398e-01
-3.886477741146e-01	9.089738682095e-01	-1.507296075363e-01
-7.594507254444e-01	5.050281747916e-01	-4.100989371952e-01
-7.310557643652e-01	-6.072585945788e-03	-6.822906954431e-01
-5.768237255086e-01	-3.281790202448e-01	-7.480460683418e-01
-4.680645588337e-01	-5.245844517582e-01	-7.111446559860e-01
-4.980663335666e-01	-4.152419022830e-01	-7.612516600677e-01
-3.756920603072e-01	-1.093138119100e-01	-9.202749406280e-01
-8.909256232345e-02	4.610951724579e-02	-9.949554903401e-01
1.027849502232e-01	3.140372051565e-02	-9.942077551223e-01
3.981392458907e-01	-1.157553539720e-01	-9.099922191472e-01
4.691348273664e-01	-3.612760608642e-01	-8.058486964675e-01
4.175041504238e-01	-5.738045217120e-01	-7.045840299366e-01
5.505615573387e-01	-3.466281619824e-01	-7.594280011308e-01
7.274328884786e-01	4.152686498095e-02	-6.849210992841e-01
7.385112022085e-01	5.161631917005e-01	-4.337934574727e-01
4.083100978051e-01	8.928678390691e-01	-1.899207360625e-01
4.412541979736e-02	9.874244753290e-01	-1.518086059779e-01
-2.124419785833e-03	9.891542874876e-01	-1.468648439396e-01
-3.568992253004e-01	9.183245259483e-01	-1.711812139861e-01
-7.356764892065e-01	5.332191010551e-01	-4.176810906647e-01
-7.196476656312e-01	3.066957218728e-02	-6.936617437148e-01
-5.708870392818e-01	-2.936710617204e-01	-7.667106989523e-01
-4.557066864772e-01	-4.970506045596e-01	-7.384254277901e-01
-4.721870554510e-01	-4.158580308409e-01	-7.772396559940e-01
-3.549832128536e-01	-1.291341597905e-01	-9.259110580220e-01
-8.943865798400e-02	1.402954999699e-02	-9.958935174932e-01
9.221256621381e-02	3.949201048808e-03	-9.957315132320e-01
3.716393258016e-01	-1.354700422742e-01	-9.184400248051e-01
4.427162360726e-01	-3.686811834335e-01	-8.173594798494e-01
3.950499532233e-01	-5.657157867352e-01	-7.238101844385e-01
5.339641794896e-01	-3.289837853390e-01	-7.788786323979e-01
7.104137506503e-01	6.171534270977e-02	-7.010731198393e-01
7.172014029115e-01	5.280561776156e-01	-4.547293930941e-01
3.866807350988e-01	8.972196486287e-01	-2.132484729557e-01
2.119809882693e-02	9.837756164269e-01	-1.781465046809e-01
-2.434712341868e-02	9.833676175202e-01	-1.799870728522e-01
-3.637320903148e-01	9.081107391860e-01	-2.074460215341e-01
-7.172108402013e-01	5.390074323675e-01	-4.416781617313e-01
-6.971035565161e-01	3.723812506519e-02	-7.160027608426e-01
-5.476101727374e-01	-2.878647217211e-01	-7.856570503107e-01
-4.269357711179e-01	-5.008548704900e-01	-7.529078602634e-01
-4.450984804734e-01	-4.361604872589e-01	-7.820814356794e-01
-3.448738971636e-01	-1.552424767533e-01	-9.257222955437e-01
-9.931569790855e-02	-2.105860572879e-02	-9.948331152880e-01
7.588791034691e-02	-2.192232519448e-02	-9.968753365999e-01
3.387983149067e-01	-1.544028420474e-01	-9.281031538488e-01
4.154578992985e-01	-3.717746568851e-01	-8.301676568070e-01
3.764924868444e-01	-5.537601274678e-01	-7.426998913266e-01
5.174519632817e-01	-3.056961425805e-01	-7.992454780024e-01
6.913097367727e-01	8.452808084777e-02	-7.175972766054e-01
6.960943597571e-01	5.432336195655e-01	-4.694143978279e-01
3.803836866215e-01	8.919200266425e-01	-2.445136336203e-01
2.153126029407e-02	9.778137215279e-01	-2.083668179481e-01
-2.681516402118e-02	9.771841410422e-01	-2.106943318508e-01
-3.614737749960e-01	9.013393373326e-01	-2.385877385091e-01
-6.981421638358e-01	5.404494051829e-01	-4.695870095222e-01
-6.727618740733e-01	3.587829837043e-02	-7.389886389515e-01
-5.206508547645e-01	-2.881719071969e-01	-8.036663731521e-01
-3.951709059817e-01	-5.069344816715e-01	-7.660661762264e-01
-4.172519045427e-01	-4.542915593619e-01	-7.870959453891e-01
-3.177868376061e-01	-1.754687342137e-01	-9.317844435049e-01
-6.514883490236e-02	-4.578517911404e-02	-9.968246318608e-01
1.331778621118e-01	-8.631933624586e-02	-9.873259994720e-01
3.580504080324e-01	-1.968475804367e-01	-9.127162403420e-01
4.026654409435e-01	-4.820692977981e-01	-7.781193576761e-01
3.029573737380e-01	-6.409821913154e-01	-7.052365986776e-01
4.517569860705e-01	-3.832022144571e-01	-8.056498546960e-01
6.458706068500e-01	2.187385396217e-03	-7.634437599145e-01
6.737071784722e-01	5.101727330154e-01	-5.346423291908e-01
4.640872165658e-01	8.399227412621e-01	-2.813411525726e-01
-1.722315797241e-02	9.979916130156e-01	-6.095984891759e-02

Hair-22
-4.493446799254e-02	9.986383364353e-01	2.650219968285e-02
-5.710093109017e-01	8.160656987506e-01	-8.935962279620e-02
-8.265529831665e-01	4.284034600248e-01	-3.650762132176e-01
-7.812387389060e-01	-1.304548852784e-01	-6.104486511898e-01
-6.177546988195e-01	-4.269879161327e-01	-6.603487348085e-01
-5.245189506294e-01	-6.095960197498e-01	-5.943673637877e-01
-6.052749304216e-01	-4.499394766096e-01	-6.566557134385e-01
-4.939378361789e-01	-4.224147335301e-02	-8.684705360114e-01
-1.412339536018e-01	1.534083918613e-01	-9.780178094782e-01
1.033301409306e-01	1.600596109659e-01	-9.816841665794e-01
4.740319630431e-01	-2.963460170872e-02	-8.800088001805e-01
5.776789425420e-01	-3.503288971280e-01	-7.372629810188e-01
5.335391180556e-01	-5.556418407685e-01	-6.376504954063e-01
6.414046950169e-01	-3.576253793815e-01	-6.787518730969e-01
8.081060046674e-01	2.800180302564e-02	-5.883711279862e-01
8.013278330629e-01	5.114057721903e-01	-3.103833760514e-01
4.329576537113e-01	8.987712439014e-01	-6.897768645570e-02
5.214157426566e-02	9.981715766421e-01	-3.057384203818e-02
-1.879445330034e-02	9.994202979944e-01	-2.838725914890e-02
-3.817557873723e-01	9.228604652852e-01	-5.090265632939e-02
-7.960655701991e-01	5.313241676449e-01	-2.897830858073e-01
-7.997826995523e-01	2.415678297566e-02	-5.998033705583e-01
-6.696548288644e-01	-2.961933836112e-01	-6.810520462370e-01
-5.661148438761e-01	-4.858464626789e-01	-6.659333286790e-01
-5.779473716346e-01	-3.924703705757e-01	-7.155025114148e-01
-4.416242603387e-01	-4.926912905426e-02	-8.958462845838e-01
-1.640299921197e-01	1.148217199482e-01	-9.797500366488e-01
1.156134283837e-01	1.280842968026e-01	-9.850014964912e-01
4.193019354016e-01	-4.124597256727e-02	-9.069093982948e-01
5.501009873292e-01	-3.364464562640e-01	-7.643249870356e-01
5.097524881384e-01	-5.566810132368e-01	-6.559410418158e-01
6.221746922289e-01	-3.515983865181e-01	-6.994835430142e-01
7.888184138250e-01	3.514015476740e-02	-6.136209575410e-01
7.881651726254e-01	5.134445601627e-01	-3.393675651853e-01
4.329321807972e-01	8.956440820189e-01	-1.019382419638e-01
4.774344520407e-02	9.970168908233e-01	-6.064555097475e-02
-8.230722495945e-03	9.983501426271e-01	-5.682647203316e-02
-3.762905653908e-01	9.229990015504e-01	-8.048759863953e-02
-7.820036519435e-01	5.372558820993e-01	-3.159531697843e-01
-7.810677008006e-01	3.675046266782e-02	-6.233639789560e-01
-6.504377317500e-01	-2.850247575807e-01	-7.040537228663e-01
-5.456556570618e-01	-4.781559797638e-01	-6.882054656370e-01
-5.498377655218e-01	-3.851652324064e-01	-7.411654169963e-01
-3.956588489592e-01	-6.195849080695e-02	-9.163052006058e-01
-1.291160166104e-01	9.800546020621e-02	-9.867745355574e-01
1.223664736051e-01	9.345852829200e-02	-9.880748704562e-01
4.132934908408e-01	-6.787735990679e-02	-9.080645100656e-01
5.226889957830e-01	-3.306432864559e-01	-7.857933766640e-01
4.887324966130e-01	-5.501501307741e-01	-6.771081009438e-01
6.049508792204e-01	-3.361190820644e-01	-7.218437479141e-01
7.710518909023e-01	5.190786591543e-02	-6.346530981505e-01
7.713871469010e-01	5.229012202695e-01	-3.626791742526e-01
4.254467554342e-01	8.953200972377e-01	-1.318976185256e-01
3.833197336378e-02	9.951092168256e-01	-9.104013624101e-02
-9.140921429450e-03	9.962810027079e-01	-8.567734355550e-02
-3.783762325119e-01	9.191124012274e-01	-1.098354249786e-01
-7.710044476918e-01	5.308464499999e-01	-3.517871347306e-01
-7.563718547730e-01	3.450202234486e-02	-6.532313738342e-01
-6.232113440843e-01	-2.904490473714e-01	-7.261177394098e-01
-5.167999612696e-01	-4.859748496062e-01	-7.048022741039e-01
-5.239290808736e-01	-3.939637923644e-01	-7.551760381003e-01
-3.862148329791e-01	-8.661262364239e-02	-9.183334667825e-01
-1.171754070851e-01	7.084047033340e-02	-9.905814210540e-01
9.827963219366e-02	6.815059231194e-02	-9.928225474189e-01
3.892891604745e-01	-8.655717624443e-02	-9.170396964023e-01
4.957775936859e-01	-3.191079404866e-01	-8.076971585424e-01
4.692321804348e-01	-5.479433261175e-01	-6.925166223332e-01
5.838265497068e-01	-3.219524960512e-01	-7.453141285014e-01
7.506743335053e-01	6.464571310311e-02	-6.575020736041e-01
7.575118533084e-01	5.234753392970e-01	-3.900632785141e-01
4.093294881232e-01	8.994167904239e-01	-1.532932068172e-01
2.780857474272e-02	9.925016625285e-01	-1.190257663235e-01
-3.105465154879e-02	9.922745573895e-01	-1.201116621090e-01
-3.883227540589e-01	9.095738537142e-01	-1.479217472844e-01
-7.611506482044e-01	5.033402965725e-01	-4.090210710763e-01
-7.300238619608e-01	6.052688805444e-03	-6.833948535993e-01
-5.822661579159e-01	-3.218911885649e-01	-7.465602347233e-01
-4.744610310342e-01	-5.161210760637e-01	-7.130959015959e-01
-4.987357890841e-01	-4.002386095174e-01	-7.688118548372e-01
-3.571033937998e-01	-9.844324145075e-02	-9.288627962995e-01
-7.772992141714e-02	4.761563076455e-02	-9.958367391412e-01
1.164386394706e-01	3.444311147518e-02	-9.926004812159e-01
3.979723052347e-01	-1.253539792975e-01	-9.087928389575e-01
4.702323001324e-01	-3.586946048864e-01	-8.063620553682e-01
4.177092733447e-01	-5.793865346923e-01	-6.998787083339e-01
5.488677870721e-01	-3.491000696559e-01	-7.595217532637e-01
7.253988686988e-01	4.214379538125e-02	-6.870373947620e-01
7.408706632802e-01	5.091696718302e-01	-4.380147321485e-01
4.166858949460e-01	8.879659008098e-01	-1.946520586896e-01
4.777346373182e-02	9.870141323640e-01	-1.533649199678e-01
-7.260471074277e-03	9.889979463283e-01	-1.477509652021e-01
-3.632116767112e-01	9.158700520713e-01	-1.710535752901e-01
-7.334434131331e-01	5.492045843909e-01	-4.005434860482e-01
-7.202509683753e-01	5.150129930777e-02	-6.917992185050e-01
-5.799763807659e-01	-2.736249230867e-01	-7.673048932592e-01
-4.687582665487e-01	-4.799481635827e-01	-7.415628414476e-01
-4.710557206554e-01	-4.017640942688e-01	-7.852974726779e-01
-3.503244292437e-01	-1.295195599141e-01	-9.276300328659e-01
-9.229360738622e-02	1.399741884546e-02	-9.956334477614e-01
9.110410712451e-02	9.851026970951e-03	-9.957926485633e-01
3.609552098490e-01	-1.382053521704e-01	-9.222855399031e-01
4.423487828874e-01	-3.510792081239e-01	-8.252702247756e-01
4.131487323520e-01	-5.440232473285e-01	-7.303059847229e-01
5.455656749304e-01	-3.024570464827e-01	-7.815867382260e-01
7.116936788915e-01	8.934981438405e-02	-6.967845564416e-01
7.156272714473e-01	5.477408585926e-01	-4.334253801857e-01
3.900587157159e-01	8.954496376894e-01	-2.145323860307e-01
2.332708465663e-02	9.832941885346e-01	-1.805225357550e-01
-2.895347161540e-02	9.832268484762e-01	-1.800740428741e-01
-3.737686545602e-01	9.036727021993e-01	-2.089799994451e-01
-7.164799243427e-01	5.494830884702e-01	-4.297962930263e-01
-6.969154702129e-01	5.155147890839e-02	-7.152980304742e-01
-5.543275419579e-01	-2.739693886732e-01	-7.859145947856e-01
-4.366853296786e-01	-4.877757189557e-01	-7.558973282403e-01
-4.443409462301e-01	-4.257426218160e-01	-7.882286111735e-01
-3.331138642940e-01	-1.545160731429e-01	-9.301397403378e-01
-9.287581376323e-02	-1.707178077199e-02	-9.955313342729e-01
8.552701112121e-02	-2.014194304285e-02	-9.961322364521e-01
3.411903758204e-01	-1.613541635525e-01	-9.260420948055e-01
4.152323411718e-01	-3.578151721994e-01	-8.363912992069e-01
3.902337085644e-01	-5.373189476711e-01	-7.476670389777e-01
5.272613229481e-01	-2.847000513759e-01	-8.005881450968e-01
6.910035989522e-01	1.077565089521e-01	-7.147744826262e-01
6.950686490224e-01	5.628012836875e-01	-4.473637091069e-01
3.717592222360e-01	8.970243462449e-01	-2.390447718031e-01
1.472586505793e-02	9.778388401137e-01	-2.088404933518e-01
-3.931536265457e-02	9.764032726775e-01	-2.123463005660e-01
-3.733650652430e-01	8.955789869616e-01	-2.419438078746e-01
-6.990705653502e-01	5.378893098942e-01	-4.711426906601e-01
-6.725968954588e-01	4.286940865283e-02	-7.387662891747e-01
-5.223670438283e-01	-2.809241055090e-01	-8.051175805223e-01
-3.987211932491e-01	-5.037303412525e-01	-7.663401029280e-01
-4.173895912923e-01	-4.541550582814e-01	-7.871017165006e-01
-3.175787596352e-01	-1.809073492070e-01	-9.308148378875e-01
-3.655227444742e-02	-4.821516402156e-02	-9.981679363670e-01
9.968866426272e-02	-6.863083355012e-02	-9.926489706355e-01
3.723026360177e-01	-2.027043925115e-01	-9.057050714613e-01
4.051803755242e-01	-4.825787431229e-01	-7.764963747346e-01
3.007342300612e-01	-6.486823919068e-01	-6.991209318134e-01
4.515275074619e-01	-3.799478509074e-01	-8.073181161080e-01
6.416473072283e-01	1.091565099657e-02	-7.669221483892e-01
6.804936458350e-01	5.331027445394e-01	-5.027224500087e-01
3.996448936278e-01	8.923803646066e-01	-2.096216683976e-01
9.569153045290e-02	9.703973752039e-01	-2.217477512783e-01

Hair-23
-2.130243347136e-01	9.767104831599e-01	-2.563717818601e-02
-4.604502633839e-01	8.875631050509e-01	1.474074293145e-02
-8.393406535710e-01	3.870203963183e-01	-3.817361393642e-01
-7.675661469427e-01	-1.367343469685e-01	-6.262155606712e-01
-6.245090366258e-01	-4.159464836364e-01	-6.610423480559e-01
-5.421702314095e-01	-5.789128075387e-01	-6.090249596207e-01
-6.034110163422e-01	-4.022098758489e-01	-6.885654370694e-01
-4.480708355952e-01	-2.372484876729e-02	-8.936831976937e-01
-1.140008712897e-01	1.673297540538e-01	-9.792877793343e-01
1.073713190106e-01	1.589584199109e-01	-9.814293762637e-01
4.465977198266e-01	-1.896090130019e-02	-8.945339350005e-01
5.757939026234e-01	-3.261778655205e-01	-7.497128662003e-01
5.247811136288e-01	-5.721581253985e-01	-6.302696742816e-01
6.294984338661e-01	-3.801294156464e-01	-6.776675801014e-01
8.013904612575e-01	6.355942992780e-03	-5.981077917852e-01
8.112362757681e-01	4.785488263706e-01	-3.359861986111e-01
4.595373828393e-01	8.845130045039e-01	-8.038742834938e-02
6.426115111447e-02	9.974318998759e-01	-3.162450896546e-02
1.172934685024e-02	9.996375308363e-01	-2.423281589099e-02
-3.669335396847e-01	9.292939851868e-01	-4.210067161111e-02
-7.963036478379e-01	5.373876671514e-01	-2.776958689531e-01
-8.048295392904e-01	5.126189091064e-02	-5.912881118591e-01
-6.741865018013e-01	-2.630698248242e-01	-6.901208793073e-01
-5.917597411092e-01	-4.426122493256e-01	-6.737319983118e-01
-5.692027965833e-01	-3.024028736790e-01	-7.645656795544e-01
-3.913830648538e-01	-2.761376925426e-02	-9.198134464625e-01
-9.702367985830e-02	1.460434995287e-01	-9.845088632370e-01
6.793010182061e-02	1.385713250050e-01	-9.880199841871e-01
3.842438391948e-01	-1.436042684305e-02	-9.231199543839e-01
5.370169512157e-01	-2.487136076319e-01	-8.060734057676e-01
5.397094585015e-01	-5.065636810904e-01	-6.723889777534e-01
6.411226184251e-01	-3.011559394115e-01	-7.058802223472e-01
7.975781234223e-01	7.852013996158e-02	-5.980833760092e-01
7.845851358885e-01	5.318412448072e-01	-3.187021412930e-01
4.134647721085e-01	9.057295234278e-01	-9.327868254033e-02
1.780918908370e-02	9.981552367053e-01	-5.804271032637e-02
-1.632804958662e-02	9.983640718673e-01	-5.479575532086e-02
-3.942218850408e-01	9.152298891434e-01	-8.332679865126e-02
-7.885963024720e-01	5.203402749324e-01	-3.276612122463e-01
-7.798643206535e-01	2.714036605363e-02	-6.253599298821e-01
-6.430126404523e-01	-2.907417562296e-01	-7.085223887805e-01
-5.537751826281e-01	-4.781995960661e-01	-6.816584140370e-01
-5.501534699567e-01	-3.399758895536e-01	-7.627237730770e-01
-3.958429644963e-01	-5.412168654063e-02	-9.167219810307e-01
-1.065399984434e-01	1.063078836733e-01	-9.886090544804e-01
4.457158675175e-02	1.132808720293e-01	-9.925627525183e-01
3.666313238097e-01	-3.199504348453e-02	-9.298159977081e-01
5.075173860552e-01	-2.544564386513e-01	-8.232120162392e-01
5.173437797607e-01	-4.971347625053e-01	-6.965719212341e-01
6.237645127694e-01	-2.769749491088e-01	-7.308917226072e-01
7.804741343143e-01	9.507991079608e-02	-6.179158002749e-01
7.652187522721e-01	5.480349209367e-01	-3.377839347940e-01
3.798037041886e-01	9.185063354121e-01	-1.099784437626e-01
-3.380662481314e-03	9.961759419260e-01	-8.730443201219e-02
-2.998008319348e-02	9.958229390357e-01	-8.624307915389e-02
-3.933509945898e-01	9.126603526045e-01	-1.110228617854e-01
-7.743517604613e-01	5.182280294531e-01	-3.630689473911e-01
-7.562807462687e-01	1.982933193005e-02	-6.539466571659e-01
-6.145996811376e-01	-3.009795416483e-01	-7.291629087212e-01
-5.160736546978e-01	-4.936217468444e-01	-7.000039671096e-01
-5.254655090173e-01	-3.724939154737e-01	-7.649407047401e-01
-3.733322723487e-01	-7.410894362782e-02	-9.247328689396e-01
-1.071116462503e-01	7.429454348919e-02	-9.914673045770e-01
4.700215394529e-02	8.047017544333e-02	-9.956482051350e-01
3.391556912081e-01	-4.668502889915e-02	-9.395711389766e-01
4.877054116155e-01	-2.841770110451e-01	-8.254616029074e-01
4.784386178789e-01	-5.229707724377e-01	-7.054063085188e-01
5.947085553182e-01	-2.919627320671e-01	-7.490523995791e-01
7.568999871493e-01	7.661232411515e-02	-6.490246229898e-01
7.525321035280e-01	5.375281705233e-01	-3.804719425314e-01
3.708518010097e-01	9.194915235238e-01	-1.304004595688e-01
-1.375673351819e-03	9.934424848486e-01	-1.143246990838e-01
-3.962472240699e-02	9.918899809090e-01	-1.207648423447e-01
-3.817011870614e-01	9.122717894073e-01	-1.485408564925e-01
-7.572184844439e-01	5.172090581189e-01	-3.988921621393e-01
-7.331080156812e-01	4.032215484651e-03	-6.801002709765e-01
-5.849929288806e-01	-3.138989487588e-01	-7.478306781136e-01
-4.740883012907e-01	-5.134091760656e-01	-7.152980501238e-01
-5.008020452381e-01	-3.906315906641e-01	-7.724016260085e-01
-3.475684981885e-01	-9.414452952294e-02	-9.329163663630e-01
-1.016637889342e-01	4.530196314576e-02	-9.937868011574e-01
4.105785347951e-02	4.907697394445e-02	-9.979507519392e-01
3.217531973880e-01	-6.799326750681e-02	-9.443790528937e-01
4.637897046834e-01	-2.996127615858e-01	-8.337453465685e-01
4.472820652380e-01	-5.320726721219e-01	-7.189140600221e-01
5.710671381954e-01	-3.011426084065e-01	-7.636723466745e-01
7.348620889702e-01	7.835790686855e-02	-6.736748092556e-01
7.321658209013e-01	5.490248381257e-01	-4.031190119865e-01
3.749092231177e-01	9.121996526259e-01	-1.653325986321e-01
2.672798371310e-02	9.883482578838e-01	-1.498443726830e-01
-1.132235130062e-02	9.889300566255e-01	-1.479498140036e-01
-3.404276136812e-01	9.269879497749e-01	-1.574877163954e-01
-7.301228410758e-01	5.609823202010e-01	-3.901531409092e-01
-7.245255665271e-01	6.043925231569e-02	-6.865928926432e-01
-5.835752262432e-01	-2.523324874850e-01	-7.718602665475e-01
-4.784443522647e-01	-4.625347079041e-01	-7.464265843136e-01
-4.684580840634e-01	-3.718707181059e-01	-8.014107514197e-01
-3.193356665997e-01	-1.065239215374e-01	-9.416354847698e-01
-7.404531121734e-02	1.886323208762e-02	-9.970764616427e-01
4.102075286854e-02	2.627338786868e-02	-9.988127987386e-01
3.036776770944e-01	-1.007179915397e-01	-9.474364119110e-01
4.383132352954e-01	-3.037836271201e-01	-8.459296753624e-01
4.221340821896e-01	-5.275864387583e-01	-7.371942527531e-01
5.501476372621e-01	-2.823056148803e-01	-7.859014677566e-01
7.146387263903e-01	9.171180457735e-02	-6.934554316208e-01
7.139426910738e-01	5.566084584772e-01	-4.248209714856e-01
3.640695862576e-01	9.100117060542e-01	-1.983230475930e-01
1.140326088660e-02	9.840369143838e-01	-1.775987521666e-01
-2.602622493101e-02	9.832830316630e-01	-1.802140817458e-01
-3.472602163449e-01	9.177392822092e-01	-1.927821361909e-01
-7.130245460708e-01	5.628980505668e-01	-4.180212690386e-01
-7.018535563457e-01	6.348954601163e-02	-7.094861964776e-01
-5.599377151411e-01	-2.520652955873e-01	-7.892609466603e-01
-4.476418825094e-01	-4.681073728937e-01	-7.619004084958e-01
-4.455795285286e-01	-3.896493800308e-01	-8.059976702187e-01
-3.037846117481e-01	-1.348884022660e-01	-9.431436945658e-01
-8.212881317536e-02	-8.579905955004e-03	-9.965847897997e-01
3.118643134462e-02	-8.177041510703e-03	-9.994801361168e-01
2.873709649390e-01	-1.273854737025e-01	-9.493107339537e-01
4.092420203084e-01	-3.190062026521e-01	-8.548426823009e-01
3.971818910932e-01	-5.213911993395e-01	-7.552468223296e-01
5.263233971030e-01	-2.628688380360e-01	-8.086307288568e-01
6.933813408687e-01	1.064825188424e-01	-7.126596588247e-01
6.948134552385e-01	5.682754289189e-01	-4.407916733636e-01
3.461662912686e-01	9.120575252184e-01	-2.198180372075e-01
-4.657576349681e-03	9.792386374002e-01	-2.026573413552e-01
-4.457092560869e-02	9.759768839629e-01	-2.132663934155e-01
-3.630913119035e-01	9.008906302901e-01	-2.378250858838e-01
-6.985601249692e-01	5.437630760148e-01	-4.651187686666e-01
-6.721793159830e-01	4.133711745537e-02	-7.392335286533e-01
-5.223892351881e-01	-2.815329518678e-01	-8.048904794891e-01
-4.005347165016e-01	-5.002551437804e-01	-7.676696763571e-01
-4.187761327183e-01	-4.379300473779e-01	-7.955148171273e-01
-2.958968815772e-01	-1.653996203024e-01	-9.407911569932e-01
-5.508162941672e-02	-4.311505191316e-02	-9.975505533051e-01
1.220709485403e-01	-7.128723766307e-02	-9.899579856079e-01
3.519521375898e-01	-2.198539596031e-01	-9.098318137397e-01
3.980634542973e-01	-4.763729930783e-01	-7.839733782588e-01
3.088071299142e-01	-6.367218470101e-01	-7.065574612544e-01
4.463115408082e-01	-3.952489795112e-01	-8.028600455476e-01
6.304363194892e-01	-1.645146034692e-02	-7.760666186104e-01
6.833086696896e-01	4.813261164186e-01	-5.490122326328e-01
4.533198568761e-01	8.505896551731e-01	-2.664551479597e-01
1.085098782777e-01	9.723861891414e-01	-2.066172923141e-01

Hair-24
-1.186741724376e-01	9.921015168916e-01	-4.063275744657e-02
-3.795664637189e-02	9.992792536049e-01	-5.160533227328e-04
-5.611171535389e-02	9.984238590696e-01	-1.128291050692e-03
-2.301191764584e-02	9.997350839318e-01	4.621711373041e-04
-4.867807517116e-02	9.988140520558e-01	9.666506736103e-04
-2.055827567202e-02	9.997886073385e-01	3.129498126608e-04
-2.925512844695e-02	9.995719575352e-01	-1.979110697420e-04
-1.007408213955e-02	9.999492428112e-01	1.570680215684e-04
-4.072626470936e-02	9.991672075918e-01	-2.502525925146e-03
7.764061780251e-03	9.999698592154e-01	2.312032170437e-06
-2.004088177215e-02	9.997991606486e-01	-3.773674690111e-05
1.254273054111e-02	9.999212872442e-01	-3.150024011433e-04
-1.660665981365e-02	9.998620982205e-01	-5.824037275720e-05
7.604914074145e-03	9.999710593698e-01	-2.137867575498e-04
-5.915112776293e-02	9.981830565808e-01	-1.147735332507e-02

Hair-25
9.984126317310e-01	5.575573455382e-02	-7.969621343576e-03
9.986448018039e-01	-5.203376573559e-02	-1.023256304250e-03
9.999928025209e-01	-3.793493388224e-03	6.568404379065e-05
9.990481228682e-01	-4.360605821887e-02	-1.166139029672e-03
9.999005439644e-01	-1.409604377572e-02	-4.513640486120e-04
9.990971180885e-01	-4.247572451703e-02	8.726133364903e-04
9.987158147796e-01	5.033843311961e-02	-5.723937475610e-03

Hair-26
9.990402229455e-01	4.379778119205e-02	6.223340781848e-04
9.985931202212e-01	5.302600584873e-02	-1.514947708511e-04
9.993278146092e-01	3.665630169446e-02	-4.842462298438e-04
9.992232857445e-01	3.940307262679e-02	4.723277579378e-04
9.992296781603e-01	3.924308631967e-02	-1.745270898894e-04
9.993245403880e-01	3.672909756740e-02	-1.198486665653e-03
9.991359080519e-01	4.154497875349e-02	1.204982000358e-03

