Hair-0
-4.609196244209e-03	3.628601699979e-01	9.318322018148e-01
-2.989091678294e-02	5.149531964904e-01	8.566969934103e-01
-5.120180018260e-02	4.583649117989e-01	8.872879934326e-01
-2.812255693192e-03	4.807993959991e-01	8.768261127640e-01
2.386420531692e-02	4.809180295822e-01	8.764407273326e-01
3.613210828199e-02	4.778239049603e-01	8.777122458982e-01
6.423284235788e-02	4.375867369747e-01	8.968790272865e-01
6.951286210386e-02	4.339186744192e-01	8.982664114796e-01

Hair-1
4.942940680466e-03	3.563425755322e-01	-9.343423014081e-01
1.048158285566e-03	6.188738951605e-01	-7.854896582725e-01
5.921348340730e-02	5.303846181159e-01	-8.456866560664e-01
1.222419314407e-02	5.382147476513e-01	-8.427190839850e-01
-1.848393158550e-02	5.378981653422e-01	-8.428071594348e-01
-7.112969069703e-02	5.272363707947e-01	-8.467363086656e-01
-2.640601867785e-03	6.238445720711e-01	-7.815439700485e-01
6.689973688193e-04	3.554647503317e-01	-9.346894477387e-01

Hair-2
-3.980375280464e-03	3.621141355426e-01	9.321252648935e-01
-3.012110483619e-02	5.157270525675e-01	8.562232923096e-01
-5.044732670153e-02	4.591316826415e-01	8.869347017811e-01
-2.103122139577e-03	4.809316068947e-01	8.767555910098e-01
2.391459618654e-02	4.809194098242e-01	8.764385964479e-01
3.599039584538e-02	4.778095123818e-01	8.777259032775e-01
6.406733260752e-02	4.388789548188e-01	8.962592481586e-01
7.019152971685e-02	4.354502757175e-01	8.974721201985e-01

Hair-3
7.689203213661e-03	3.674644451827e-01	-9.300057836812e-01
-1.022790499668e-03	6.285122347111e-01	-7.777990259174e-01
5.497420380009e-02	5.334953003178e-01	-8.440145741961e-01
1.169721522627e-02	5.388072167208e-01	-8.423478844074e-01
-1.306935702590e-02	5.379775401789e-01	-8.428578516986e-01
-6.087044960062e-02	5.337441293567e-01	-8.434524247061e-01
4.946738659612e-05	6.367653576004e-01	-7.710576352732e-01
-7.744720232216e-04	3.688668587751e-01	-9.294819205829e-01

Hair-4
-3.875117847404e-03	3.618070801437e-01	9.322449357436e-01
-3.014028170246e-02	5.152206628771e-01	8.565274262762e-01
-5.075768349220e-02	4.590442690337e-01	8.869622408163e-01
-2.648273693929e-03	4.808247678553e-01	8.768127104823e-01
2.405162525338e-02	4.808793063203e-01	8.764568512343e-01
3.629054975803e-02	4.775004062241e-01	8.778817449145e-01
6.402252656175e-02	4.382749641160e-01	8.965579579267e-01
7.019638326637e-02	4.351102163446e-01	8.976366566762e-01

Hair-5
5.502708645283e-03	3.535747112532e-01	-9.353901024491e-01
2.143862070115e-03	6.160697276876e-01	-7.876887040465e-01
6.389299580042e-02	5.277046682953e-01	-8.470215275582e-01
1.693782846543e-02	5.378350460155e-01	-8.428799281300e-01
-1.473561963719e-02	5.380413718089e-01	-8.427896200926e-01
-6.876446348483e-02	5.285252131002e-01	-8.461279735826e-01
-1.708051320858e-03	6.237227613132e-01	-7.816437804912e-01
3.166333888225e-04	3.581613169671e-01	-9.336596653876e-01

Hair-6
-3.490906116402e-03	3.608001476598e-01	9.326366211034e-01
-3.023548103190e-02	5.138397941756e-01	8.573531837046e-01
-5.165855207963e-02	4.580512554377e-01	8.874234848081e-01
-3.246464576177e-03	4.807155699338e-01	8.768705727135e-01
2.436660577356e-02	4.808081235477e-01	8.764872029035e-01
3.688856667854e-02	4.770707707681e-01	8.780903787920e-01
6.423755762108e-02	4.367313154755e-01	8.972955445526e-01
6.955797515220e-02	4.334226055940e-01	8.985023834431e-01

Hair-7
4.386381002216e-03	3.538570212288e-01	-9.352892430627e-01
2.839062775799e-03	6.170930907868e-01	-7.868850341859e-01
6.218775170859e-02	5.287079638089e-01	-8.465226355760e-01
1.546788889140e-02	5.379190263023e-01	-8.428545933643e-01
-1.666709821529e-02	5.378797783585e-01	-8.428567801650e-01
-7.058414582935e-02	5.269939785501e-01	-8.469328337770e-01
-2.171974305082e-03	6.219103908636e-01	-7.830854029182e-01
2.468564205530e-04	3.562057624285e-01	-9.344075095346e-01

Hair-8
-3.460670923567e-03	3.606374866451e-01	9.326996445711e-01
-3.027980842048e-02	5.133573951661e-01	8.576405529301e-01
-5.219643572075e-02	4.574633398291e-01	8.876952319408e-01
-3.616562980297e-03	4.806622027700e-01	8.768983791184e-01
2.371315854803e-02	4.809260094683e-01	8.764404483640e-01
3.629402440469e-02	4.776860701187e-01	8.777805888757e-01
6.431903694017e-02	4.366922629440e-01	8.973087144188e-01
6.916315701464e-02	4.329457981007e-01	8.987627015062e-01

Hair-9
4.749735539174e-03	3.532065748073e-01	-9.355333000622e-01
2.172071437625e-03	6.158794141818e-01	-7.878374383671e-01
6.196813798161e-02	5.288805778320e-01	-8.464309093288e-01
1.385180433666e-02	5.380439711204e-01	-8.428029500765e-01
-1.786659034631e-02	5.378381282094e-01	-8.428587857961e-01
-7.107243111986e-02	5.269676233945e-01	-8.469083973067e-01
-2.328736591504e-03	6.223068348340e-01	-7.827699408541e-01
5.921278984003e-04	3.554230095985e-01	-9.347053726349e-01

Hair-10
-3.844584868279e-03	3.617438571836e-01	9.322695967139e-01
-3.017926688832e-02	5.150594503777e-01	8.566230060106e-01
-5.110834836501e-02	4.585020488508e-01	8.872225244701e-01
-2.829741027873e-03	4.808077262459e-01	8.768214886441e-01
2.324637268391e-02	4.810366889216e-01	8.763922124645e-01
3.553280332197e-02	4.782306710802e-01	8.775151537872e-01
6.409562590415e-02	4.388619302524e-01	8.962655616028e-01
7.005177172725e-02	4.351190974842e-01	8.976436488286e-01

Hair-11
3.333507242673e-03	3.466297487134e-01	-9.379961114186e-01
3.653044495867e-03	6.100377855339e-01	-7.923639034477e-01
6.695295582305e-02	5.259616686013e-01	-8.478688724494e-01
1.782131424092e-02	5.377573908773e-01	-8.429112582684e-01
-1.734681916750e-02	5.378028276894e-01	-8.428921677143e-01
-7.363139035792e-02	5.253613822168e-01	-8.476873459178e-01
-4.204687605531e-03	6.164310292779e-01	-7.873976801754e-01
3.348693384720e-03	3.474785606569e-01	-9.376819482833e-01

Hair-12
-3.969560323775e-03	3.620464529478e-01	9.321516016715e-01
-3.013124238895e-02	5.154621463370e-01	8.563824402250e-01
-5.072715405399e-02	4.590559853472e-01	8.869579235558e-01
-2.759410130080e-03	4.808070504551e-01	8.768220833718e-01
2.361560892857e-02	4.809596986287e-01	8.764245953360e-01
3.584503309001e-02	4.778329672096e-01	8.777190832211e-01
6.394190482062e-02	4.390270667520e-01	8.961956636065e-01
7.042236482368e-02	4.357578983645e-01	8.973047110907e-01

Hair-13
5.955017937923e-03	3.559944175589e-01	-9.344691072627e-01
1.420745771959e-03	6.180194472159e-01	-7.861615256068e-01
6.288017811787e-02	5.282499996794e-01	-8.467573566486e-01
1.652269380079e-02	5.380748040702e-01	-8.427351338436e-01
-1.419439593534e-02	5.379095375635e-01	-8.428830574417e-01
-6.548525746376e-02	5.303319948047e-01	-8.452571539723e-01
-1.144986236908e-03	6.277263824599e-01	-7.784332198527e-01
-2.431008167386e-04	3.604825754014e-01	-9.327659158299e-01

Hair-14
-3.801871187123e-03	3.614977527882e-01	9.323652291375e-01
-3.020873836135e-02	5.141252578669e-01	8.571829742534e-01
-5.205218864275e-02	4.577110703397e-01	8.875759943498e-01
-4.364219817469e-03	4.805294865020e-01	8.769677110290e-01
2.272937282241e-02	4.810763981468e-01	8.763839767803e-01
3.530590602727e-02	4.783722716973e-01	8.774471281341e-01
6.364903455707e-02	4.383073937308e-01	8.965686973126e-01
7.044944481558e-02	4.351011782896e-01	8.976212120801e-01

Hair-15
1.639370061114e-03	3.395367439767e-01	-9.405913628965e-01
5.292550866030e-03	6.037811740012e-01	-7.971325378048e-01
6.984550033172e-02	5.242682281740e-01	-8.486839405873e-01
1.634095891881e-02	5.379096789104e-01	-8.428440842743e-01

Hair-16
-7.729619231369e-02	9.970081735613e-01	2.249105411595e-05
-4.641699245807e-01	8.845305355453e-01	-4.638979200948e-02
-8.332268150179e-01	4.423278486311e-01	-3.317817792774e-01
-7.934764908915e-01	-7.683219307727e-02	-6.037316229165e-01

Hair-17
-5.812909051730e-02	9.983090711842e-01	-8.501125569793e-05
-4.466835791791e-01	8.936925264065e-01	-4.227822532893e-02
-8.283199518560e-01	4.619439646983e-01	-3.170076195237e-01
-8.010696713034e-01	-5.411018648022e-02	-5.961203481151e-01
-6.561847015026e-01	-3.666037516627e-01	-6.595629816634e-01
-5.653621632011e-01	-5.282356865335e-01	-6.335082350634e-01
-5.999716089389e-01	-3.593338789704e-01	-7.147819470939e-01
-4.318969615124e-01	-2.990785014432e-03	-9.019179950757e-01
-1.073978285174e-01	1.662385993925e-01	-9.802195848389e-01
8.691245826807e-02	1.655173292528e-01	-9.823697055156e-01
4.238690276786e-01	4.676317836423e-04	-9.057233731639e-01
5.721492045960e-01	-3.019097609149e-01	-7.625587085231e-01
5.222589280060e-01	-5.729581995110e-01	-6.316363777769e-01
6.277866623961e-01	-3.876471672831e-01	-6.749915408470e-01
7.998764610608e-01	-6.603726146959e-03	-6.001283511398e-01
8.101539950342e-01	4.779084873542e-01	-3.394907687182e-01
4.603769237586e-01	8.841011163605e-01	-8.011431907358e-02
5.051676268087e-02	9.982542367929e-01	-3.060286609522e-02
-4.970231697374e-02	9.982954588999e-01	-3.059177058167e-02
-4.346702530592e-01	8.977917464220e-01	-7.093483743555e-02
-8.113950010364e-01	4.769455452980e-01	-3.378773432973e-01
-7.855578394169e-01	-3.855305875961e-02	-6.175860608782e-01
-6.404196591526e-01	-3.528525646486e-01	-6.821713331648e-01
-5.448000289908e-01	-5.226706446521e-01	-6.557502006333e-01
-5.750709052177e-01	-3.677533558474e-01	-7.307878784128e-01
-4.121919462968e-01	-2.471221034400e-02	-9.107618273006e-01
-1.031005647513e-01	1.363256272167e-01	-9.852845258665e-01
8.199213250105e-02	1.357147383171e-01	-9.873493809242e-01
4.056588853473e-01	-2.281016056444e-02	-9.137398783646e-01
5.468653362203e-01	-3.108215304038e-01	-7.773855415932e-01
4.991069972922e-01	-5.712249626965e-01	-6.516089680524e-01
6.104206565600e-01	-3.757465402774e-01	-6.972812628448e-01
7.828108316601e-01	5.959091996381e-03	-6.222312199321e-01
7.930773038254e-01	4.899903543670e-01	-3.618533443045e-01
4.528340435950e-01	8.848088072070e-01	-1.097939144505e-01
4.967485569948e-02	9.968894139626e-01	-6.118745819708e-02
-4.983627125574e-02	9.968811273852e-01	-6.119120795135e-02
-4.289547798756e-01	8.976559006303e-01	-1.010528618368e-01
-7.943823523493e-01	4.890342950347e-01	-3.602806358326e-01
-7.683826318716e-01	-2.563814706698e-02	-6.394769866485e-01
-6.223349320603e-01	-3.417507073799e-01	-7.042057130859e-01
-5.222406815901e-01	-5.195503449807e-01	-6.762633433232e-01
-5.499228779691e-01	-3.787626299758e-01	-7.443948538377e-01
-3.923914809877e-01	-4.673619283510e-02	-9.186101751709e-01
-9.847610692348e-02	1.063235075645e-01	-9.894431606234e-01
7.748097794310e-02	1.056882614445e-01	-9.913761594117e-01
3.872340335141e-01	-4.622580566277e-02	-9.208219036161e-01
5.210503132512e-01	-3.193914240007e-01	-7.915148067697e-01
4.751526137161e-01	-5.696282134645e-01	-6.706367810551e-01
5.917286441036e-01	-3.647328313571e-01	-7.189069296353e-01
7.647100432186e-01	1.745552653579e-02	-6.441380709086e-01
7.754777093425e-01	5.007822359292e-01	-3.845145959396e-01
4.448142970643e-01	8.847152719975e-01	-1.393525336029e-01
4.801583366809e-02	9.946282432795e-01	-9.170134888795e-02
-5.088246892814e-02	9.944816663597e-01	-9.174524309304e-02
-4.238186091991e-01	8.961833690728e-01	-1.312751137643e-01
-7.773345244774e-01	4.979798291111e-01	-3.844048996227e-01
-7.494952181001e-01	-1.578270409445e-02	-6.618215955199e-01
-6.019681031703e-01	-3.330977198287e-01	-7.257274363082e-01
-4.980476872302e-01	-5.182484752604e-01	-6.952460133902e-01
-5.243433882960e-01	-3.903000362013e-01	-7.567891997720e-01
-3.742253657290e-01	-7.067084720706e-02	-9.246410152054e-01
-9.515960908545e-02	7.597737558739e-02	-9.925583545553e-01
7.180143838658e-02	7.577141265246e-02	-9.945366994085e-01
3.679601627038e-01	-6.914122674018e-02	-9.272673883125e-01
4.947628083980e-01	-3.277096157629e-01	-8.048702821963e-01
4.505829951778e-01	-5.678127231546e-01	-6.888858220927e-01
5.723259760727e-01	-3.536237281775e-01	-7.398602813926e-01
7.458443754224e-01	2.875992237054e-02	-6.654990867883e-01
7.571863925825e-01	5.109578374852e-01	-4.069285627728e-01
4.369579395587e-01	8.834764992063e-01	-1.689290809981e-01
4.799636265931e-02	9.913503248787e-01	-1.221510644015e-01
-5.004563062231e-02	9.912446730568e-01	-1.221860589110e-01
-4.167947913629e-01	8.946209947091e-01	-1.610446451095e-01
-7.589860694938e-01	5.086018045632e-01	-4.065271832356e-01
-7.307412618021e-01	-3.394845932336e-03	-6.826460893618e-01
-5.826379914119e-01	-3.214522206621e-01	-7.464592693476e-01
-4.745664050506e-01	-5.141126676981e-01	-7.144752564713e-01
-4.981358393412e-01	-3.999805809750e-01	-7.693349208289e-01
-3.545934249916e-01	-9.341903170622e-02	-9.303420808863e-01
-9.129405643745e-02	4.563752366691e-02	-9.947776694783e-01
6.624545841263e-02	4.574737751967e-02	-9.967540903803e-01
3.476638249596e-01	-9.143006358090e-02	-9.331507961139e-01
4.680121755713e-01	-3.355452026091e-01	-8.175414488104e-01
4.265866651597e-01	-5.635048437151e-01	-7.074504280991e-01
5.543222542181e-01	-3.391316655893e-01	-7.600766749961e-01
7.271564578692e-01	4.321501480101e-02	-6.851101723627e-01
7.374826518484e-01	5.232933105331e-01	-4.269466586985e-01
4.276207610637e-01	8.819906586238e-01	-1.980731248998e-01
4.679126655584e-02	9.871983155781e-01	-1.524797137129e-01
-4.984400937071e-02	9.870422718456e-01	-1.525225502006e-01
-4.091237860433e-01	8.923486746656e-01	-1.906084219445e-01
-7.394157837603e-01	5.206850057088e-01	-4.267920144008e-01
-7.120502206006e-01	1.123900887667e-02	-7.020385801522e-01
-5.640519557320e-01	-3.073577031541e-01	-7.664050062119e-01
-4.516299882319e-01	-5.075630096979e-01	-7.337643660713e-01
-4.714338412992e-01	-4.089190774471e-01	-7.813675968312e-01
-3.327742925855e-01	-1.143103024482e-01	-9.360525759531e-01
-8.588367358064e-02	1.554184660256e-02	-9.961839416576e-01
6.196375630330e-02	1.542493233357e-02	-9.979591997508e-01
3.285157083837e-01	-1.149128441579e-01	-9.374819825430e-01
4.409069916214e-01	-3.440123148220e-01	-8.290093799169e-01
4.016243221494e-01	-5.597800758976e-01	-7.248062985972e-01
5.349323053554e-01	-3.256381711697e-01	-7.796199139096e-01
7.073824753481e-01	5.613954538878e-02	-7.045980308047e-01
7.174137501531e-01	5.339457462632e-01	-4.474588820649e-01
4.191574908087e-01	8.789858236983e-01	-2.273563714444e-01
4.690907028410e-02	9.820526137056e-01	-1.826806038938e-01
-4.856938293740e-02	9.819677297749e-01	-1.827030178237e-01
-4.002744473914e-01	8.896412550684e-01	-2.198153862811e-01
-7.191173153604e-01	5.324134358047e-01	-4.465492359454e-01
-6.926703453885e-01	2.585011666843e-02	-7.207909295264e-01
-5.447052803425e-01	-2.934061905457e-01	-7.856264792613e-01
-4.280660664994e-01	-5.008851278580e-01	-7.522456589455e-01
-4.442838924507e-01	-4.174899437431e-01	-7.926625825546e-01
-3.106396842632e-01	-1.350753014800e-01	-9.408813153055e-01
-8.029206908342e-02	-1.456069732430e-02	-9.966650238349e-01
5.774184664244e-02	-1.493778632033e-02	-9.982197862626e-01
3.095788363839e-01	-1.387160895087e-01	-9.407012227985e-01
4.133656337023e-01	-3.520751655726e-01	-8.397451581646e-01
3.758568309678e-01	-5.564232201177e-01	-7.410295828971e-01
5.141917486420e-01	-3.132129311620e-01	-7.984387925078e-01
6.865606565511e-01	6.762275140873e-02	-7.239210097573e-01
6.969748444729e-01	5.429325713045e-01	-4.684552157769e-01
4.100586848598e-01	8.752879445181e-01	-2.563647580156e-01
4.584838569298e-02	9.760431301334e-01	-2.126916398188e-01
-4.854523834493e-02	9.759035102614e-01	-2.127338677634e-01
-3.927829881056e-01	8.852223223083e-01	-2.492046635637e-01
-6.988357086105e-01	5.409954126102e-01	-4.679237287268e-01
-6.717219068162e-01	3.763714809047e-02	-7.398466901911e-01
-5.233121931926e-01	-2.817129353507e-01	-8.042276857408e-01
-4.026785510029e-01	-4.966124148233e-01	-7.689122797859e-01
-4.168962227243e-01	-4.277255698923e-01	-8.020276655693e-01
-2.915743072786e-01	-1.589870822405e-01	-9.432430922173e-01
-7.804119777564e-02	-4.531000357176e-02	-9.959199641668e-01
5.030929204348e-02	-4.466088833915e-02	-9.977346241295e-01
2.877157048204e-01	-1.601449488923e-01	-9.442315756974e-01
3.854930344006e-01	-3.599684528145e-01	-8.495986307704e-01
3.501961106462e-01	-5.516115136564e-01	-7.570253774412e-01
4.939007583202e-01	-2.990615989024e-01	-8.164705757054e-01
6.653868242895e-01	8.011725265037e-02	-7.421870383466e-01
6.758486577374e-01	5.515301419597e-01	-4.889203353763e-01
4.050044635664e-01	8.683450333662e-01	-2.862661131176e-01
5.325324798522e-02	9.686533598900e-01	-2.426412165169e-01

Hair-18
-5.540708843627e-02	9.984638462557e-01	-4.765829172646e-05
-4.445447732529e-01	8.947814141883e-01	-4.178714391763e-02
-8.287044372713e-01	4.604688731797e-01	-3.181467782006e-01
-8.005548245585e-01	-5.566816266781e-02	-5.966682734495e-01
-6.554158671644e-01	-3.678849402854e-01	-6.596140627521e-01
-5.650515346483e-01	-5.287790615993e-01	-6.333320355120e-01
-5.998480250148e-01	-3.581382405551e-01	-7.154853929592e-01
-4.288384273960e-01	9.020814822948e-05	-9.033812014045e-01
-1.042910581380e-01	1.666919494382e-01	-9.804780309548e-01
9.262767326111e-02	1.645326675795e-01	-9.820127878217e-01
4.273334327928e-01	-2.812497823478e-03	-9.040897229111e-01
5.727226812888e-01	-3.080415393763e-01	-7.596704156120e-01
5.190583989472e-01	-5.793964338573e-01	-6.283933090954e-01
6.237438288497e-01	-3.940223014851e-01	-6.750481922828e-01
7.978756097758e-01	-1.368319088643e-02	-6.026668081221e-01
8.118441490287e-01	4.716733838481e-01	-3.441413905029e-01
4.612662525321e-01	8.836144213910e-01	-8.036789523756e-02
5.149974093853e-02	9.982031666641e-01	-3.063029130005e-02
-4.851901502666e-02	9.983544852094e-01	-3.056512789194e-02
-4.335123281893e-01	8.983776654594e-01	-7.060192286043e-02
-8.122859944550e-01	4.735837806520e-01	-3.404553802125e-01
-7.843717145345e-01	-4.212268556250e-02	-6.188591865677e-01
-6.384110357445e-01	-3.562403177842e-01	-6.822933279937e-01
-5.432440640049e-01	-5.257127906543e-01	-6.546082406034e-01
-5.752620941860e-01	-3.695904784570e-01	-7.297098061741e-01
-4.106784801237e-01	-2.323160886341e-02	-9.114842172594e-01
-1.034780853888e-01	1.362117800634e-01	-9.852606948500e-01
8.464585347008e-02	1.353324737599e-01	-9.871778973601e-01
4.053632131040e-01	-2.271783577773e-02	-9.138733858689e-01
5.472280893692e-01	-3.141407639858e-01	-7.757944306372e-01
4.972258320354e-01	-5.750180456565e-01	-6.497081799748e-01
6.078991693984e-01	-3.797527883735e-01	-6.973137167497e-01
7.815451256734e-01	1.452124120473e-03	-6.238470228122e-01
7.941669701680e-01	4.859480629909e-01	-3.649017724944e-01
4.524772182746e-01	8.850030964376e-01	-1.096990712740e-01
4.909213832915e-02	9.969184668853e-01	-6.118441253582e-02
-5.001792114301e-02	9.968729159942e-01	-6.117676782638e-02
-4.291581639933e-01	8.975594156781e-01	-1.010463537468e-01
-7.957533763481e-01	4.838829718334e-01	-3.641892826544e-01
-7.665176181898e-01	-3.125907143715e-02	-6.414620888701e-01
-6.192428391837e-01	-3.468852980922e-01	-7.044209651105e-01
-5.198540706641e-01	-5.242956755791e-01	-6.744373875928e-01
-5.502509773357e-01	-3.820217422070e-01	-7.424845119073e-01
-3.930693119212e-01	-4.749224578172e-02	-9.182815486638e-01
-1.008806517876e-01	1.058974712096e-01	-9.892465919508e-01
7.800073472752e-02	1.056356739411e-01	-9.913410057962e-01
3.865024828933e-01	-4.569427406880e-02	-9.211557219247e-01
5.214069223188e-01	-3.226639948114e-01	-7.899511173550e-01
4.733849552697e-01	-5.731495964926e-01	-6.688843129904e-01
5.894630149444e-01	-3.683272579066e-01	-7.189355917575e-01
7.635493788046e-01	1.333819487072e-02	-6.456116779339e-01
7.765092616633e-01	4.969715046154e-01	-3.873663513412e-01
4.436770171115e-01	8.853357078907e-01	-1.390373648364e-01
4.721215520003e-02	9.946682827701e-01	-9.168434791486e-02
-5.173396235005e-02	9.944374313835e-01	-9.174852698020e-02
-4.239211756529e-01	8.961375717885e-01	-1.312565779763e-01
-7.790120681791e-01	4.917173047063e-01	-3.890427867004e-01
-7.472492501695e-01	-2.238316944160e-02	-6.641668102569e-01
-5.983567409303e-01	-3.390797900636e-01	-7.259435973640e-01
-4.952088490778e-01	-5.238037991499e-01	-6.931073335286e-01
-5.247340777710e-01	-3.946046420253e-01	-7.542819924391e-01
-3.749446819464e-01	-7.150902134691e-02	-9.242850996019e-01
-9.667311875914e-02	7.571500200752e-02	-9.924321370151e-01
7.316331693952e-02	7.554468495228e-02	-9.944546895811e-01
3.685631010403e-01	-6.979774273452e-02	-9.269787029165e-01
4.952370333873e-01	-3.324576872519e-01	-8.026282869105e-01
4.482274924153e-01	-5.724766804957e-01	-6.865584937438e-01
5.694287182080e-01	-3.582133780318e-01	-7.398879041308e-01
7.443357133205e-01	2.351052361504e-02	-6.673916400098e-01
7.585580649341e-01	5.059679004435e-01	-4.105924327655e-01
4.357892973507e-01	8.841165187838e-01	-1.685991385751e-01
4.772854914392e-02	9.913651662359e-01	-1.221355508059e-01
-5.053962750974e-02	9.912193925626e-01	-1.221878138730e-01
-4.165731851164e-01	8.947413789601e-01	-1.609492038453e-01
-7.604103690831e-01	5.032878572627e-01	-4.104599899171e-01
-7.288606854212e-01	-8.891836909087e-03	-6.846042918969e-01
-5.796497876282e-01	-3.264320520173e-01	-7.466245636988e-01
-4.722367700841e-01	-5.186356223740e-01	-7.127478685940e-01
-4.984693346402e-01	-4.035828174228e-01	-7.672347958118e-01
-3.537304389806e-01	-9.269674791043e-02	-9.307427622418e-01
-9.074726521886e-02	4.575560879968e-02	-9.948222746394e-01
6.944657220135e-02	4.519698361874e-02	-9.965612907801e-01
3.492909155969e-01	-9.299466213923e-02	-9.323882501914e-01
4.684738326958e-01	-3.402539350697e-01	-8.153278651861e-01
4.240886661437e-01	-5.685335598691e-01	-7.049243892440e-01
5.510804781606e-01	-3.442479352597e-01	-7.601339787562e-01
7.255654065003e-01	3.753654174565e-02	-6.871286989523e-01
7.389088786035e-01	5.180415256254e-01	-4.308673193090e-01
4.270316531926e-01	8.823194302199e-01	-1.978797367799e-01
4.690520596457e-02	9.871942869217e-01	-1.524707890795e-01
-4.967880964464e-02	9.870529455525e-01	-1.525073721119e-01
-4.089879784472e-01	8.924248024126e-01	-1.905434478655e-01
-7.406262885295e-01	5.161305827848e-01	-4.302114854966e-01
-7.104370312162e-01	6.463544153891e-03	-7.037310901713e-01
-5.613838689752e-01	-3.118276839501e-01	-7.665583129656e-01
-4.496890628907e-01	-5.114083613726e-01	-7.322849408766e-01
-4.717029376399e-01	-4.115514654287e-01	-7.798216013457e-01
-3.313489713169e-01	-1.129903708183e-01	-9.367182262076e-01
-8.566316401260e-02	1.558461793155e-02	-9.962022595915e-01
6.488867281241e-02	1.497166035817e-02	-9.977801909874e-01
3.288350421796e-01	-1.153460742972e-01	-9.373168077971e-01
4.412976831914e-01	-3.476639579297e-01	-8.272763305973e-01
3.996487710843e-01	-5.638060067591e-01	-7.227749625666e-01
5.323157432670e-01	-3.298136955781e-01	-7.796556135110e-01
7.060946730315e-01	5.150627102565e-02	-7.062417551813e-01
7.185781526739e-01	5.295973308130e-01	-4.507461654806e-01
4.185336972686e-01	8.793323185901e-01	-2.271656174108e-01
4.624274773634e-02	9.820877277958e-01	-1.826617179234e-01
-4.881205951476e-02	9.819584977350e-01	-1.826879623071e-01
-4.005509235293e-01	8.895129656567e-01	-2.198309386517e-01
-7.205567847101e-01	5.269805548545e-01	-4.506544294839e-01
-6.907484833096e-01	2.008537215519e-02	-7.228160973795e-01
-5.414967960010e-01	-2.987465134623e-01	-7.858318780851e-01
-4.256559341448e-01	-5.057406384529e-01	-7.503622007701e-01
-4.446361610656e-01	-4.210360034267e-01	-7.905867239534e-01
-3.112226702925e-01	-1.357472844231e-01	-9.405919010218e-01
-8.214579150752e-02	-1.486230595203e-02	-9.965094985997e-01
5.857637871003e-02	-1.503897051257e-02	-9.981696435091e-01
3.087572398080e-01	-1.381375956397e-01	-9.410563062522e-01
4.137384325935e-01	-3.553918897550e-01	-8.381629400608e-01
3.742338204900e-01	-5.596874165948e-01	-7.393909948782e-01
5.121456259063e-01	-3.164885630708e-01	-7.984621765058e-01
6.855409977046e-01	6.395978807703e-02	-7.252190606812e-01
6.979475712115e-01	5.393053222447e-01	-4.711888763951e-01
4.084896510616e-01	8.761538591627e-01	-2.559113519362e-01
4.472403208200e-02	9.761017110629e-01	-2.126621983673e-01
-4.955818443094e-02	9.758516035641e-01	-2.127384172576e-01
-3.933606423650e-01	8.849378360788e-01	-2.493038935003e-01
-7.008059977463e-01	5.336635224297e-01	-4.733647624725e-01
-6.691717844246e-01	3.012181257667e-02	-7.424970029146e-01
-5.190847453572e-01	-2.887477428951e-01	-8.044723538509e-01
-3.992226786342e-01	-5.034668392794e-01	-7.662521742939e-01
-4.174314408934e-01	-4.338750557507e-01	-7.984381179221e-01
-2.938386563111e-01	-1.614241977604e-01	-9.421258262221e-01
-8.125518626538e-02	-4.582537607068e-02	-9.956393069847e-01
4.968189316126e-02	-4.459300691724e-02	-9.977690981515e-01
2.870329909575e-01	-1.595752824486e-01	-9.445357543965e-01
3.856975222600e-01	-3.615767659272e-01	-8.488225159974e-01
3.491386131579e-01	-5.537394630628e-01	-7.559595464369e-01
4.922660830235e-01	-3.016421666737e-01	-8.165084854361e-01
6.646395783789e-01	7.738290389516e-02	-7.431460940064e-01
6.766260260037e-01	5.486340099083e-01	-4.910987111635e-01
4.024405491848e-01	8.697544008708e-01	-2.856026724975e-01
5.209618891020e-02	9.687395340989e-01	-2.425483501797e-01

Hair-19
-6.268412865722e-02	9.980334101053e-01	-1.110315774653e-04
-4.501979019498e-01	8.918881082513e-01	-4.309816051658e-02
-8.292946124285e-01	4.582573852336e-01	-3.197977715307e-01
-7.996641851453e-01	-5.828324023178e-02	-5.976121274740e-01
-6.538598820800e-01	-3.704616482439e-01	-6.597161675955e-01
-5.635411135816e-01	-5.317446798285e-01	-6.321938063421e-01
-6.002108548890e-01	-3.616706572182e-01	-7.134011952476e-01
-4.328822427818e-01	-3.994259468325e-03	-9.014416286014e-01
-1.084610268909e-01	1.660255943124e-01	-9.801386165635e-01
8.659000122671e-02	1.656013627919e-01	-9.823840187671e-01
4.241801093491e-01	1.694202793105e-04	-9.055778299679e-01
5.722056589333e-01	-3.026696168398e-01	-7.622150529390e-01
5.214212380894e-01	-5.746714913075e-01	-6.307714083150e-01
6.263119697239e-01	-3.899488526136e-01	-6.750357093710e-01
7.991838222850e-01	-9.125385711308e-03	-6.010174253161e-01
8.107305384938e-01	4.757890385363e-01	-3.410876496772e-01
4.606357626205e-01	8.839613294986e-01	-8.016895999065e-02
5.074571627413e-02	9.982430137876e-01	-3.059015698110e-02
-4.983802084329e-02	9.982881742347e-01	-3.060870565126e-02
-4.342591925791e-01	8.979997098048e-01	-7.082001730412e-02
-8.117794503938e-01	4.755006374326e-01	-3.389885952647e-01
-7.850764869932e-01	-4.003672123874e-02	-6.181035273503e-01
-6.395999280192e-01	-3.542505000448e-01	-6.822158861356e-01
-5.441455067383e-01	-5.239583443142e-01	-6.552658398849e-01
-5.751683526774e-01	-3.686758361291e-01	-7.302461872087e-01
-4.124880938636e-01	-2.500092457754e-02	-9.106198582235e-01
-1.035152925994e-01	1.362453778384e-01	-9.852521409344e-01
8.210039374886e-02	1.357086138005e-01	-9.873412264697e-01
4.059868237845e-01	-2.310785188202e-02	-9.135867370397e-01
5.469139810963e-01	-3.113758356261e-01	-7.771294527102e-01
4.986519283531e-01	-5.721640450214e-01	-6.511332889160e-01
6.097442283236e-01	-3.768164653853e-01	-6.972957245248e-01
7.825022691397e-01	4.800001323711e-03	-6.226292305847e-01
7.933533160083e-01	4.889661700497e-01	-3.626328729246e-01
4.522727277803e-01	8.851156929646e-01	-1.096338897146e-01
5.000758973031e-02	9.968742847234e-01	-6.116290891266e-02
-4.986454424707e-02	9.968795723941e-01	-6.119350758434e-02
-4.287446056740e-01	8.977638214017e-01	-1.009860588782e-01
-7.946842359408e-01	4.879026973515e-01	-3.611480625234e-01
-7.680242869091e-01	-2.678674290652e-02	-6.398602699983e-01
-6.217150096269e-01	-3.428003520692e-01	-7.042431152847e-01
-5.218182602031e-01	-5.203889407769e-01	-6.759445640256e-01
-5.499701470156e-01	-3.791300790543e-01	-7.441728431944e-01
-3.925666085554e-01	-4.689751272710e-02	-9.185271259725e-01
-9.799475837882e-02	1.064281679474e-01	-9.894796978198e-01
7.835059391146e-02	1.055360629088e-01	-9.913240256644e-01
3.878027896757e-01	-4.673419815622e-02	-9.205568483491e-01
5.211234262468e-01	-3.200962497045e-01	-7.911818789267e-01
4.748544569004e-01	-5.702406296342e-01	-6.703274342261e-01
5.914140203335e-01	-3.652424798641e-01	-7.189070784571e-01
7.645813933389e-01	1.695232746328e-02	-6.443042073070e-01
7.755990956349e-01	5.003443224070e-01	-3.848397093407e-01
4.444056748249e-01	8.849395172610e-01	-1.392323488751e-01
4.801063277160e-02	9.946299780518e-01	-9.168525454755e-02
-5.110332711088e-02	9.944710334622e-01	-9.173774339237e-02
-4.241147132575e-01	8.960358405383e-01	-1.313258636723e-01
-7.776802202538e-01	4.967082103384e-01	-3.853497486808e-01
-7.490684724666e-01	-1.710869506922e-02	-6.622716331759e-01
-6.012298532050e-01	-3.343316528076e-01	-7.257720093432e-01
-4.975125787955e-01	-5.193108755647e-01	-6.948362745715e-01
-5.244175874340e-01	-3.909995464429e-01	-7.563765918320e-01
-3.745072801460e-01	-7.093708168473e-02	-9.245064778354e-01
-9.502265504768e-02	7.601905061589e-02	-9.925682842864e-01
7.233293393820e-02	7.568634816399e-02	-9.945046623166e-01
3.682907114752e-01	-6.942903530966e-02	-9.271146428016e-01
4.948042349626e-01	-3.280725611517e-01	-8.046969390289e-01
4.503007868581e-01	-5.684045012212e-01	-6.885822567758e-01
5.718585726908e-01	-3.543705479320e-01	-7.398643710832e-01
7.456371458114e-01	2.797425800892e-02	-6.657647389845e-01
7.573763420977e-01	5.102868771216e-01	-4.074167147630e-01
4.366595180813e-01	8.836422448062e-01	-1.688337894583e-01
4.760616214891e-02	9.913719064701e-01	-1.221286059335e-01
-5.064791946187e-02	9.912145175488e-01	-1.221825210689e-01
-4.173061621930e-01	8.943655852733e-01	-1.611389675853e-01
-7.594190884996e-01	5.070062212533e-01	-4.077098718855e-01
-7.301845527477e-01	-5.098628974102e-03	-6.832309440528e-01
-5.816867935759e-01	-3.230549085719e-01	-7.465092097402e-01
-4.737986810944e-01	-5.156181471058e-01	-7.138996681386e-01
-4.982519216518e-01	-4.012256153137e-01	-7.686111033458e-01
-3.552651349473e-01	-9.407248728616e-02	-9.300199196935e-01
-9.200195947452e-02	4.551014920001e-02	-9.947182846277e-01
6.598257398816e-02	4.582030671459e-02	-9.967681773725e-01
3.474090908006e-01	-9.120618191499e-02	-9.332675693549e-01
4.680198417704e-01	-3.354738608704e-01	-8.175663376032e-01
4.263599831507e-01	-5.639954815537e-01	-7.071960559525e-01
5.537502002277e-01	-3.400484781676e-01	-7.600840402506e-01
7.268977683035e-01	4.220987361450e-02	-6.854472707691e-01
7.377369294244e-01	5.223838660109e-01	-4.276205321250e-01
4.275938779250e-01	8.820110769869e-01	-1.980402374102e-01
4.697091371907e-02	9.871924542817e-01	-1.524624264326e-01
-4.996390761071e-02	9.870380300177e-01	-1.525107708824e-01
-4.086480698330e-01	8.925965776895e-01	-1.904681194288e-01
-7.396980295854e-01	5.196578547146e-01	-4.275541358247e-01
-7.117633314760e-01	1.031119473487e-02	-7.023436760087e-01
-5.635469056808e-01	-3.082322925536e-01	-7.664252989853e-01
-4.512227371243e-01	-5.083930361504e-01	-7.334402240781e-01
-4.715133410700e-01	-4.095668181239e-01	-7.809802754775e-01
-3.327687085585e-01	-1.143116104117e-01	-9.360544013728e-01
-8.633819029267e-02	1.547761920433e-02	-9.961456521015e-01
6.196446529280e-02	1.545000563794e-02	-9.979587678691e-01
3.283996600873e-01	-1.148089122305e-01	-9.375353736937e-01
4.409393121223e-01	-3.441788022365e-01	-8.289230815438e-01
4.013510867525e-01	-5.603712462698e-01	-7.245007739931e-01
5.343922843981e-01	-3.265202123985e-01	-7.796213422367e-01
7.071327434274e-01	5.514699994231e-02	-7.049270115197e-01
7.176860803232e-01	5.329566575410e-01	-4.482007265646e-01
4.188078688381e-01	8.791846539782e-01	-2.272318490186e-01
4.732135232372e-02	9.820373638557e-01	-1.826562498400e-01
-4.845227107930e-02	9.819762004491e-01	-1.826885852449e-01
-3.996163835921e-01	8.899819993516e-01	-2.196333007422e-01
-7.192693741972e-01	5.318759718883e-01	-4.469446474339e-01
-6.925873526018e-01	2.550539267944e-02	-7.208829544110e-01
-5.445516276246e-01	-2.937057498032e-01	-7.856210647532e-01
-4.280748322065e-01	-5.009100254404e-01	-7.522240919066e-01
-4.442680129317e-01	-4.170764512496e-01	-7.928891262331e-01
-3.099100531794e-01	-1.343332910521e-01	-9.412280944880e-01
-7.993821890836e-02	-1.447515474543e-02	-9.966947130656e-01
5.836485681055e-02	-1.504475333598e-02	-9.981819467845e-01
3.104236629975e-01	-1.394121753956e-01	-9.403198364401e-01
4.134638744901e-01	-3.529436725434e-01	-8.393321085859e-01
3.755203988549e-01	-5.571430293308e-01	-7.406592164498e-01
5.138061652606e-01	-3.138639776142e-01	-7.984313546551e-01
6.863815845996e-01	6.689689598798e-02	-7.241582186440e-01
6.971920534040e-01	5.421626259605e-01	-4.690233764770e-01
4.100399162097e-01	8.753075505550e-01	-2.563278351178e-01
4.616820006837e-02	9.760330818228e-01	-2.126685695865e-01
-4.845770647897e-02	9.759132163915e-01	-2.127092963536e-01
-3.926586225729e-01	8.852941138360e-01	-2.491456163100e-01
-6.990741540170e-01	5.401609844795e-01	-4.685311494784e-01
-6.714850169218e-01	3.683847793333e-02	-7.401018839275e-01
-5.228840778819e-01	-2.824660514617e-01	-8.042419852689e-01
-4.023965084754e-01	-4.972152268564e-01	-7.686703247485e-01
-4.169380935465e-01	-4.278581469516e-01	-8.019351795731e-01
-2.916273807003e-01	-1.590026607944e-01	-9.432240585811e-01
-7.747983040217e-02	-4.517012111559e-02	-9.959701481667e-01
5.114124704256e-02	-4.480470044183e-02	-9.976858782549e-01
2.882921027131e-01	-1.606206165764e-01	-9.439749366608e-01
3.856390515091e-01	-3.611398243942e-01	-8.490350694687e-01
3.493785283845e-01	-5.532514722967e-01	-7.562059589195e-01
4.926815891707e-01	-3.010219313174e-01	-8.164867718207e-01
6.648126871639e-01	7.796259857141e-02	-7.429306321656e-01
6.763697890992e-01	5.496118494945e-01	-4.903577503100e-01
4.067173828879e-01	8.674012006572e-01	-2.866986703059e-01
5.571907375454e-02	9.685219519379e-01	-2.426120636620e-01

Hair-20
-6.201012976226e-02	9.980755067864e-01	-1.629724799785e-04
-4.501309793315e-01	8.919234632964e-01	-4.306549741243e-02
-8.293059518342e-01	4.581978803175e-01	-3.198536239046e-01
-7.996273689133e-01	-5.838472956784e-02	-5.976514822520e-01
-6.537591519750e-01	-3.706152760443e-01	-6.597297085713e-01
-5.636252563888e-01	-5.316205567837e-01	-6.322231836667e-01
-6.001055333586e-01	-3.606626927816e-01	-7.139998395434e-01
-4.315015675143e-01	-2.633018682882e-03	-9.021083440725e-01
-1.079435973808e-01	1.661013813678e-01	-9.801828966536e-01
8.865537759882e-02	1.652460327593e-01	-9.822596259035e-01
4.242787272401e-01	9.416751362471e-07	-9.055316458361e-01
5.723309967549e-01	-3.038652143364e-01	-7.616450365293e-01
5.209441864544e-01	-5.756081591124e-01	-6.303113530333e-01
6.258319374101e-01	-3.907002160424e-01	-6.750464630690e-01
7.989380905904e-01	-9.991142228551e-03	-6.013302790320e-01
8.109274970144e-01	4.750355634258e-01	-3.416691500073e-01
4.602619564307e-01	8.841636211921e-01	-8.008509488719e-02
5.045844046459e-02	9.982570897897e-01	-3.060602016570e-02
-4.966943047769e-02	9.982971806426e-01	-3.058899797413e-02
-4.344699013656e-01	8.978942787829e-01	-7.086444056296e-02
-8.119917568719e-01	4.746923061409e-01	-3.396124280156e-01
-7.847637571057e-01	-4.093280196468e-02	-6.184418737898e-01
-6.389899573257e-01	-3.552946596621e-01	-6.822444864215e-01
-5.437450822315e-01	-5.247276049109e-01	-6.549826151842e-01
-5.751789047248e-01	-3.688362079382e-01	-7.301568867533e-01
-4.106519797922e-01	-2.321289630587e-02	-9.114966335307e-01
-1.041013739434e-01	1.361111108668e-01	-9.852089470979e-01
8.361099214434e-02	1.354831631827e-01	-9.872454175567e-01
4.045593848761e-01	-2.195201096776e-02	-9.142482230353e-01
5.469934038228e-01	-3.119820110299e-01	-7.768303810795e-01
4.984544776253e-01	-5.725390220977e-01	-6.509548386107e-01
6.095119734635e-01	-3.771848568712e-01	-6.972996041529e-01
7.823938121075e-01	4.434895804814e-03	-6.227682189026e-01
7.934324732376e-01	4.886348479739e-01	-3.629061803795e-01
4.512006762030e-01	8.856956188626e-01	-1.093673649754e-01
4.842050772201e-02	9.969522075563e-01	-6.116984780485e-02
-5.099085570824e-02	9.968219417733e-01	-6.120415862911e-02
-4.297019677861e-01	8.972823912197e-01	-1.011955003334e-01
-7.952870345423e-01	4.856229559306e-01	-3.628896214583e-01
-7.671616386053e-01	-2.933787343962e-02	-6.407825757887e-01
-6.202450965735e-01	-3.452235739508e-01	-7.043555239828e-01
-5.207680659570e-01	-5.224582140772e-01	-6.751577860195e-01
-5.500703537465e-01	-3.802588899723e-01	-7.435225501128e-01
-3.921520561211e-01	-4.655403466001e-02	-9.187216590115e-01
-9.992694650860e-02	1.060459937483e-01	-9.893274748896e-01
7.858959973746e-02	1.055256877860e-01	-9.913062110319e-01
3.865542175957e-01	-4.573606314186e-02	-9.211319391853e-01
5.212576392652e-01	-3.212966281971e-01	-7.906066975537e-01
4.744184017504e-01	-5.710715092860e-01	-6.699287360327e-01
5.910332083673e-01	-3.658316616484e-01	-7.189206784776e-01
7.643912821830e-01	1.630372696021e-02	-6.445464732739e-01
7.757678927955e-01	4.996736655731e-01	-3.853704768666e-01
4.431416805198e-01	8.856225759372e-01	-1.389176157886e-01
4.672462062390e-02	9.946910733941e-01	-9.168684931642e-02
-5.221689170788e-02	9.944108785738e-01	-9.176274186424e-02
-4.246566964913e-01	8.957609585310e-01	-1.314495922273e-01
-7.783964304198e-01	4.939764252191e-01	-3.874097164986e-01
-7.480795156026e-01	-1.997940553294e-02	-6.633082704824e-01
-5.996163719665e-01	-3.369642791705e-01	-7.258893035670e-01
-4.962470636688e-01	-5.217484760941e-01	-6.939145332774e-01
-5.245673878031e-01	-3.928342077362e-01	-7.553213494174e-01
-3.742381236026e-01	-7.077790974804e-02	-9.246276625399e-01
-9.598156728288e-02	7.582333947291e-02	-9.924909873309e-01
7.335900281354e-02	7.550181769566e-02	-9.944435289301e-01
3.681795821645e-01	-6.945527485632e-02	-9.271568152539e-01
4.950588350854e-01	-3.307236599299e-01	-8.034541745280e-01
4.492827399483e-01	-5.703603818082e-01	-6.876293001670e-01
5.709111134690e-01	-3.558470991127e-01	-7.398873850598e-01
7.451403533825e-01	2.628632564004e-02	-6.663894378254e-01
7.578247916919e-01	5.085966834260e-01	-4.086942606708e-01
4.359175940844e-01	8.840428615096e-01	-1.686536989857e-01
4.726388564190e-02	9.913862221776e-01	-1.221453379810e-01
-5.087525403322e-02	9.912007402771e-01	-1.221998404301e-01
-4.172800092609e-01	8.943769436038e-01	-1.611436521278e-01
-7.597986765343e-01	5.055331367692e-01	-4.088303055853e-01
-7.296786564134e-01	-6.520865982449e-03	-6.837591218270e-01
-5.808524762036e-01	-3.244074196690e-01	-7.465723186349e-01
-4.731256382756e-01	-5.168890286232e-01	-7.134268445294e-01
-4.983530588008e-01	-4.024244496102e-01	-7.679184794885e-01
-3.536947387398e-01	-9.265829515144e-02	-9.307601582188e-01
-9.113566040134e-02	4.567345679746e-02	-9.947905441586e-01
6.851884805045e-02	4.534286638989e-02	-9.966188799784e-01
3.483065470511e-01	-9.209784241613e-02	-9.328453980717e-01
4.682518041249e-01	-3.380731137170e-01	-8.163619403889e-01
4.251709962568e-01	-5.663292735247e-01	-7.060458752029e-01
5.524145274537e-01	-3.421162953479e-01	-7.601280354753e-01
7.262516480486e-01	3.995334945412e-02	-6.862669113210e-01
7.382797715637e-01	5.203078229637e-01	-4.292117755404e-01
4.273166216232e-01	8.821585784528e-01	-1.979816843718e-01
4.704206827011e-02	9.871852241050e-01	-1.524873015091e-01
-4.963074384039e-02	9.870531556287e-01	-1.525216615082e-01
-4.084001084532e-01	8.927196510809e-01	-1.904231498253e-01
-7.399741978232e-01	5.185536937017e-01	-4.284159816162e-01
-7.113657662879e-01	9.205994242260e-03	-7.027616923421e-01
-5.628244380585e-01	-3.094136819610e-01	-7.664801532587e-01
-4.507757184243e-01	-5.092227466230e-01	-7.331394451267e-01
-4.715208510360e-01	-4.098338038982e-01	-7.808356678717e-01
-3.309155733114e-01	-1.125596133548e-01	-9.369232715551e-01
-8.598564014196e-02	1.551823735796e-02	-9.961755136514e-01
6.397043712318e-02	1.509807294575e-02	-9.978375776486e-01
3.277524141681e-01	-1.143532213413e-01	-9.378175173113e-01
4.410284963393e-01	-3.451826174410e-01	-8.284581015557e-01
4.009542892098e-01	-5.611331838599e-01	-7.241306566743e-01
5.340115396071e-01	-3.270921930020e-01	-7.796424647513e-01
7.069475151925e-01	5.454089439773e-02	-7.051599120777e-01
7.178404327900e-01	5.322852583799e-01	-4.487510632448e-01
4.174642568824e-01	8.799089929465e-01	-2.269003269222e-01
4.588472851538e-02	9.821031032418e-01	-1.826693359374e-01
-4.953475917668e-02	9.819159967092e-01	-1.827218734578e-01
-4.004890561074e-01	8.895386999240e-01	-2.198395261905e-01
-7.199474177153e-01	5.292393413332e-01	-4.489782125118e-01
-6.916172050586e-01	2.267689457251e-02	-7.219081659876e-01
-5.428926753157e-01	-2.964084309114e-01	-7.857541505924e-01
-4.268205923044e-01	-5.033597852431e-01	-7.513009440863e-01
-4.444020196957e-01	-4.187482624340e-01	-7.919322809426e-01
-3.099926833499e-01	-1.345120823464e-01	-9.411753481538e-01
-8.175034345115e-02	-1.481457435100e-02	-9.965427285031e-01
5.840839204263e-02	-1.503842063814e-02	-9.981794957039e-01
3.086052940067e-01	-1.379840097077e-01	-9.411286764179e-01
4.135282589669e-01	-3.535634901240e-01	-8.390394731400e-01
3.753679643474e-01	-5.573821799231e-01	-7.405565453400e-01
5.137687936031e-01	-3.138853395195e-01	-7.984470053512e-01
6.863597607251e-01	6.688692521687e-02	-7.241798244168e-01
6.972347743428e-01	5.418903072973e-01	-4.692745084748e-01
4.080681705892e-01	8.763707128907e-01	-2.558412432336e-01
4.428178754913e-02	9.761189919094e-01	-2.126754262371e-01
-5.013870118606e-02	9.758171655903e-01	-2.127603581090e-01
-3.934793664542e-01	8.848723869156e-01	-2.493488460955e-01
-6.998880898661e-01	5.370091616256e-01	-4.709329272770e-01
-6.703979049413e-01	3.369030072982e-02	-7.412365430057e-01
-5.210328694559e-01	-2.854526178996e-01	-8.043889307299e-01
-4.009502043925e-01	-4.999845479992e-01	-7.676290675578e-01
-4.171064819990e-01	-4.301400202851e-01	-8.006258462125e-01
-2.913456658313e-01	-1.588889433652e-01	-9.433302744414e-01
-7.835507438869e-02	-4.531593614489e-02	-9.958950488123e-01
5.216467521433e-02	-4.503139924375e-02	-9.976226840554e-01
2.884638595802e-01	-1.608942932101e-01	-9.438758541930e-01
3.857676004195e-01	-3.625793660820e-01	-8.483628715109e-01
3.485679090448e-01	-5.548305974414e-01	-7.554226770008e-01
4.915669841782e-01	-3.027168749731e-01	-8.165319305896e-01
6.642898555042e-01	7.622050156295e-02	-7.435787940869e-01
6.768498456956e-01	5.477230793169e-01	-4.918065826780e-01
4.066502302501e-01	8.674157659587e-01	-2.867498547582e-01
5.645617450837e-02	9.684568090317e-01	-2.427016880865e-01

Hair-21
-6.569193626243e-02	9.978399409479e-01	-1.475097368666e-04
-4.527929692635e-01	8.905430895523e-01	-4.372107770992e-02
-8.301261086100e-01	4.550108775656e-01	-3.222665745945e-01
-7.983848506712e-01	-6.199495920181e-02	-5.989476231293e-01
-6.518797055470e-01	-3.737452610684e-01	-6.598237107932e-01
-5.622090850977e-01	-5.343978625014e-01	-6.311417187824e-01
-6.003085231348e-01	-3.627316906362e-01	-7.127800485843e-01
-4.326602130514e-01	-3.789780347186e-03	-9.015490988333e-01
-1.083564660921e-01	1.659971073026e-01	-9.801550064266e-01
8.722784375105e-02	1.655135187232e-01	-9.823423936665e-01
4.247092300986e-01	-4.173837658547e-04	-9.053297165452e-01
5.723085844108e-01	-3.043925263689e-01	-7.614512946345e-01
5.196257368961e-01	-5.783323389485e-01	-6.289044436808e-01
6.229845474978e-01	-3.951173604636e-01	-6.751092689626e-01
7.975386695170e-01	-1.494414059859e-02	-6.030827002052e-01
8.120503540882e-01	4.708328593880e-01	-3.448052217494e-01
4.635476871247e-01	8.823701580651e-01	-8.091011010696e-02
5.313680083988e-02	9.981170936114e-01	-3.063899210699e-02
-4.759368972611e-02	9.983975062920e-01	-3.061470444270e-02
-4.327444257338e-01	8.987568460520e-01	-7.048683331572e-02
-8.120412261272e-01	4.745078762147e-01	-3.397518542703e-01
-7.846514275061e-01	-4.128328746368e-02	-6.185610943866e-01
-6.390867737654e-01	-3.550726093913e-01	-6.822694025516e-01
-5.439361054615e-01	-5.243021378776e-01	-6.551646979137e-01
-5.750910066097e-01	-3.680293598140e-01	-7.306330983685e-01
-4.113008766089e-01	-2.380174941704e-02	-9.111888199629e-01
-1.028099545924e-01	1.363299736498e-01	-9.853142907323e-01
8.321887595442e-02	1.355047919526e-01	-9.872755795839e-01
4.061940523787e-01	-2.340498028164e-02	-9.134870544842e-01
5.470082469104e-01	-3.128039407910e-01	-7.764893253855e-01
4.973243921244e-01	-5.748985508035e-01	-6.497384899189e-01
6.075658200852e-01	-3.801974655064e-01	-6.973619300526e-01
7.814414899616e-01	1.038199427431e-03	-6.239776597832e-01
7.941977948166e-01	4.858234663570e-01	-3.650005784177e-01
4.532852498409e-01	8.845659769891e-01	-1.098886465022e-01
5.087913754012e-02	9.968298279011e-01	-6.116868128169e-02
-4.911705412909e-02	9.969172641261e-01	-6.118401327913e-02
-4.291297379376e-01	8.975675343314e-01	-1.010949520594e-01
-7.952913120937e-01	4.856086335303e-01	-3.628994129909e-01
-7.670965474196e-01	-2.953414611175e-02	-6.408514813514e-01
-6.202373358783e-01	-3.452193132129e-01	-7.043644461267e-01
-5.208591215101e-01	-5.222702129163e-01	-6.752329970018e-01
-5.500196577085e-01	-3.798034957702e-01	-7.437927673317e-01
-3.926086727993e-01	-4.696462672971e-02	-9.185057179348e-01
-9.833627098546e-02	1.063479964433e-01	-9.894544362734e-01
7.757967133474e-02	1.056779519963e-01	-9.913695401098e-01
3.863443880188e-01	-4.550426926241e-02	-9.212314450372e-01
5.210345727996e-01	-3.192564124193e-01	-7.915796340714e-01
4.750209229842e-01	-5.698783288812e-01	-6.705175709844e-01
5.915101581792e-01	-3.650624039849e-01	-7.189194488728e-01
7.646144452670e-01	1.709586427486e-02	-6.442611904451e-01
7.755388442661e-01	5.005173462710e-01	-3.847361266067e-01
4.428174182561e-01	8.857975794639e-01	-1.388358105997e-01
4.622768921645e-02	9.947141156548e-01	-9.168876085355e-02
-5.297140861256e-02	9.943697633370e-01	-9.177583358718e-02
-4.262671382812e-01	8.949410369723e-01	-1.318213456331e-01
-7.784899608700e-01	4.935983780743e-01	-3.877035233101e-01
-7.478576369119e-01	-2.066995426684e-02	-6.635372694154e-01
-5.991605387978e-01	-3.376977994469e-01	-7.259248204850e-01
-4.958102967646e-01	-5.225515510358e-01	-6.936223944859e-01
-5.246030794806e-01	-3.934855269935e-01	-7.549574485003e-01
-3.759164343713e-01	-7.254613417315e-02	-9.238094461447e-01
-9.903789854888e-02	7.526272629952e-02	-9.922333478981e-01
6.784085096823e-02	7.650021796524e-02	-9.947589334061e-01
3.664981697371e-01	-6.769756016442e-02	-9.279526560807e-01
4.945707705309e-01	-3.257534234564e-01	-8.057818935934e-01
4.511424478543e-01	-5.666574427846e-01	-6.894706913864e-01
5.726939726749e-01	-3.530559938383e-01	-7.398466590292e-01
7.460125067953e-01	2.936825052515e-02	-6.652840337526e-01
7.570348029583e-01	5.115150101463e-01	-4.065103953221e-01
4.342521987726e-01	8.849372015566e-01	-1.682592558002e-01
4.458087103904e-02	9.915146720759e-01	-1.221114286035e-01
-5.371215705700e-02	9.910485590308e-01	-1.222201203862e-01
-4.200521678872e-01	8.929644875603e-01	-1.617732988149e-01
-7.602509194406e-01	5.037680194853e-01	-4.101662126913e-01
-7.288763676437e-01	-8.884186963307e-03	-6.845876948299e-01
-5.796180097264e-01	-3.264754642091e-01	-7.466302525817e-01
-4.723141449569e-01	-5.184795951832e-01	-7.128101134610e-01
-4.983371495785e-01	-4.028495433881e-01	-7.677058881772e-01
-3.554954819380e-01	-9.440245489189e-02	-9.298984561940e-01
-9.256706236850e-02	4.538414514727e-02	-9.946716133145e-01
6.550604655665e-02	4.587741486558e-02	-9.967969806685e-01
3.466057744755e-01	-9.054175710549e-02	-9.336308838725e-01
4.680431428975e-01	-3.359016775042e-01	-8.173773176670e-01
4.259089597675e-01	-5.648669150188e-01	-7.067721884079e-01
5.529877354177e-01	-3.411998995763e-01	-7.601231433174e-01
7.265201172208e-01	4.090149134909e-02	-6.859268089810e-01
7.380387409848e-01	5.212114274921e-01	-4.285294209938e-01
4.273735280780e-01	8.821263509646e-01	-1.980024455201e-01
4.671494548562e-02	9.872020562444e-01	-1.524788969499e-01
-5.023724003650e-02	9.870205585413e-01	-1.525340510518e-01
-4.088589756501e-01	8.924869065384e-01	-1.905294194815e-01
-7.399534851968e-01	5.186336069234e-01	-4.283550180805e-01
-7.113618892232e-01	9.169178817330e-03	-7.027660981583e-01
-5.628982992209e-01	-3.092651567851e-01	-7.664858560553e-01
-4.507313807382e-01	-5.093066160522e-01	-7.331084457727e-01
-4.715460494717e-01	-4.101759797021e-01	-7.806407553434e-01
-3.325802613673e-01	-1.142167291775e-01	-9.361329545128e-01
-8.722529387656e-02	1.529669731478e-02	-9.960711616945e-01
6.132664612839e-02	1.553275572304e-02	-9.979968817458e-01
3.275373640261e-01	-1.141102484281e-01	-9.379222389785e-01
4.409341288045e-01	-3.444107590948e-01	-8.288294897476e-01
4.006621482641e-01	-5.617407537734e-01	-7.238212268913e-01
5.330108229057e-01	-3.286439641245e-01	-7.796746805623e-01
7.064592426645e-01	5.278974234595e-02	-7.057822479752e-01
7.182098287918e-01	5.309523204546e-01	-4.497380073229e-01
4.196935718482e-01	8.786991320847e-01	-2.274755833555e-01
4.805137319270e-02	9.819956474754e-01	-1.826899391693e-01
-4.771946337578e-02	9.820083395066e-01	-1.827087134066e-01
-3.990552377723e-01	8.902580050605e-01	-2.195349667642e-01
-7.194002709852e-01	5.313179639035e-01	-4.473974422589e-01
-6.923306080120e-01	2.478091623992e-02	-7.211547929536e-01
-5.441677394528e-01	-2.942760041194e-01	-7.856736630042e-01
-4.280839555059e-01	-5.007927878266e-01	-7.522969564602e-01
-4.441206159942e-01	-4.159751768921e-01	-7.935499547341e-01
-3.080913480305e-01	-1.324999118356e-01	-9.420846536444e-01
-7.795583006209e-02	-1.421085887897e-02	-9.968555261668e-01
6.059698769530e-02	-1.551854525996e-02	-9.980416723941e-01
3.121322982623e-01	-1.410948421331e-01	-9.395028865868e-01
4.137512723093e-01	-3.565173521954e-01	-8.376784957524e-01
3.739143682685e-01	-5.603660291804e-01	-7.390385365750e-01
5.118798935201e-01	-3.168289519798e-01	-7.984975828374e-01
6.854592029056e-01	6.369183667234e-02	-7.253199508447e-01
6.979248316764e-01	5.393610394073e-01	-4.711587826826e-01
4.110324514736e-01	8.747608959023e-01	-2.566041676120e-01
4.754414214071e-02	9.759615174847e-01	-2.126938432045e-01
-4.720835722121e-02	9.759741141561e-01	-2.127108354213e-01
-3.922316583150e-01	8.855021949119e-01	-2.490786803836e-01
-6.993618308147e-01	5.389917619903e-01	-4.694474519114e-01
-6.709942341300e-01	3.544662785431e-02	-7.406147948414e-01
-5.220542599904e-01	-2.837687501835e-01	-8.043224764018e-01
-4.017626610148e-01	-4.983793618777e-01	-7.682478609594e-01
-4.169732499964e-01	-4.285382129785e-01	-8.015536842936e-01
-2.913884050612e-01	-1.588929860570e-01	-9.433163925098e-01
-7.743716753839e-02	-4.519041618682e-02	-9.959725454893e-01
5.044379202195e-02	-4.475302304222e-02	-9.977237046272e-01
2.867120099866e-01	-1.592258202742e-01	-9.446922046293e-01
3.854362046487e-01	-3.595172050922e-01	-8.498154572545e-01
3.494215367163e-01	-5.530860315923e-01	-7.563071012071e-01
4.921061676708e-01	-3.018802774288e-01	-8.165168815400e-01
6.645388955688e-01	7.711338035411e-02	-7.432641406974e-01
6.765265567417e-01	5.488865795834e-01	-4.909535016439e-01
4.061174863241e-01	8.677122123574e-01	-2.866079270148e-01
5.489792283063e-02	9.685719982729e-01	-2.425994687350e-01

Hair-22
-6.544618523306e-02	9.978560674058e-01	-2.560857700149e-04
-4.534592034845e-01	8.901994128259e-01	-4.381502230626e-02
-8.299204180297e-01	4.557903817459e-01	-3.216943077602e-01
-7.986683329816e-01	-6.121536326304e-02	-5.986497917757e-01
-6.522066052469e-01	-3.731614333349e-01	-6.598311062263e-01
-5.625707222413e-01	-5.337291021864e-01	-6.313853244701e-01
-6.002034041124e-01	-3.617621141871e-01	-7.133610911949e-01
-4.320640350231e-01	-3.213990838278e-03	-9.018372025496e-01
-1.084600561615e-01	1.660072541119e-01	-9.801418304509e-01
8.847102418304e-02	1.652517563849e-01	-9.822752846793e-01
4.252303597067e-01	-8.369253905894e-04	-9.050847699192e-01
5.724378161295e-01	-3.054628597793e-01	-7.609253497948e-01
5.198035026692e-01	-5.779149609091e-01	-6.291411737999e-01
6.240078020103e-01	-3.935357767950e-01	-6.750880353055e-01
7.980723085014e-01	-1.306956625905e-02	-6.024199339672e-01
8.116100372410e-01	4.724915773282e-01	-3.435707449763e-01
4.624194866237e-01	8.829880379436e-01	-8.062470613408e-02
5.171747864005e-02	9.981918422002e-01	-3.063247570855e-02
-4.858712827934e-02	9.983503206590e-01	-3.059294372241e-02
-4.339567827879e-01	8.981503403880e-01	-7.076352685741e-02
-8.121288025112e-01	4.741865525729e-01	-3.399910608982e-01
-7.845546450418e-01	-4.154156303575e-02	-6.186665559765e-01
-6.386435329395e-01	-3.558577085196e-01	-6.822754056257e-01
-5.433773834963e-01	-5.254478813392e-01	-6.547102741678e-01
-5.752589716701e-01	-3.696355076620e-01	-7.296894592829e-01
-4.114987161302e-01	-2.407881011333e-02	-9.110922113193e-01
-1.043800223050e-01	1.360653235096e-01	-9.851857889159e-01
8.391203641547e-02	1.353930672601e-01	-9.872322358404e-01
4.062719522849e-01	-2.344141238488e-02	-9.134514770758e-01
5.471425952315e-01	-3.138386656289e-01	-7.759769793232e-01
4.975657252285e-01	-5.743524932500e-01	-6.500365855668e-01
6.084934170904e-01	-3.787715278108e-01	-6.973291124552e-01
7.819356669262e-01	2.804039487944e-03	-6.233528295847e-01
7.938039453043e-01	4.872740338381e-01	-3.639221240409e-01
4.522039988850e-01	8.851525754990e-01	-1.096196217836e-01
4.921719151519e-02	9.969128700246e-01	-6.117513905673e-02
-5.031202835493e-02	9.968570890489e-01	-6.119349488070e-02
-4.298599374003e-01	8.972006356499e-01	-1.012494622587e-01
-7.953427967024e-01	4.854211861842e-01	-3.630373365607e-01
-7.670644049990e-01	-2.962068732836e-02	-6.408859597976e-01
-6.200681345445e-01	-3.455131747194e-01	-7.043693311167e-01
-5.205907248350e-01	-5.228056289657e-01	-6.750256080606e-01
-5.501010835924e-01	-3.806337122193e-01	-7.433079946783e-01
-3.928325300942e-01	-4.721498000724e-02	-9.183971629762e-01
-9.917726664600e-02	1.061749783424e-01	-9.893890760235e-01
7.978035971686e-02	1.053210359616e-01	-9.912328553813e-01
3.875163037243e-01	-4.658673501369e-02	-9.206849572295e-01
5.212778373819e-01	-3.216256691719e-01	-7.904595784631e-01
4.744409352106e-01	-5.710292013953e-01	-6.699488414427e-01
5.912648462558e-01	-3.654646237128e-01	-7.189168869880e-01
7.645355298415e-01	1.682258763356e-02	-6.443620287969e-01
7.756331233771e-01	5.001687302062e-01	-3.849993496673e-01
4.427041966462e-01	8.858585399533e-01	-1.388079301181e-01
4.596032846980e-02	9.947271691908e-01	-9.168155256437e-02
-5.298992738690e-02	9.943685425782e-01	-9.177836960040e-02
-4.260868775295e-01	8.950327834246e-01	-1.317812179042e-01
-7.786002111863e-01	4.931857854822e-01	-3.880070774341e-01
-7.477289875695e-01	-2.102818660988e-02	-6.636709851397e-01
-5.989919262585e-01	-3.379837481314e-01	-7.259308908403e-01
-4.957119671516e-01	-5.227951211599e-01	-6.935091253286e-01
-5.246306967051e-01	-3.937602985274e-01	-7.547949783739e-01
-3.751117643399e-01	-7.161693831211e-02	-9.242089473710e-01
-9.621818564361e-02	7.577044024934e-02	-9.924721160496e-01
7.323097568348e-02	7.553127020828e-02	-9.944507285035e-01
3.678840414492e-01	-6.919903104610e-02	-9.272932794695e-01
4.950014795692e-01	-3.301585093516e-01	-8.037219008631e-01
4.494924236574e-01	-5.699569540924e-01	-6.878267453046e-01
5.711117362104e-01	-3.555229850795e-01	-7.398883644462e-01
7.452557744487e-01	2.667762980426e-02	-6.662448008944e-01
7.576935435898e-01	5.090812806132e-01	-4.083341079699e-01
4.356752229200e-01	8.841732301989e-01	-1.685965572995e-01
4.618528751221e-02	9.914384156908e-01	-1.221342994820e-01
-5.191733149267e-02	9.911452384177e-01	-1.222117304215e-01
-4.187293585846e-01	8.936392577209e-01	-1.614763181377e-01
-7.600560318573e-01	5.045345962868e-01	-4.095847526301e-01
-7.292315638755e-01	-7.854483561905e-03	-6.842219181930e-01
-5.800903885447e-01	-3.256670451937e-01	-7.466164455682e-01
-4.724906469322e-01	-5.181225275446e-01	-7.129527579106e-01
-4.984311686220e-01	-4.033878038705e-01	-7.673621373476e-01
-3.544020493006e-01	-9.336782853677e-02	-9.304201395315e-01
-9.151068964648e-02	4.559944164464e-02	-9.947595109383e-01
6.820893967975e-02	4.539734763338e-02	-9.966376580160e-01
3.482498553698e-01	-9.205127578275e-02	-9.328711598402e-01
4.682392224851e-01	-3.379921191347e-01	-8.164026934849e-01
4.252141255242e-01	-5.662631283261e-01	-7.060729544127e-01
5.524493991233e-01	-3.420449386965e-01	-7.601348047027e-01
7.262772630225e-01	4.003493755970e-02	-6.862350479180e-01
7.382358496950e-01	5.204798042189e-01	-4.290787848698e-01
4.275728654044e-01	8.820193426627e-01	-1.980487918135e-01
4.647570992265e-02	9.872135726822e-01	-1.524774419354e-01
-5.013748855820e-02	9.870262481499e-01	-1.525300550850e-01
-4.092693768589e-01	8.922768860860e-01	-1.906319378333e-01
-7.400909963880e-01	5.181163846215e-01	-4.287431970914e-01
-7.111381666362e-01	8.525742855357e-03	-7.030005829742e-01
-5.624365051449e-01	-3.100505887197e-01	-7.665075408076e-01
-4.504460613310e-01	-5.098650062647e-01	-7.328956414239e-01
-4.715638167274e-01	-4.103009741990e-01	-7.805643325984e-01
-3.311892684553e-01	-1.128405978545e-01	-9.367927561291e-01
-8.627103513728e-02	1.547163215946e-02	-9.961515633149e-01
6.362225110429e-02	1.514559474288e-02	-9.978591183751e-01
3.279851582475e-01	-1.145649770584e-01	-9.377102974805e-01
4.410605168119e-01	-3.456241446911e-01	-8.282569475206e-01
4.005883588974e-01	-5.618807320514e-01	-7.237534177227e-01
5.334158018150e-01	-3.280167667050e-01	-7.796618389625e-01
7.066641003345e-01	5.353057044729e-02	-7.055213159970e-01
7.180532149247e-01	5.315211075912e-01	-4.493160276702e-01
4.185871776086e-01	8.793001966326e-01	-2.271914147664e-01
4.648218163658e-02	9.820737502984e-01	-1.826760952210e-01
-4.893632891830e-02	9.819473823478e-01	-1.827144603265e-01
-4.003908917655e-01	8.895848886117e-01	-2.198314348424e-01
-7.198100273960e-01	5.297688331810e-01	-4.485738599721e-01
-6.917588502158e-01	2.310049895958e-02	-7.217590041669e-01
-5.431263486795e-01	-2.960202016132e-01	-7.857390213086e-01
-4.270453038746e-01	-5.029104138859e-01	-7.514741672498e-01
-4.443400035856e-01	-4.181150576214e-01	-7.923015586276e-01
-3.095276618770e-01	-1.340402631057e-01	-9.413956842898e-01
-8.174322104464e-02	-1.481108928423e-02	-9.965433645594e-01
5.857249637892e-02	-1.510423700842e-02	-9.981688858567e-01
3.103192921339e-01	-1.394062499484e-01	-9.403551639699e-01
4.136272681877e-01	-3.548286818169e-01	-8.384563730879e-01
3.750096251822e-01	-5.581011294873e-01	-7.401965349052e-01
5.135314762358e-01	-3.142581989147e-01	-7.984530088427e-01
6.862429678701e-01	6.647603090826e-02	-7.243283277379e-01
6.973523025943e-01	5.414620861445e-01	-4.695940537682e-01
4.087275021966e-01	8.760140646032e-01	-2.560101317633e-01
4.500681530199e-02	9.760837978104e-01	-2.126847578656e-01
-4.940569794319e-02	9.758570415371e-01	-2.127489400520e-01
-3.933492404364e-01	8.849384357041e-01	-2.493197546559e-01
-6.997342411960e-01	5.375947566525e-01	-4.704932192047e-01
-6.706034844375e-01	3.427922479955e-02	-7.410235498332e-01
-5.213611818814e-01	-2.849016934990e-01	-8.043715205480e-01
-4.011177048250e-01	-4.996262113008e-01	-7.677748601362e-01
-4.170638209712e-01	-4.299710597906e-01	-8.007388194533e-01
-2.920230649835e-01	-1.594538634390e-01	-9.430254476694e-01
-7.757715060904e-02	-4.520274457782e-02	-9.959610924057e-01
5.328372529068e-02	-4.521316776984e-02	-9.975553188066e-01
2.887222757574e-01	-1.611156163097e-01	-9.437590824265e-01
3.856924022996e-01	-3.621720984219e-01	-8.485709999364e-01
3.484103560353e-01	-5.551396276254e-01	-7.552683083827e-01
4.910719983689e-01	-3.034845491528e-01	-8.165448063906e-01
6.640408738392e-01	7.533336823941e-02	-7.438915253588e-01
6.769806206442e-01	5.471784244548e-01	-4.922326798205e-01
4.079100082910e-01	8.667161930342e-01	-2.870757145220e-01
5.725343203653e-02	9.684078585679e-01	-2.427102469695e-01

Hair-23
-6.799643334054e-02	9.976854861406e-01	-3.947118036943e-04
-4.561211196627e-01	8.888123604264e-01	-4.434086321748e-02
-8.301209257885e-01	4.549022738213e-01	-3.224332021369e-01
-7.983578946513e-01	-6.215933203423e-02	-5.989665178364e-01
-6.519788463178e-01	-3.735830000198e-01	-6.598176460585e-01
-5.626633541140e-01	-5.336582248997e-01	-6.313626920670e-01
-6.001386044401e-01	-3.607071414680e-01	-7.139495875443e-01
-4.294220047446e-01	-5.281149119512e-04	-9.031037941099e-01
-1.078293106920e-01	1.660375896648e-01	-9.802062836842e-01
8.992736818442e-02	1.651271040582e-01	-9.821639923947e-01
4.238897955123e-01	-9.419306991741e-05	-9.057137695697e-01
5.732587935500e-01	-3.124274630797e-01	-7.574717393614e-01
5.156679900534e-01	-5.858742468235e-01	-6.251702895558e-01
6.182801495416e-01	-4.022519421800e-01	-6.752207281291e-01
7.954170991456e-01	-2.246319933202e-02	-6.056459717216e-01
8.136966834699e-01	4.643574461801e-01	-3.496710875769e-01
4.717351877529e-01	8.778303665506e-01	-8.294431986167e-02
6.021216387150e-02	9.977073105108e-01	-3.089689102911e-02
-4.026519443147e-02	9.987176356079e-01	-3.068873479111e-02
-4.266779703917e-01	9.017443956548e-01	-6.930335120010e-02
-8.102898774540e-01	4.808878059927e-01	-3.349286977002e-01
-7.871253795013e-01	-3.389657116304e-02	-6.158609091412e-01
-6.434497727819e-01	-3.478735562635e-01	-6.818770994537e-01
-5.488916345483e-01	-5.152634123222e-01	-6.581957075559e-01
-5.718617377509e-01	-3.581392679847e-01	-7.380449970184e-01
-3.951342007155e-01	-2.330812267962e-03	-9.186204497719e-01
-1.009243897025e-01	1.343529603777e-01	-9.857806802737e-01
7.616550844375e-02	1.348305261770e-01	-9.879370144571e-01
3.863368452771e-01	-2.012590608495e-04	-9.223577405086e-01
5.450858087500e-01	-3.030885286814e-01	-7.816769184779e-01
4.995190141548e-01	-5.703643235894e-01	-6.520470020437e-01
6.087755572595e-01	-3.782808824987e-01	-6.973491914525e-01
7.820778238683e-01	3.287211730354e-03	-6.231721043600e-01
7.936496707682e-01	4.878473890599e-01	-3.634901994237e-01
4.516927697219e-01	8.854321866289e-01	-1.094691036894e-01
4.800939461780e-02	9.969747660761e-01	-6.112621234734e-02
-5.171228836299e-02	9.967877120980e-01	-6.115632626811e-02
-4.329008809141e-01	8.956568449593e-01	-1.019590279541e-01
-7.960074299184e-01	4.829138835540e-01	-3.649196522326e-01
-7.661786550633e-01	-3.227246042210e-02	-6.418167626540e-01
-6.181724486942e-01	-3.486213208288e-01	-7.045040797178e-01
-5.178067207587e-01	-5.281292387463e-01	-6.730198415488e-01
-5.517420188830e-01	-3.910596533401e-01	-7.366499115105e-01
-3.947260964731e-01	-5.020325982077e-02	-9.174262594162e-01
-1.099409508988e-01	1.048169011770e-01	-9.883958744062e-01
7.028826874246e-02	1.064785268816e-01	-9.918275467995e-01
3.797300159200e-01	-3.913778306685e-02	-9.242690890352e-01
5.227458571830e-01	-3.257348722589e-01	-7.878029968161e-01
4.765530504832e-01	-5.668145512091e-01	-6.720256353836e-01
5.958851836619e-01	-3.581516576928e-01	-7.187824691686e-01
7.668768251770e-01	2.520485078799e-02	-6.412991895389e-01
7.736526435108e-01	5.071068860754e-01	-3.798739176144e-01
4.344372688949e-01	8.902517735444e-01	-1.368065754856e-01
3.722071853452e-02	9.950903047029e-01	-9.170552654040e-02
-6.188050495261e-02	9.938361218287e-01	-9.198133536336e-02
-4.351948261584e-01	8.903341392276e-01	-1.338304293152e-01
-7.805492855666e-01	4.855787413186e-01	-3.936446351481e-01
-7.448476825107e-01	-2.947569252477e-02	-6.665831631602e-01
-5.934749520078e-01	-3.475686357878e-01	-7.259363090216e-01
-4.879502345038e-01	-5.348444482170e-01	-6.898159064991e-01
-5.280050415434e-01	-4.154961383236e-01	-7.406575694225e-01
-3.867938477888e-01	-8.615328317783e-02	-9.181329593857e-01
-1.192996757214e-01	7.119438949087e-02	-9.903024519195e-01
5.296632077981e-02	8.001988588349e-02	-9.953850444558e-01
3.606846859541e-01	-6.380613340235e-02	-9.305027322144e-01
4.960037845058e-01	-3.256071857869e-01	-8.049597544721e-01
4.529475631627e-01	-5.624851722246e-01	-6.917000332893e-01
5.767745818651e-01	-3.463771204261e-01	-7.398337462969e-01
7.480260190937e-01	3.575063227112e-02	-6.627057922269e-01
7.558532733788e-01	5.168777259972e-01	-4.018995465169e-01
4.329875832078e-01	8.855525116158e-01	-1.682810207919e-01
4.222466359920e-02	9.916479781922e-01	-1.218661771419e-01
-5.571343882879e-02	9.909458143362e-01	-1.221572993455e-01
-4.213266135069e-01	8.922877200914e-01	-1.621928152689e-01
-7.608901674222e-01	5.019388686631e-01	-4.112219902260e-01
-7.287814425590e-01	-9.608011249406e-03	-6.846789722939e-01
-5.782611686325e-01	-3.290356222446e-01	-7.465584907735e-01
-4.684256883273e-01	-5.236236762493e-01	-7.116147976162e-01
-5.018696437269e-01	-4.182667245120e-01	-7.570863939283e-01
-3.561130271546e-01	-9.845669561615e-02	-9.292415138053e-01
-1.053452218967e-01	4.373785283192e-02	-9.934733939332e-01
5.452894548542e-02	4.699342781414e-02	-9.974057408329e-01
3.373219534548e-01	-8.165249249951e-02	-9.378415485497e-01
4.672033337594e-01	-3.291907989101e-01	-8.205817831496e-01
4.296007248599e-01	-5.571049330048e-01	-7.106879138001e-01
5.582552535527e-01	-3.331232286542e-01	-7.598552404319e-01
7.289107465278e-01	4.965410523053e-02	-6.828056776493e-01
7.360112614709e-01	5.285654347520e-01	-4.229728172986e-01
4.224662117842e-01	8.847421414785e-01	-1.968594498438e-01
4.020061477100e-02	9.874971711124e-01	-1.524245636928e-01
-5.611172224595e-02	9.866879523190e-01	-1.526380010850e-01
-4.142773430480e-01	8.897260667791e-01	-1.917336932591e-01
-7.407928164832e-01	5.154222308376e-01	-4.307736377788e-01
-7.101538403376e-01	5.630386788099e-03	-7.040240207538e-01
-5.607129332878e-01	-3.129128628652e-01	-7.666071658270e-01
-4.481842567205e-01	-5.138511300560e-01	-7.314970185640e-01
-4.721984409987e-01	-4.140772654277e-01	-7.781829158844e-01
-3.265579185823e-01	-1.080471163898e-01	-9.389812279545e-01
-9.055983905592e-02	1.507297090187e-02	-9.957769434458e-01
5.991732333717e-02	1.568226273251e-02	-9.980801475832e-01
3.223200745474e-01	-1.094252059807e-01	-9.402850067080e-01
4.409752439133e-01	-3.435299695540e-01	-8.291730785993e-01
4.017902289417e-01	-5.594185172934e-01	-7.249934719956e-01
5.351024210223e-01	-3.254023024527e-01	-7.796016550614e-01
7.074461313403e-01	5.641218542246e-02	-7.045123395566e-01
7.173977319349e-01	5.340339207723e-01	-4.473793308583e-01
4.198837260770e-01	8.785921742078e-01	-2.275377946551e-01
4.665639544347e-02	9.820636585755e-01	-1.826859361570e-01
-4.867811458954e-02	9.819576019629e-01	-1.827285120261e-01
-4.000313166898e-01	8.897545103057e-01	-2.197995838441e-01
-7.188828683035e-01	5.333528416826e-01	-4.458050784018e-01
-6.930341958989e-01	2.704513050030e-02	-7.203972266958e-01
-5.454202010594e-01	-2.922841693910e-01	-7.855487054281e-01
-4.292782070813e-01	-4.981588914936e-01	-7.533644136478e-01
-4.437260178677e-01	-4.136294616337e-01	-7.949955279974e-01
-3.031709611213e-01	-1.272900472174e-01	-9.443964274669e-01
-7.808368592744e-02	-1.456078258973e-02	-9.968404694846e-01
6.146873664349e-02	-1.539052395991e-02	-9.979903437347e-01
3.086798189357e-01	-1.401680495755e-01	-9.407814237431e-01
4.165340312886e-01	-3.680991728384e-01	-8.312655410482e-01
3.695466428381e-01	-5.679860796486e-01	-7.354094723979e-01
5.084576934134e-01	-3.224160030399e-01	-7.984476783062e-01
6.838243487395e-01	5.809878096225e-02	-7.273299056974e-01
6.995266632670e-01	5.337199099819e-01	-4.751899673473e-01
4.114368910705e-01	8.745332535269e-01	-2.567319090841e-01
4.812612557485e-02	9.759570445371e-01	-2.125834500979e-01
-4.662555048670e-02	9.760300581140e-01	-2.125826514553e-01
-3.934355537966e-01	8.848897677979e-01	-2.493562990086e-01
-7.007216589798e-01	5.338972981515e-01	-4.732259837151e-01
-6.693264151646e-01	3.051829927378e-02	-7.423414196799e-01
-5.190915597796e-01	-2.888749152824e-01	-8.044222994710e-01
-3.973653115957e-01	-5.054238932794e-01	-7.659291724714e-01
-4.183391013150e-01	-4.375952911617e-01	-7.959288645753e-01
-2.930557585285e-01	-1.617200154282e-01	-9.423189263743e-01
-8.455028077067e-02	-4.629718876432e-02	-9.953430666530e-01
4.547505128439e-02	-4.415780476620e-02	-9.979890319983e-01
2.804779327348e-01	-1.535882482243e-01	-9.474928914014e-01
3.846987407519e-01	-3.527331062891e-01	-8.529866555765e-01
3.528533390803e-01	-5.460367028501e-01	-7.598279017255e-01
4.964686482262e-01	-2.951269757028e-01	-8.163448716939e-01
6.664623241414e-01	8.416878219558e-02	-7.407722906560e-01
6.748881092573e-01	5.548930634090e-01	-4.864357389868e-01
4.035408986609e-01	8.691607008457e-01	-2.858573406673e-01
5.077255023062e-02	9.687347610463e-01	-2.428479171902e-01

Hair-24
-1.645132394238e-02	9.998646485812e-01	1.961073391809e-04
5.285800230549e-03	9.999860198839e-01	1.426627942434e-04
-1.611636746664e-02	9.998701203581e-01	7.151689241545e-05
5.755819060339e-03	9.999834336613e-01	5.431325653846e-05
-1.661588961117e-02	9.998619433573e-01	8.023895343318e-05
5.016662943984e-03	9.999874140522e-01	6.949942878634e-05
-1.705288859059e-02	9.998545871943e-01	-5.879878039827e-05
5.019829476078e-03	9.999873956235e-01	9.952923855255e-05
-1.615873908268e-02	9.998694390058e-01	-9.669424346298e-06
6.586847348528e-03	9.999783041737e-01	6.799858309270e-05
-1.425019378154e-02	9.998984603896e-01	2.979451784044e-05
8.841598532380e-03	9.999609111219e-01	4.861652309612e-05
-1.195571786192e-02	9.999285091799e-01	1.932349894474e-04
1.078743017231e-02	9.999418106534e-01	8.159370221789e-05
-1.100649228852e-02	9.999394264059e-01	-2.542675519790e-05

Hair-25
9.999692074345e-01	-7.847537629945e-03	1.833101477230e-05
9.999737436545e-01	-7.246478601255e-03	2.343911737701e-05
9.999760759074e-01	-6.917187822169e-03	1.119789292606e-05
9.999755053101e-01	-6.999072621158e-03	4.197988344001e-05
9.999714310302e-01	-7.558878293611e-03	2.196448146824e-05
9.999683298624e-01	-7.958375690450e-03	5.940210333061e-05
9.999659810107e-01	-8.248442407337e-03	4.386916696117e-06

Hair-26
9.999806415795e-01	6.222229878592e-03	-1.793219312748e-05
9.999846866514e-01	5.534082422848e-03	-1.986106090723e-05
9.999881605923e-01	4.866068278039e-03	7.401690714282e-06
9.999901744395e-01	4.432913938624e-03	-1.727748584057e-05
9.999911001446e-01	4.218960720581e-03	1.406061707510e-06
9.999913898118e-01	4.149670029633e-03	-2.325755696514e-05
9.999919673879e-01	4.008124397117e-03	-9.927206287175e-06

