Hair-0
-1.836629053483e-02	5.103694473915e-01	8.597590979695e-01
-2.487535583012e-02	5.592770113969e-01	8.286075314619e-01
-5.163487114203e-02	4.600029700479e-01	8.864147492169e-01
2.216605577220e-02	4.872143219683e-01	8.730010712711e-01
4.468692029967e-03	4.847021777802e-01	8.746678396092e-01
-4.969727708074e-02	5.143061392501e-01	8.561655072358e-01
3.026302945347e-02	5.730642774364e-01	8.189514533687e-01
9.301560812441e-02	5.696420359672e-01	8.166125442977e-01

Hair-1
6.096549173488e-02	5.524131509326e-01	-8.313380296210e-01
-4.283646737861e-02	7.840739655308e-01	-6.191874139865e-01
-6.005209213229e-02	5.993939450960e-01	-7.981983743486e-01
-1.844697413701e-02	5.433555655135e-01	-8.392999693618e-01
4.824211172362e-02	5.511675291465e-01	-8.329988316144e-01
3.606497998596e-02	5.853630170257e-01	-8.099687991011e-01
4.225736786241e-02	7.818034995610e-01	-6.220913139850e-01
-3.488199985600e-02	5.594828196967e-01	-8.281076141120e-01

Hair-2
-2.617652778473e-02	5.130889440423e-01	8.579362009466e-01
-2.491772462271e-03	6.523394736615e-01	7.579228207232e-01
3.845144132554e-02	5.168618831175e-01	8.552048178303e-01
2.699717336193e-02	4.847143461691e-01	8.742557722133e-01
-4.414344944595e-04	4.852593139428e-01	8.743701752503e-01
-2.308594669896e-02	5.030212531280e-01	8.639656578630e-01
1.848109817590e-02	5.741664678872e-01	8.185299726730e-01
9.857053880232e-02	5.905888195473e-01	8.009298940020e-01

Hair-3
4.330990776490e-02	5.583388417752e-01	-8.284817376711e-01
-2.757566364544e-02	7.874450677371e-01	-6.157676900187e-01
-6.890472041923e-02	6.041537154037e-01	-7.938831322480e-01
-7.029639798247e-02	5.516771857250e-01	-8.310900668287e-01
3.104605296699e-02	5.464884483182e-01	-8.368909836113e-01
7.923022073422e-03	5.757079208955e-01	-8.176170347659e-01
5.396361940215e-02	7.745791697517e-01	-6.301706416263e-01
-4.592149206084e-02	5.552225547157e-01	-8.304330986310e-01

Hair-4
-2.600241852699e-02	5.117818800109e-01	8.587218301192e-01
-4.371103685573e-03	6.528879764409e-01	7.574418681796e-01
2.900255597768e-02	5.116290650566e-01	8.587168052019e-01
2.241934157810e-02	4.840811703110e-01	8.747358422252e-01
-5.064908711141e-03	4.850442882313e-01	8.744749196826e-01
-2.792827057542e-02	5.069214047928e-01	8.615397269224e-01
1.814015704823e-02	5.749031141204e-01	8.180203812112e-01
9.904375018607e-02	5.910064155504e-01	8.005633968196e-01

Hair-5
5.836785733663e-02	5.364164085820e-01	-8.419326753571e-01
-5.115133291157e-02	7.655233953545e-01	-6.413715555794e-01
-4.882626432844e-02	5.983571804390e-01	-7.997403832050e-01
-5.142696642811e-02	5.463541369055e-01	-8.359739375186e-01
2.893432123785e-02	5.459757407594e-01	-8.373011976324e-01
1.220357141214e-02	5.815753252327e-01	-8.134010166734e-01
6.728130573825e-02	7.494473939038e-01	-6.586363409871e-01
-6.528371746088e-02	5.276978345061e-01	-8.469197315519e-01

Hair-6
-2.669400811219e-02	5.040301000858e-01	8.632734723936e-01
-9.806081027502e-03	6.487380864510e-01	7.609485764247e-01
1.843493673148e-02	5.035283474244e-01	8.637820074809e-01
3.524758472349e-02	4.868252928584e-01	8.727879135302e-01
-1.466577909320e-02	4.870034865212e-01	8.732768856667e-01
-2.224817415031e-02	5.036395661475e-01	8.636273537573e-01
1.673094272011e-02	5.682296342516e-01	8.226999199672e-01
1.020628492547e-01	5.897110176012e-01	8.011392454011e-01

Hair-7
7.057875193030e-02	5.257869853367e-01	-8.476831281950e-01
-5.721484858207e-02	7.494204441850e-01	-6.596176611790e-01
-3.965687777159e-02	5.989134948241e-01	-7.998312057947e-01
-1.541955113338e-02	5.411096196330e-01	-8.408106903361e-01
3.169853735574e-02	5.445309099102e-01	-8.381415697136e-01
2.045624762344e-02	5.843933466554e-01	-8.112126467937e-01
6.344328803939e-02	7.416735700420e-01	-6.677538953117e-01
-6.124288099859e-02	5.225512365366e-01	-8.504055001710e-01

Hair-8
-2.285937920589e-02	5.022070741416e-01	8.644451998042e-01
-1.501439872187e-02	6.477478630746e-01	7.617068161132e-01
1.287901941404e-02	4.980880911302e-01	8.670307862661e-01
3.655789579146e-02	4.880651570683e-01	8.720412391115e-01
-9.256108778060e-03	4.857706168208e-01	8.740373174435e-01
-2.434126724807e-02	5.061524572521e-01	8.621004539648e-01
2.222798106236e-02	5.711957634637e-01	8.205128375955e-01
1.030456335240e-01	5.888886929881e-01	8.016181788622e-01

Hair-9
6.189767622370e-02	5.460559474068e-01	-8.354589038246e-01
-5.726531901272e-02	7.706915925591e-01	-6.346299334235e-01
-4.764542335597e-02	6.024131853947e-01	-7.967611108079e-01
-5.344645979622e-02	5.498632406801e-01	-8.335429757871e-01
4.394815429613e-02	5.473580362961e-01	-8.357438242883e-01
2.497043299457e-02	5.873900709703e-01	-8.089186498046e-01
4.412678807884e-02	7.736198755331e-01	-6.321116315604e-01
-3.747363898452e-02	5.489449660869e-01	-8.350180540498e-01

Hair-10
-2.589031060951e-02	5.024297545092e-01	8.642303128220e-01
-1.952371629944e-02	6.479613037018e-01	7.614229924339e-01
2.006705901323e-02	5.048141167352e-01	8.629947976016e-01
4.098762199092e-02	4.898439582885e-01	8.708460893704e-01
-7.546655912469e-04	4.840165057112e-01	8.750585424296e-01
-3.607292151226e-02	5.092864970647e-01	8.598406877097e-01
1.732016287309e-02	5.570262683754e-01	8.303142467149e-01
9.961314518236e-02	5.909262385866e-01	8.005519357648e-01

Hair-11
3.985413787796e-02	5.508317429060e-01	-8.336642241941e-01
-3.890658659608e-02	7.782535166177e-01	-6.267437605526e-01
-5.192123190511e-02	6.015223410895e-01	-7.971668952281e-01
-6.798905559535e-02	5.519257205070e-01	-8.311170118353e-01
3.740026458994e-02	5.472887465820e-01	-8.361077969217e-01
2.589994560678e-02	5.892386934562e-01	-8.075437789691e-01
5.280585756541e-02	7.725650455278e-01	-6.327359574384e-01
-5.170930147647e-02	5.527831811971e-01	-8.317192451341e-01

Hair-12
-2.398146200590e-02	5.061462456885e-01	8.621141846968e-01
-1.431570559807e-02	6.506513096127e-01	7.592416834398e-01
2.380176081352e-02	5.099496415009e-01	8.598748974794e-01
2.784789208608e-02	4.861834439021e-01	8.734129342881e-01
-1.382185056323e-02	4.855035818984e-01	8.741254077138e-01
-3.945695826087e-02	5.062195740053e-01	8.615015329869e-01
1.411879659838e-02	5.702823101120e-01	8.213274294433e-01
9.831473181747e-02	5.909577267352e-01	8.006891898356e-01

Hair-13
3.328898224929e-02	5.385738260294e-01	-8.419204698645e-01
-4.100999445097e-02	7.620838493689e-01	-6.461782934193e-01
-3.521284175646e-02	5.862176309984e-01	-8.093880063863e-01
-4.734531089297e-02	5.467237258418e-01	-8.359734380578e-01
2.044867901281e-02	5.430307198410e-01	-8.394638103192e-01
2.164276184853e-02	5.871349283945e-01	-8.091997075622e-01
5.171000801982e-02	7.622082993810e-01	-6.452631892688e-01
-6.750954035064e-02	5.256733158339e-01	-8.480035536375e-01

Hair-14
-2.275541989232e-02	5.030209158275e-01	8.639746229523e-01
-2.101918225248e-02	6.466012510030e-01	7.625385342255e-01
8.391872799731e-02	5.572477457713e-01	8.260947868884e-01
1.123148008468e-01	4.956379969749e-01	8.612365304987e-01
8.125772934646e-02	4.740365433601e-01	8.767477042916e-01
8.635457511668e-02	4.735570879660e-01	8.765195786710e-01
2.074435973849e-01	4.372570658165e-01	8.750848029177e-01
1.537026382249e-01	4.716571529743e-01	8.682828047652e-01

Hair-15
2.823220383615e-02	4.435066857414e-01	-8.958263014498e-01
-2.393082555593e-02	6.836982551084e-01	-7.293723408178e-01
1.575238840127e-02	5.944072832258e-01	-8.040098531161e-01
-4.081831379686e-02	5.557742765962e-01	-8.303305478740e-01

Hair-16
-8.991156888912e-02	9.959459493983e-01	-2.752391163328e-03
-4.883921791870e-01	8.714340718640e-01	-4.556026452422e-02
-8.142092679318e-01	5.357164440549e-01	-2.237658588416e-01
-8.413812474999e-01	3.178154342809e-02	-5.395067468094e-01

Hair-17
-3.628511992260e-02	9.991514085568e-01	1.948981403751e-02
-4.802582445611e-01	8.758252479455e-01	-4.777189123580e-02
-8.291506860566e-01	4.419288909603e-01	-3.423565322096e-01
-7.902235625511e-01	-9.154763714171e-02	-6.059420362731e-01
-6.340002683951e-01	-4.088905790996e-01	-6.563932921645e-01
-5.385005882946e-01	-5.833106155280e-01	-6.080837460570e-01
-6.071221027836e-01	-4.303689348977e-01	-6.679710563990e-01
-4.855196324338e-01	-3.582920825693e-02	-8.734912445795e-01
-1.350242444841e-01	1.563263686673e-01	-9.784326854009e-01
1.014458607310e-01	1.566208558731e-01	-9.824350588442e-01
4.660996185476e-01	-2.570877168619e-02	-8.843586402858e-01
5.776237177549e-01	-3.461310354040e-01	-7.392862415987e-01
5.174998682992e-01	-5.792895570331e-01	-6.297757501069e-01
6.293261224782e-01	-3.861538139796e-01	-6.744137183625e-01
8.013326787196e-01	1.476257596226e-04	-5.982189534131e-01
8.082074746183e-01	4.850641093254e-01	-3.339363529408e-01
4.419343587221e-01	8.942562354410e-01	-7.070932014722e-02
5.198942728285e-02	9.982108084792e-01	-2.953440851283e-02
-2.155056372697e-02	9.993284023298e-01	-2.963642185045e-02
-3.851989129978e-01	9.211345993968e-01	-5.597184309505e-02
-8.056327800284e-01	4.986666814654e-01	-3.198239586711e-01
-7.931419419507e-01	-1.652711713865e-02	-6.088125444813e-01
-6.503423736533e-01	-3.351437350422e-01	-6.817136304145e-01
-5.459590922375e-01	-5.186759682757e-01	-6.579543369691e-01
-5.788534665129e-01	-3.971058399367e-01	-7.122047572111e-01
-4.537089053894e-01	-4.844103098753e-02	-8.898323975262e-01
-1.210528911737e-01	1.317559024780e-01	-9.838630899168e-01
9.221757183241e-02	1.280547856162e-01	-9.874704508623e-01
4.394671807752e-01	-4.458279759614e-02	-8.971515876261e-01
5.505792019297e-01	-3.470085838521e-01	-7.592414537783e-01
4.952709392481e-01	-5.771251683263e-01	-6.493329167851e-01
6.119553732151e-01	-3.748823849940e-01	-6.964006164661e-01
7.839509701042e-01	1.139046644607e-02	-6.207182402240e-01
7.912374730756e-01	4.962874333071e-01	-3.572702684837e-01
4.350128926603e-01	8.947559054176e-01	-1.008744414587e-01
5.887471061716e-02	9.963913024913e-01	-6.114033668078e-02
-1.681616212212e-02	9.980680526602e-01	-5.981119419108e-02
-3.778594193957e-01	9.220424251946e-01	-8.402395679341e-02
-7.875767544258e-01	5.132453957116e-01	-3.410308192363e-01
-7.763963236186e-01	-3.960906263001e-04	-6.302448665271e-01
-6.338991975757e-01	-3.202843920525e-01	-7.039813317982e-01
-5.265030143197e-01	-5.101533982034e-01	-6.801015264016e-01
-5.521646729121e-01	-3.973192766892e-01	-7.329744650116e-01
-4.235008866409e-01	-6.670680091880e-02	-9.034363296467e-01
-1.044055664324e-01	1.048545333891e-01	-9.889919132762e-01
9.459162246593e-02	9.917347491299e-02	-9.905640044101e-01
4.250081732449e-01	-7.120737922840e-02	-9.023843758723e-01
5.244879072541e-01	-3.565297060594e-01	-7.731746270032e-01
4.674644013791e-01	-5.804570253546e-01	-6.667433352946e-01
5.893378154326e-01	-3.704036760890e-01	-7.179707905207e-01
7.640010217522e-01	1.508645829880e-02	-6.450386325931e-01
7.755515787331e-01	5.002325989655e-01	-3.850806352660e-01
4.312816789020e-01	8.922040710710e-01	-1.340448022406e-01
6.412243283439e-02	9.936493435586e-01	-9.246240129336e-02
-1.750299662154e-02	9.958010473162e-01	-8.985499025189e-02
-3.728568315250e-01	9.212782738128e-01	-1.105627667238e-01
-7.690111070041e-01	5.252852846912e-01	-3.642763881879e-01
-7.577587763601e-01	1.267116137354e-02	-6.524117400221e-01
-6.150358659287e-01	-3.083137087913e-01	-7.257227711686e-01
-5.061794434360e-01	-5.030833696503e-01	-7.004923227446e-01
-5.246407718845e-01	-3.993609376409e-01	-7.518396783644e-01
-3.972637112936e-01	-8.702509639805e-02	-9.135689225702e-01
-9.730899851424e-02	7.522189059363e-02	-9.924074898869e-01
9.256550512949e-02	7.012077681881e-02	-9.932344657323e-01
4.040923319730e-01	-9.380147078747e-02	-9.098959673055e-01
4.964260699048e-01	-3.595411685061e-01	-7.901210700064e-01
4.421066511661e-01	-5.804783441890e-01	-6.838030424927e-01
5.680329788376e-01	-3.610047818467e-01	-7.396040037998e-01
7.442789096478e-01	2.387673235057e-02	-6.674419872212e-01
7.575520554326e-01	5.088886073752e-01	-4.088364814857e-01
4.187013422948e-01	8.939034793697e-01	-1.600804658016e-01
5.596003850740e-02	9.909075650947e-01	-1.223546955711e-01
-2.757360824805e-02	9.923318211817e-01	-1.204875628368e-01
-3.819672710413e-01	9.122190193165e-01	-1.481805137344e-01
-7.544167545160e-01	5.239454017576e-01	-3.953942039062e-01
-7.350974111716e-01	1.125967807262e-02	-6.778679928559e-01
-5.885967088921e-01	-3.102464872538e-01	-7.465259750525e-01
-4.776152067560e-01	-5.093224368265e-01	-7.158731519065e-01
-4.986146356439e-01	-4.174356413490e-01	-7.596913389353e-01
-3.770616769791e-01	-1.097393094624e-01	-9.196639471635e-01
-9.301078620235e-02	4.512640567441e-02	-9.946419462103e-01
8.539710299396e-02	4.006117071619e-02	-9.955412786023e-01
3.816994081016e-01	-1.128223659550e-01	-9.173748828016e-01
4.693794969932e-01	-3.529857186411e-01	-8.093725781356e-01
4.316588119150e-01	-5.549159765260e-01	-7.111532388257e-01
5.625405184069e-01	-3.223690380540e-01	-7.613319699413e-01
7.321023910551e-01	6.409417187808e-02	-6.781725636905e-01
7.323058792448e-01	5.424936544285e-01	-4.116172179687e-01
3.867860114804e-01	9.045167973609e-01	-1.795715584802e-01
3.336299882408e-02	9.877979650699e-01	-1.521252461402e-01
-4.921716251901e-02	9.870774050093e-01	-1.524987456790e-01
-3.867779353729e-01	9.037352945680e-01	-1.834811872118e-01
-7.377091018294e-01	5.270724661028e-01	-4.218766366538e-01
-7.137140242843e-01	1.657658051314e-02	-7.002410360143e-01
-5.659991918606e-01	-3.051146483443e-01	-7.658655013636e-01
-4.487518698846e-01	-5.126828487795e-01	-7.319686167060e-01
-4.729176581901e-01	-4.351167943347e-01	-7.661737817622e-01
-3.608327394431e-01	-1.339296126540e-01	-9.229640258430e-01
-9.000513935189e-02	1.320939495842e-02	-9.958536974752e-01
7.705092854328e-02	1.114515594441e-02	-9.969648639293e-01
3.624127253713e-01	-1.352265418271e-01	-9.221555177271e-01
4.436568001899e-01	-3.665859950123e-01	-8.177917533860e-01
4.006245598745e-01	-5.600451640793e-01	-7.251547257081e-01
5.382811091271e-01	-3.198682669717e-01	-7.797036227577e-01
7.103067625579e-01	6.640477718045e-02	-7.007529583470e-01
7.151180469768e-01	5.442948036592e-01	-4.385764991397e-01
3.784890431019e-01	9.012602637971e-01	-2.108932932841e-01
3.081953578051e-02	9.827401254528e-01	-1.824061458377e-01
-4.637344934337e-02	9.821636671922e-01	-1.822197410921e-01
-3.802257603335e-01	9.000927681868e-01	-2.127472205143e-01
-7.190865706416e-01	5.323552178984e-01	-4.466681384421e-01
-6.915819990518e-01	2.265903820309e-02	-7.219424537837e-01
-5.426736354012e-01	-2.993349273007e-01	-7.847954680924e-01
-4.207064653351e-01	-5.137536132915e-01	-7.477053529668e-01
-4.455405396965e-01	-4.483752120172e-01	-7.748892157822e-01
-3.397476844709e-01	-1.555280196271e-01	-9.275680816024e-01
-8.359675282091e-02	-1.845070571960e-02	-9.963288384747e-01
7.522903874936e-02	-1.871409120772e-02	-9.969906591935e-01
3.461857397520e-01	-1.585552113761e-01	-9.246705783888e-01
4.173255537867e-01	-3.814795669285e-01	-8.248107189972e-01
3.711755285689e-01	-5.622872010394e-01	-7.389599654506e-01
5.150899207918e-01	-3.145287711266e-01	-7.973418499190e-01
6.885185732056e-01	7.267126456831e-02	-7.215684732975e-01
6.961532856577e-01	5.481546589243e-01	-4.635699221989e-01
3.665257176094e-01	8.989453896474e-01	-2.399084924772e-01
1.767525119518e-02	9.772152264216e-01	-2.115135616100e-01
-5.331067074805e-02	9.756551495136e-01	-2.127322298384e-01
-3.766913518709e-01	8.940261101088e-01	-2.425302864992e-01
-7.005331943611e-01	5.348322492526e-01	-4.724486308136e-01
-6.687219239369e-01	2.704630213315e-02	-7.430205151859e-01
-5.175061496417e-01	-2.931067038830e-01	-8.039128343433e-01
-3.912572407758e-01	-5.155607343415e-01	-7.623089273685e-01
-4.182084595460e-01	-4.667654992740e-01	-7.792506997441e-01
-3.248811350591e-01	-1.822203385769e-01	-9.280344801200e-01
-7.750244938125e-02	-5.005147667564e-02	-9.957350149626e-01
8.457986645265e-02	-5.328411587491e-02	-9.949909794497e-01
3.487663415765e-01	-1.900018676142e-01	-9.177479661031e-01
3.980242676824e-01	-4.382210699373e-01	-8.059398092903e-01
3.233471168830e-01	-5.980822288150e-01	-7.333105001151e-01
4.752934151695e-01	-3.392173248440e-01	-8.118052574493e-01
6.570251573139e-01	4.378104900945e-02	-7.525962811523e-01
6.752938981292e-01	5.304576846961e-01	-5.124380898180e-01
4.323190058175e-01	8.543741909917e-01	-2.883487800845e-01
9.403610745374e-02	9.648209407005e-01	-2.455153007059e-01

Hair-18
6.107983494420e-02	9.947322160443e-01	8.232297447771e-02
-5.145848765326e-01	8.557762150200e-01	-5.338047067982e-02
-8.252567253798e-01	4.652228645141e-01	-3.201859202850e-01
-8.045650351347e-01	-5.165264442293e-02	-5.916139861116e-01
-6.557768428869e-01	-3.736205610843e-01	-6.560216525911e-01
-5.539996604145e-01	-5.562435930810e-01	-6.194170173776e-01
-6.122920724233e-01	-4.192251216672e-01	-6.703347786074e-01
-4.792926067581e-01	-2.496077349907e-02	-8.773001521106e-01
-1.338354078340e-01	1.565882859962e-01	-9.785541335556e-01
1.207235094514e-01	1.560862473041e-01	-9.803381649555e-01
4.764971540092e-01	-4.062304788288e-02	-8.782370011573e-01
5.768712948074e-01	-3.620882872673e-01	-7.321964090673e-01
5.259068081366e-01	-5.763664408907e-01	-6.254788205611e-01
6.333265343434e-01	-3.781768846917e-01	-6.751886734694e-01
8.007528998037e-01	3.442822684636e-04	-5.989947202820e-01
8.067910469492e-01	4.870895824689e-01	-3.344128364954e-01
4.334362294390e-01	8.987637066534e-01	-6.600632251725e-02
2.137471841497e-02	9.995143068807e-01	-2.267756057079e-02
-7.674437503142e-03	9.996116092603e-01	-2.679055133991e-02
-4.013118441904e-01	9.138929654151e-01	-6.122459862843e-02
-8.079666761428e-01	4.887722966222e-01	-3.290767270675e-01
-7.902979733727e-01	-2.735070248407e-02	-6.121119606384e-01
-6.468271102063e-01	-3.414298615109e-01	-6.819386623230e-01
-5.381409606940e-01	-5.296480017502e-01	-6.556502883896e-01
-5.811623864238e-01	-4.207299191026e-01	-6.965892733728e-01
-4.564448127307e-01	-4.908911005276e-02	-8.883965286996e-01
-1.237427546352e-01	1.299474588729e-01	-9.837689711552e-01
1.191681858104e-01	1.276511737972e-01	-9.846340037389e-01
4.626986097645e-01	-5.940259844753e-02	-8.845232206221e-01
5.543013858753e-01	-3.785843806162e-01	-7.412313001825e-01
4.874588502501e-01	-5.889451323993e-01	-6.446142259802e-01
6.026410567089e-01	-3.889793659404e-01	-6.967917979148e-01
7.802760618444e-01	-4.459328540858e-03	-6.254193646679e-01
7.951696078656e-01	4.830139768358e-01	-3.666098647174e-01
4.380439383413e-01	8.929693906385e-01	-1.035527665738e-01
3.008618310972e-02	9.979193655277e-01	-5.702421845751e-02
-1.227114408116e-02	9.982861206496e-01	-5.722097815674e-02
-3.968021846220e-01	9.134181336440e-01	-9.063850952842e-02
-7.934105540875e-01	4.937641603761e-01	-3.559447240663e-01
-7.700408194547e-01	-2.374526932391e-02	-6.375525849357e-01
-6.223416863104e-01	-3.416827718932e-01	-7.042327093168e-01
-5.127554963782e-01	-5.330977048023e-01	-6.729700127557e-01
-5.560092224987e-01	-4.323540624679e-01	-7.098758406679e-01
-4.383270435575e-01	-7.398174951271e-02	-8.957656521798e-01
-1.162062383320e-01	1.017378943730e-01	-9.880007646866e-01
1.138261822551e-01	9.644525700740e-02	-9.888083295735e-01
4.483078465222e-01	-8.345187675063e-02	-8.899752013475e-01
5.284678445695e-01	-3.965582138297e-01	-7.506419388099e-01
4.531200879514e-01	-6.012370407127e-01	-6.581764252615e-01
5.750100770213e-01	-3.950798474242e-01	-7.164323593217e-01
7.577400429196e-01	-1.050565364609e-02	-6.524719600087e-01
7.814973757079e-01	4.798768452717e-01	-3.987230431437e-01
4.386800336879e-01	8.880278698505e-01	-1.377183009350e-01
3.272481514235e-02	9.954799450678e-01	-8.915584917231e-02
-1.772963296145e-02	9.959617614420e-01	-8.801039632023e-02
-3.950430360667e-01	9.107916095864e-01	-1.199985148331e-01
-7.781293059197e-01	4.959278416930e-01	-3.854482573610e-01
-7.475731076661e-01	-2.332488822329e-02	-6.637698383354e-01
-5.963616236323e-01	-3.435779012643e-01	-7.254702196654e-01
-4.865775521363e-01	-5.380469102223e-01	-6.882934026687e-01
-5.289773883087e-01	-4.452855988531e-01	-7.224289986650e-01
-4.210815648961e-01	-1.003596798452e-01	-9.014534099808e-01
-1.089304758793e-01	7.326252280077e-02	-9.913459306305e-01
1.054350294379e-01	6.726871291345e-02	-9.921483633159e-01
4.271896781263e-01	-1.070631779487e-01	-8.978008993256e-01
5.007974149235e-01	-4.078736154689e-01	-7.634402812338e-01
4.266677900472e-01	-6.047215539256e-01	-6.725075755366e-01
5.528711510210e-01	-3.879260168537e-01	-7.374597587779e-01
7.375215835278e-01	-3.186916299202e-03	-6.753160426017e-01
7.639395407839e-01	4.873585603949e-01	-4.229397257728e-01
4.292861784215e-01	8.878186536641e-01	-1.658053534187e-01
3.042499349674e-02	9.924755844247e-01	-1.186024202601e-01
-2.534761564850e-02	9.925529873610e-01	-1.191472436179e-01
-3.999333748508e-01	9.033029172028e-01	-1.552325206047e-01
-7.640182712122e-01	4.919026358312e-01	-4.175019498352e-01
-7.228347032117e-01	-2.870631567005e-02	-6.904244631193e-01
-5.674566739908e-01	-3.489446125782e-01	-7.458086755301e-01
-4.551518350839e-01	-5.476305869726e-01	-7.020951126677e-01
-5.011040936583e-01	-4.631169633725e-01	-7.310385527149e-01
-4.002165241395e-01	-1.247206245338e-01	-9.078939914007e-01
-1.004339518718e-01	4.266753270388e-02	-9.940284216079e-01
1.017077113387e-01	3.769936651224e-02	-9.940997430936e-01
4.084152463210e-01	-1.253782123143e-01	-9.041445075039e-01
4.772217154352e-01	-4.068282372012e-01	-7.789417306403e-01
4.098458047882e-01	-5.888705697896e-01	-6.966045279304e-01
5.425518723199e-01	-3.625196709992e-01	-7.577710432451e-01
7.235367981656e-01	2.374512769021e-02	-6.898772866324e-01
7.415766109089e-01	5.103030342483e-01	-4.354939074084e-01
4.079579975118e-01	8.928239016646e-01	-1.908815152983e-01
1.991355975898e-02	9.887200021830e-01	-1.484459747552e-01
-2.957765247735e-02	9.882788906954e-01	-1.497664738177e-01
-3.949556871721e-01	8.995396007919e-01	-1.866507749181e-01
-7.454656172557e-01	5.007465432508e-01	-4.399248946263e-01
-7.037241744774e-01	-1.729298137430e-02	-7.102627957674e-01
-5.483622339856e-01	-3.374594355662e-01	-7.651274336251e-01
-4.307476261241e-01	-5.427111657088e-01	-7.210555271291e-01
-4.758550168283e-01	-4.742555189563e-01	-7.407048708486e-01
-3.816271759097e-01	-1.461675170058e-01	-9.126860114955e-01
-9.602265539324e-02	1.234545729066e-02	-9.953025868225e-01
9.757604626834e-02	7.442807603325e-03	-9.952002410619e-01
3.891444470212e-01	-1.476945437920e-01	-9.092595455021e-01
4.505152170651e-01	-4.182244716163e-01	-7.887485851233e-01
3.817295303397e-01	-5.877615836994e-01	-7.133154185869e-01
5.216939435418e-01	-3.531484512506e-01	-7.766090397691e-01
7.027154132644e-01	3.162676379989e-02	-7.107677509371e-01
7.225401205449e-01	5.173370472211e-01	-4.585827665488e-01
4.011712269284e-01	8.887184656874e-01	-2.219034371772e-01
1.789017824314e-02	9.838075625040e-01	-1.783328951212e-01
-2.698964269595e-02	9.834434834835e-01	-1.791939563185e-01
-3.848751263769e-01	8.977056478700e-01	-2.144660972710e-01
-7.247293845403e-01	5.141968706582e-01	-4.586598929372e-01
-6.851436210611e-01	-2.396196697568e-04	-7.284079633706e-01
-5.306130474786e-01	-3.189897481819e-01	-7.852995189100e-01
-4.090564325531e-01	-5.328476561077e-01	-7.407740616189e-01
-4.480190169843e-01	-4.794066592588e-01	-7.546179268204e-01
-3.585802786515e-01	-1.685507316420e-01	-9.181562147179e-01
-9.353746397710e-02	-1.804955591458e-02	-9.954521366515e-01
9.040773329183e-02	-2.227900793287e-02	-9.956556069076e-01
3.657653738928e-01	-1.660065027836e-01	-9.157824699647e-01
4.223770249383e-01	-4.228050159294e-01	-8.017690236653e-01
3.543115295429e-01	-5.837797413544e-01	-7.305234791690e-01
5.017307464459e-01	-3.420908850934e-01	-7.945061890299e-01
6.818131609043e-01	4.153051277420e-02	-7.303465137361e-01
7.028676997185e-01	5.244241128730e-01	-4.805791782108e-01
3.902670654978e-01	8.854339521995e-01	-2.523852885570e-01
4.433151913003e-03	9.782053244977e-01	-2.075926065360e-01
-3.570215843649e-02	9.771911073153e-01	-2.093391880819e-01
-3.751043803567e-01	8.957259822195e-01	-2.386873867931e-01
-7.016153027062e-01	5.292846735466e-01	-4.770678163082e-01
-6.645301438208e-01	1.806066910620e-02	-7.470431715671e-01
-5.167043676165e-01	-2.929789769678e-01	-8.044749315802e-01
-3.924056389141e-01	-5.200406048128e-01	-7.586669782548e-01
-4.169523503606e-01	-4.885259576522e-01	-7.664810018707e-01
-3.412270225131e-01	-1.996625763119e-01	-9.185308784833e-01
-9.894367876783e-02	-5.275239041685e-02	-9.936937826802e-01
7.823940976208e-02	-5.177245519843e-02	-9.955893770239e-01
3.334030455792e-01	-1.772188656013e-01	-9.259783382312e-01
4.048454510881e-01	-4.218614975349e-01	-8.112539908259e-01
3.409172992060e-01	-5.734603498395e-01	-7.449286021251e-01
4.950234900969e-01	-3.024515767418e-01	-8.145396171941e-01
6.677517037453e-01	8.418617127890e-02	-7.396082413756e-01
6.742854110597e-01	5.552841081246e-01	-4.868251674846e-01
4.240609440197e-01	8.568380240460e-01	-2.932591282571e-01
-4.659101915991e-02	9.929098043140e-01	-1.093590299464e-01

Hair-19
-8.068464378860e-02	9.966887743041e-01	1.007350151840e-02
-5.389154156361e-01	8.402490393624e-01	-5.959636432101e-02
-8.247269807375e-01	4.356886442529e-01	-3.605562542970e-01
-7.879665820627e-01	-1.102260111406e-01	-6.057713199058e-01
-6.255101382090e-01	-4.217233836821e-01	-6.564194197718e-01
-5.343311856401e-01	-5.926991780942e-01	-6.026589983887e-01
-6.052449642583e-01	-4.312532714665e-01	-6.691032424741e-01
-4.803254267982e-01	-3.240913736536e-02	-8.764913759908e-01
-1.338978485056e-01	1.519904175416e-01	-9.792702789022e-01
1.118100340445e-01	1.556258215099e-01	-9.814678394967e-01
4.709278419843e-01	-2.430232929157e-02	-8.818369262142e-01
5.789317172360e-01	-3.447155308634e-01	-7.389244004360e-01
5.193529474646e-01	-5.747297760628e-01	-6.324224857377e-01
6.319694832490e-01	-3.814046141907e-01	-6.746444193173e-01
8.035538735550e-01	6.122541514808e-03	-5.952005433299e-01
8.073530248396e-01	4.889779008869e-01	-3.302751969593e-01
4.425395534870e-01	8.937508103722e-01	-7.326822338913e-02
5.295912688186e-02	9.981362517067e-01	-3.032084940891e-02
-2.035467616575e-02	9.993820836341e-01	-2.865550678828e-02
-3.893137510862e-01	9.193898847786e-01	-5.618756963945e-02
-8.063324972223e-01	4.955060413860e-01	-3.229576858866e-01
-7.928497540580e-01	-1.851629164949e-02	-6.091357930985e-01
-6.487742457007e-01	-3.382035815363e-01	-6.816966448146e-01
-5.455972738316e-01	-5.197519743456e-01	-6.574051261980e-01
-5.797070996252e-01	-3.959201797528e-01	-7.121705483300e-01
-4.470392041554e-01	-4.217167806715e-02	-8.935197253095e-01
-1.259737647252e-01	1.232316279419e-01	-9.843498242372e-01
1.045734988296e-01	1.239678300802e-01	-9.867605385542e-01
4.388369012196e-01	-4.044984444138e-02	-8.976558272594e-01
5.511009222537e-01	-3.418290600004e-01	-7.612100020562e-01
4.964131882720e-01	-5.731773989211e-01	-6.519521576586e-01
6.132275468808e-01	-3.719694268121e-01	-6.968433979479e-01
7.854263796737e-01	1.484139811017e-02	-6.187771287101e-01
7.914542938456e-01	4.955253199263e-01	-3.578473949400e-01
4.353217816765e-01	8.944677146628e-01	-1.020904198437e-01
5.065219425562e-02	9.968781572615e-01	-6.056644939262e-02
-1.465395168942e-02	9.982040304224e-01	-5.808593072732e-02
-3.820839542217e-01	9.201144362066e-01	-8.603067017351e-02
-7.910766559624e-01	5.021589025850e-01	-3.493338817607e-01
-7.739602565505e-01	-1.014088357216e-02	-6.331529702692e-01
-6.287903919777e-01	-3.313896120580e-01	-7.034227519611e-01
-5.220622987582e-01	-5.188124703700e-01	-6.769671903452e-01
-5.534477444481e-01	-4.042779368953e-01	-7.281860640695e-01
-4.283143231519e-01	-6.551750644759e-02	-9.012515170205e-01
-1.206431989023e-01	9.599011521416e-02	-9.880440862329e-01
9.766567878072e-02	9.565437676739e-02	-9.906117581543e-01
4.207222594576e-01	-6.504877728389e-02	-9.048543733501e-01
5.239791639473e-01	-3.490020549788e-01	-7.769449152737e-01
4.722737189411e-01	-5.724357645464e-01	-6.702796654127e-01
5.935486806865e-01	-3.632208323682e-01	-7.181716999360e-01
7.664006614898e-01	2.371909747972e-02	-6.419247856897e-01
7.746626890052e-01	5.029023223010e-01	-3.833888006807e-01
4.271136978091e-01	8.945572368893e-01	-1.316861384991e-01
4.617589464160e-02	9.947849341289e-01	-9.094350765314e-02
-2.198652695290e-02	9.957897198219e-01	-8.899115983961e-02
-3.846307041911e-01	9.155245542906e-01	-1.177879955020e-01
-7.774109832656e-01	4.987866479053e-01	-3.832023525104e-01
-7.502707109075e-01	-1.624627722965e-02	-6.609310999118e-01
-6.003237757564e-01	-3.373215239672e-01	-7.251382997264e-01
-4.916789347885e-01	-5.291780541599e-01	-6.915362695339e-01
-5.258368527510e-01	-4.189000537081e-01	-7.402826144739e-01
-4.086549674995e-01	-9.068825119307e-02	-9.081722075870e-01
-1.075334728191e-01	7.175196216607e-02	-9.916088987846e-01
9.519130395643e-02	6.671887532614e-02	-9.932206236916e-01
4.102582292873e-01	-9.459848580562e-02	-9.070497846234e-01
4.952711262861e-01	-3.639600614733e-01	-7.888216434148e-01
4.334496374778e-01	-5.901068682990e-01	-6.810985947399e-01
5.615282442395e-01	-3.738630449568e-01	-7.381818573610e-01
7.409969732038e-01	1.000183145455e-02	-6.714338754265e-01
7.603711494381e-01	4.955911177116e-01	-4.197918045264e-01
4.293058429652e-01	8.880090371436e-01	-1.647314273211e-01
5.560134171881e-02	9.909624541410e-01	-1.220733602469e-01
-1.426341298065e-02	9.928167882111e-01	-1.187913300555e-01
-3.779278090285e-01	9.140252618590e-01	-1.474055353321e-01
-7.578846730606e-01	5.132447376340e-01	-4.027290176170e-01
-7.313866397071e-01	-2.330347677754e-03	-6.819590550302e-01
-5.822646319874e-01	-3.227488533354e-01	-7.461910452473e-01
-4.716402859343e-01	-5.187380480591e-01	-7.130682142542e-01
-4.985790767900e-01	-4.161309309721e-01	-7.604301101847e-01
-3.711878418069e-01	-1.054821969260e-01	-9.225470677567e-01
-8.127464727575e-02	4.714711976850e-02	-9.955760045359e-01
1.043154309321e-01	3.200568504977e-02	-9.940291378999e-01
4.006590309220e-01	-1.186496052217e-01	-9.085123070831e-01
4.706956200390e-01	-3.730279384823e-01	-7.995597478536e-01
4.162525635772e-01	-5.769773806573e-01	-7.027310335578e-01
5.502068338011e-01	-3.500215665535e-01	-7.581275242240e-01
7.269349247400e-01	3.846449055933e-02	-6.856282507010e-01
7.385592302498e-01	5.172715585044e-01	-4.323891744426e-01
3.999380873227e-01	8.973010546659e-01	-1.868163365556e-01
3.541305706374e-02	9.878683686830e-01	-1.512018569493e-01
-3.190026304795e-02	9.880275226180e-01	-1.509436575903e-01
-3.800870275227e-01	9.071195984818e-01	-1.807425947563e-01
-7.386916309406e-01	5.225403996291e-01	-4.257771777981e-01
-7.131691520600e-01	1.215510044512e-02	-7.008865914563e-01
-5.637606526055e-01	-3.103391194553e-01	-7.654172440633e-01
-4.463424675600e-01	-5.150751999958e-01	-7.317622154783e-01
-4.727693117765e-01	-4.339001084822e-01	-7.669549359001e-01
-3.607075028025e-01	-1.311456851939e-01	-9.234126416056e-01
-9.651932330169e-02	1.019034745723e-02	-9.952789443408e-01
8.808429083824e-02	4.853916107712e-03	-9.961011982755e-01
3.682639723135e-01	-1.343503584401e-01	-9.199628404903e-01
4.447928420523e-01	-3.747647304230e-01	-8.134560372202e-01
3.977084305926e-01	-5.637211315411e-01	-7.239105539288e-01
5.362937197761e-01	-3.266080530109e-01	-7.782777305288e-01
7.100390204324e-01	6.328317731584e-02	-7.013129322437e-01
7.169245327289e-01	5.334353398293e-01	-4.488495879386e-01
3.846834456896e-01	8.979697738189e-01	-2.137029057360e-01
2.195891173020e-02	9.834808296944e-01	-1.796754402226e-01
-3.480760856840e-02	9.827891293199e-01	-1.814220429726e-01
-3.759921662130e-01	9.020746840638e-01	-2.118753296582e-01
-7.182136652478e-01	5.339860067638e-01	-4.461256276338e-01
-6.944102173573e-01	2.887447328233e-02	-7.189998016846e-01
-5.453786879003e-01	-2.947195636292e-01	-7.846671049549e-01
-4.235602799271e-01	-5.065127021780e-01	-7.510270113654e-01
-4.455576694321e-01	-4.410798326385e-01	-7.790551613653e-01
-3.398069478365e-01	-1.522016165396e-01	-9.280980045904e-01
-9.815979179186e-02	-2.262711600461e-02	-9.949133976868e-01
8.104855456222e-02	-2.532527961417e-02	-9.963883590327e-01
3.411180217752e-01	-1.533119804870e-01	-9.274340579574e-01
4.169077023502e-01	-3.785062082606e-01	-8.263903545112e-01
3.735838173734e-01	-5.581973825480e-01	-7.408446622021e-01
5.165473398325e-01	-3.122559606270e-01	-7.972923308078e-01
6.900365690544e-01	7.754364349669e-02	-7.196085857749e-01
6.959914728494e-01	5.402583350690e-01	-4.729871045909e-01
3.824582855169e-01	8.905341417257e-01	-2.463221513796e-01
2.581230710068e-02	9.772795113287e-01	-2.103769985983e-01
-3.927668239225e-02	9.764998207181e-01	-2.119090426523e-01
-3.700578179773e-01	8.969402823952e-01	-2.419821091955e-01
-6.975268499488e-01	5.453821136541e-01	-4.647737553979e-01
-6.736807501938e-01	4.137817089176e-02	-7.378631944961e-01
-5.246922902888e-01	-2.808824636270e-01	-8.036187168915e-01
-3.987137856646e-01	-5.019358711686e-01	-7.675204872544e-01
-4.183939465401e-01	-4.562808262969e-01	-7.853370697047e-01
-3.245864800098e-01	-1.789450834669e-01	-9.287746088788e-01
-8.128427751749e-02	-4.871260535912e-02	-9.954998484719e-01
9.702760183269e-02	-6.380016607416e-02	-9.932347070514e-01
3.436896126643e-01	-1.868719058478e-01	-9.203023095437e-01
3.955619663344e-01	-4.404061878809e-01	-8.059609919009e-01
3.187782182120e-01	-6.115294160716e-01	-7.241631175866e-01
4.670342256678e-01	-3.522101393581e-01	-8.110653794783e-01
6.572054614304e-01	2.891598983966e-02	-7.531565886306e-01
6.691738089443e-01	5.214965075384e-01	-5.293843651340e-01
4.894948489237e-01	8.134145899380e-01	-3.142475103372e-01
1.096435916897e-01	9.649305111494e-01	-2.385107784867e-01

Hair-20
-1.548045177328e-02	9.994061217851e-01	3.078570043795e-02
-5.268785238742e-01	8.469986333174e-01	-7.065646636135e-02
-8.237957166303e-01	4.855410389407e-01	-2.925927489975e-01
-8.038443465369e-01	-4.672772031566e-02	-5.930015064860e-01
-6.612757816404e-01	-3.581372909917e-01	-6.591297455107e-01
-5.617219493488e-01	-5.363679301660e-01	-6.299030839020e-01
-6.043349833116e-01	-3.935041194881e-01	-6.927724993760e-01
-4.654444057106e-01	-2.625526708615e-02	-8.846876093531e-01
-1.424756624184e-01	1.539904601762e-01	-9.777461960004e-01
1.222090246221e-01	1.574096683113e-01	-9.799424220958e-01
4.624054851255e-01	-2.651745315469e-02	-8.862719627767e-01
5.742834662558e-01	-3.257385383581e-01	-7.510611859320e-01
5.434423731466e-01	-5.458005466683e-01	-6.377869160820e-01
6.482225230202e-01	-3.493508819245e-01	-6.765807578907e-01
8.107143839857e-01	3.588794682408e-02	-5.843408618876e-01
7.997338943877e-01	5.165264863288e-01	-3.059838020032e-01
4.386416394810e-01	8.958123936610e-01	-7.150991173819e-02
5.580673061415e-02	9.979790110947e-01	-3.038917953043e-02
-2.770463804437e-02	9.991626387280e-01	-3.010771331332e-02
-3.875637979876e-01	9.201901393131e-01	-5.517617239637e-02
-7.948241705998e-01	5.295935919927e-01	-2.962856141472e-01
-8.028762160573e-01	1.965399055245e-02	-5.958217034860e-01
-6.698908127404e-01	-2.970859045608e-01	-6.804309401528e-01
-5.664432509005e-01	-4.799029002101e-01	-6.699516772718e-01
-5.757889999755e-01	-3.728543811807e-01	-7.276308390534e-01
-4.348047203497e-01	-3.903213776851e-02	-8.996784688892e-01
-1.295218290861e-01	1.265108042612e-01	-9.834729849850e-01
1.164870759034e-01	1.279051456525e-01	-9.849218420073e-01
4.315622417958e-01	-4.469152821494e-02	-9.009754151818e-01
5.479860553998e-01	-3.192922892383e-01	-7.731518072929e-01
5.196078136617e-01	-5.449119154920e-01	-6.580871707735e-01
6.300337256184e-01	-3.395962967155e-01	-6.983780207313e-01
7.932255036467e-01	4.613440603082e-02	-6.071778297539e-01
7.840235892514e-01	5.253271225948e-01	-3.306636142118e-01
4.339285521531e-01	8.950529625317e-01	-1.028892894792e-01
5.853164611781e-02	9.964100814650e-01	-6.116368168874e-02
-2.282494741395e-02	9.979412586503e-01	-5.993551584036e-02
-3.847275544364e-01	9.189702731180e-01	-8.647743048179e-02
-7.811408285172e-01	5.341052144128e-01	-3.233428922376e-01
-7.833965400845e-01	2.733661120922e-02	-6.209207442751e-01
-6.485670151983e-01	-2.903189319427e-01	-7.036161912239e-01
-5.425403343266e-01	-4.791237214794e-01	-6.899930761570e-01
-5.498730660327e-01	-3.774677322479e-01	-7.450890700872e-01
-4.096840194143e-01	-5.892706884162e-02	-9.103222532677e-01
-1.180370067002e-01	9.895608758817e-02	-9.880662719567e-01
1.120160067327e-01	9.669356265176e-02	-9.889907831610e-01
4.170994536600e-01	-6.802105063246e-02	-9.063118571592e-01
5.219538341689e-01	-3.263866107141e-01	-7.880583578283e-01
4.919123180558e-01	-5.487764734360e-01	-6.759191176081e-01
6.076413082286e-01	-3.343964031341e-01	-7.203825970310e-01
7.732178266649e-01	5.141035133325e-02	-6.320531372467e-01
7.686612524205e-01	5.292166077703e-01	-3.592904967953e-01
4.287686691600e-01	8.934689069138e-01	-1.336814898372e-01
5.638477549615e-02	9.941794024185e-01	-9.180453637530e-02
-2.313080977541e-02	9.956737947672e-01	-8.999255554254e-02
-3.823424277122e-01	9.167035326659e-01	-1.160555951647e-01
-7.680116801200e-01	5.319545782880e-01	-3.566263953181e-01
-7.601968546521e-01	2.489582426981e-02	-6.492156345245e-01
-6.225284747104e-01	-2.942023697948e-01	-7.251918806646e-01
-5.143265521634e-01	-4.881375032102e-01	-7.051169943346e-01
-5.244272665401e-01	-3.881881841229e-01	-7.578165845484e-01
-3.868004254186e-01	-8.040844723550e-02	-9.186511375431e-01
-1.036528655144e-01	7.280862821653e-02	-9.919450524741e-01
1.099342483211e-01	6.616428525323e-02	-9.917342125807e-01
4.078712587368e-01	-9.654220020830e-02	-9.079210537681e-01
4.962298645303e-01	-3.421274296211e-01	-7.979378067551e-01
4.499554348335e-01	-5.724572695014e-01	-6.854434923892e-01
5.737583196607e-01	-3.498347622864e-01	-7.405518413428e-01
7.466967080513e-01	3.643374786055e-02	-6.641660998592e-01
7.574639334510e-01	5.140376780558e-01	-4.025091987271e-01
4.280605532977e-01	8.884479442427e-01	-1.656031795632e-01
5.830070501215e-02	9.907718336727e-01	-1.223609471847e-01
-2.114714348408e-02	9.925599428301e-01	-1.199064560882e-01
-3.821448276745e-01	9.120511309932e-01	-1.487550507901e-01
-7.524252551112e-01	5.338637163998e-01	-3.858053496034e-01
-7.388841479271e-01	2.564121361582e-02	-6.733444468519e-01
-5.943950881193e-01	-2.952940616359e-01	-7.479945831236e-01
-4.889411965750e-01	-4.947266767131e-01	-7.184580862098e-01
-4.987068031925e-01	-3.979517481569e-01	-7.700168378603e-01
-3.738319278880e-01	-1.084163532675e-01	-9.211382002912e-01
-1.024243629985e-01	4.273038912988e-02	-9.938226017299e-01
9.723507424973e-02	3.652508335295e-02	-9.945910006740e-01
3.794432540710e-01	-1.108663453359e-01	-9.185485672581e-01
4.696419689042e-01	-3.501233042447e-01	-8.104628880267e-01
4.358819667840e-01	-5.476113386906e-01	-7.142329681344e-01
5.650692139517e-01	-3.159214808399e-01	-7.621616635517e-01
7.331735975870e-01	7.172270213969e-02	-6.762487188891e-01
7.337317412410e-01	5.410932410646e-01	-4.109207178637e-01
4.035083285253e-01	8.952167516996e-01	-1.891242879358e-01
4.161534674197e-02	9.874840236585e-01	-1.521297667608e-01
-3.610163070506e-02	9.877818528837e-01	-1.516037050144e-01
-3.811371385596e-01	9.066249929875e-01	-1.810127169596e-01
-7.315525289970e-01	5.514638950729e-01	-4.008970812430e-01
-7.224329830939e-01	4.678987669675e-02	-6.898559939413e-01
-5.799828291530e-01	-2.745811179082e-01	-7.669583610444e-01
-4.675741629140e-01	-4.825176779280e-01	-7.406423513831e-01
-4.715130453829e-01	-4.075898680759e-01	-7.820140327869e-01
-3.499716424022e-01	-1.291230676984e-01	-9.278184536333e-01
-9.782890934952e-02	1.340758244284e-02	-9.951129288822e-01
9.179882604193e-02	7.283266886847e-03	-9.957509375144e-01
3.590468605446e-01	-1.329618404255e-01	-9.238000329745e-01
4.415399522844e-01	-3.497816742965e-01	-8.262537448406e-01
4.128272469073e-01	-5.389376862633e-01	-7.342478018599e-01
5.477760744276e-01	-2.982866011603e-01	-7.816434454743e-01
7.153716715871e-01	8.982276477081e-02	-6.929467818091e-01
7.122466179976e-01	5.547137882578e-01	-4.301132040146e-01
3.926138065203e-01	8.934321901255e-01	-2.182505912412e-01
3.917599343519e-02	9.824339351125e-01	-1.824521983362e-01
-3.789613065771e-02	9.826293713272e-01	-1.816683843883e-01
-3.753400934459e-01	9.025595095355e-01	-2.109647980091e-01
-7.121201340154e-01	5.602661262862e-01	-4.230682952740e-01
-7.019702342677e-01	5.785201497932e-02	-7.098527555521e-01
-5.590207920040e-01	-2.641325960947e-01	-7.859578397011e-01
-4.429535564481e-01	-4.792841639347e-01	-7.576799040699e-01
-4.446674295014e-01	-4.153575356812e-01	-7.935672590861e-01
-3.298857519419e-01	-1.532352311670e-01	-9.315011296799e-01
-9.476692388300e-02	-1.645153555167e-02	-9.953635401780e-01
8.003064247991e-02	-2.044745411662e-02	-9.965826598353e-01
3.352118466875e-01	-1.534417923545e-01	-9.295636794752e-01
4.131737800703e-01	-3.505808844878e-01	-8.404644376142e-01
3.886940037773e-01	-5.333914943593e-01	-7.512725771468e-01
5.289236042808e-01	-2.827396649999e-01	-8.001862924784e-01
6.954310000563e-01	1.057948476184e-01	-7.107623895354e-01
6.905752239347e-01	5.673508769784e-01	-4.485742329641e-01
3.730506597641e-01	8.954050220514e-01	-2.430700551995e-01
2.450257412634e-02	9.769730802714e-01	-2.119509950110e-01
-4.694878160426e-02	9.761754496050e-01	-2.118426385180e-01
-3.753850113953e-01	8.946484269705e-01	-2.422607796137e-01
-6.947967590519e-01	5.584968352783e-01	-4.531431877399e-01
-6.767100134147e-01	5.777202092258e-02	-7.339795306021e-01
-5.327088317231e-01	-2.626764642389e-01	-8.045013211544e-01
-4.097816859723e-01	-4.867146502289e-01	-7.714841664573e-01
-4.172431372396e-01	-4.408043421576e-01	-7.947324684203e-01
-3.192498861658e-01	-1.829228683269e-01	-9.298487696535e-01
-8.736892256613e-02	-4.692517702903e-02	-9.950701980918e-01
9.520126053040e-02	-6.005225137609e-02	-9.936450307318e-01
3.324166951823e-01	-1.830191786978e-01	-9.252043671497e-01
3.950334677864e-01	-4.177451947751e-01	-8.181916105479e-01
3.346911943296e-01	-5.806851539701e-01	-7.421499554652e-01
4.866211611232e-01	-3.126757065062e-01	-8.157412261912e-01
6.613618199951e-01	6.606100930900e-02	-7.471522509514e-01
6.766303929988e-01	5.574973583531e-01	-4.810072834164e-01
4.413458811591e-01	8.429365589112e-01	-3.076877814195e-01
9.017953974298e-02	9.679063912237e-01	-2.345738016918e-01

Hair-21
-1.220653143564e-01	9.925049628938e-01	-5.827320336957e-03
-5.743509829395e-01	8.153079583947e-01	-7.344304851146e-02
-8.239259592384e-01	4.342492709740e-01	-3.641065563152e-01
-7.887813902921e-01	-1.076325425070e-01	-6.051769609977e-01
-6.271103697053e-01	-4.205147334348e-01	-6.556675553757e-01
-5.351197521777e-01	-5.885236192237e-01	-6.060419131092e-01
-6.044512886949e-01	-4.299325065191e-01	-6.706688299252e-01
-4.883711470285e-01	-3.712633419256e-02	-8.718458912328e-01
-1.583471042483e-01	1.389184150782e-01	-9.775622069865e-01
9.868810037176e-02	1.590688834279e-01	-9.823226298778e-01
4.487216686645e-01	-1.155189709430e-02	-8.935968989116e-01
5.775453444396e-01	-3.312212048458e-01	-7.461460236285e-01
5.245260137934e-01	-5.663921677020e-01	-6.356668728350e-01
6.339353583613e-01	-3.765414631067e-01	-6.755312635110e-01
8.045955259704e-01	9.456470826006e-03	-5.937479387316e-01
8.073449704108e-01	4.890239616701e-01	-3.302266852707e-01
4.424562604397e-01	8.937664017848e-01	-7.358040933818e-02
4.216500896029e-02	9.986779766739e-01	-2.940086607306e-02
-2.050050557732e-02	9.994142891907e-01	-2.740087284335e-02
-4.009363058327e-01	9.140310761646e-01	-6.162199664559e-02
-8.043461400935e-01	5.041379245011e-01	-3.144395649348e-01
-7.958990371338e-01	-6.604966962227e-03	-6.053933408131e-01
-6.542107378017e-01	-3.246009746997e-01	-6.831123756521e-01
-5.524426421719e-01	-5.067659252763e-01	-6.618122272132e-01
-5.783477313076e-01	-3.832272515821e-01	-7.201741284829e-01
-4.357047825044e-01	-3.758948679556e-02	-8.993043828345e-01
-1.290127108028e-01	1.216868827287e-01	-9.841483744960e-01
1.034963240559e-01	1.238132998324e-01	-9.868934986570e-01
4.232781014703e-01	-3.168464220186e-02	-9.054455987326e-01
5.485871202985e-01	-3.212237429670e-01	-7.719245289514e-01
5.093776723038e-01	-5.521001517325e-01	-6.600907584683e-01
6.229951752688e-01	-3.507484614659e-01	-6.991798970016e-01
7.905739685984e-01	3.543062839616e-02	-6.113407157601e-01
7.884762094808e-01	5.087427691321e-01	-3.456675598585e-01
4.302964595360e-01	8.968964029595e-01	-1.020872140336e-01
2.883157118403e-02	9.978901636946e-01	-5.817182913260e-02
-2.302817803580e-02	9.980986822310e-01	-5.717275177142e-02
-4.030621431087e-01	9.103510108819e-01	-9.381868565970e-02
-7.907318229608e-01	5.048875855634e-01	-3.461671707441e-01
-7.752133051987e-01	-2.892651864072e-03	-6.316929349044e-01
-6.317611223472e-01	-3.223698599165e-01	-7.049507484272e-01
-5.283101292393e-01	-5.078841385571e-01	-6.803984929034e-01
-5.516849017701e-01	-3.909141766304e-01	-7.367698932966e-01
-4.116594843831e-01	-5.798494282514e-02	-9.094911848517e-01
-1.195618605999e-01	9.486378716077e-02	-9.882842826714e-01
1.028203351583e-01	9.367676137983e-02	-9.902790733199e-01
4.080865733947e-01	-5.761100256148e-02	-9.111236584563e-01
5.216336777231e-01	-3.244170672794e-01	-7.890829314609e-01
4.885959609829e-01	-5.469775336415e-01	-6.797717003544e-01
6.061668099582e-01	-3.356092367654e-01	-7.210604958690e-01
7.734099457088e-01	5.226722816667e-02	-6.317477287165e-01
7.710955698553e-01	5.178022779578e-01	-3.705299219918e-01
4.240521405981e-01	8.958671167322e-01	-1.326721191962e-01
3.162183271340e-02	9.954030894438e-01	-9.040325891040e-02
-2.700330022228e-02	9.957366349813e-01	-8.820076832529e-02
-3.962423424206e-01	9.101840517268e-01	-1.206523852034e-01
-7.756697102798e-01	5.069095332306e-01	-3.760042894361e-01
-7.531585443891e-01	1.108302439556e-03	-6.578381097803e-01
-6.082717556763e-01	-3.208843348891e-01	-7.259743210811e-01
-5.031308027501e-01	-5.109167202726e-01	-6.970104018377e-01
-5.246877892381e-01	-3.981495502674e-01	-7.524491075457e-01
-3.873935290623e-01	-8.201774610145e-02	-9.182588648987e-01
-1.053160402676e-01	7.278367709413e-02	-9.917716813919e-01
1.084793231231e-01	6.384906159671e-02	-9.920461349090e-01
4.046017065433e-01	-9.050037890889e-02	-9.100039233320e-01
4.956061797730e-01	-3.287094077768e-01	-8.039431819537e-01
4.509727230547e-01	-5.690952713875e-01	-6.875712145989e-01
5.757812787501e-01	-3.460169578566e-01	-7.407753937035e-01
7.475663750770e-01	3.784355954354e-02	-6.631081207883e-01
7.580598606504e-01	5.086886374587e-01	-4.081435014686e-01
4.233079264759e-01	8.910653835012e-01	-1.637463944902e-01
4.600290443068e-02	9.915580160558e-01	-1.212288479669e-01
-2.099686652812e-02	9.926332089587e-01	-1.193249515751e-01
-3.853502311731e-01	9.106167227029e-01	-1.492728497370e-01
-7.559212081883e-01	5.221942516068e-01	-3.948370430949e-01
-7.359743770398e-01	1.489471843898e-02	-6.768455242546e-01
-5.896035806386e-01	-3.041414680081e-01	-7.482416622563e-01
-4.839920185175e-01	-5.024624701840e-01	-7.164378494105e-01
-4.986244744262e-01	-3.957388759235e-01	-7.712096832808e-01
-3.689693599324e-01	-1.060098072646e-01	-9.233761596418e-01
-9.714902479729e-02	4.413968770443e-02	-9.942905787295e-01
1.014514700167e-01	3.217723362247e-02	-9.943199811267e-01
3.826162681711e-01	-1.096634392197e-01	-9.173759978489e-01
4.690934459524e-01	-3.546304609307e-01	-8.088192475112e-01
4.268943720259e-01	-5.630371677250e-01	-7.076371548278e-01
5.567154322265e-01	-3.343816451202e-01	-7.604320107200e-01
7.296595634995e-01	5.582520521855e-02	-6.815280389361e-01
7.378512538017e-01	5.208601845876e-01	-4.292786919644e-01
4.141448930405e-01	8.894976145827e-01	-1.930751180762e-01
3.946219043581e-02	9.877534715560e-01	-1.509497100199e-01
-1.632888695181e-02	9.886148583623e-01	-1.495795082094e-01
-3.748932198312e-01	9.095081286925e-01	-1.795829545554e-01
-7.331598179976e-01	5.448589321948e-01	-4.069464648836e-01
-7.223968267987e-01	4.486299484638e-02	-6.900218375708e-01
-5.780296244845e-01	-2.779220062343e-01	-7.672295039094e-01
-4.642060873317e-01	-4.838890103771e-01	-7.418653072630e-01
-4.715887143805e-01	-4.064165758515e-01	-7.825788467255e-01
-3.499658003261e-01	-1.271912222951e-01	-9.280874590108e-01
-9.915362271004e-02	1.157814939067e-02	-9.950047766519e-01
8.918194857928e-02	5.068760192317e-03	-9.960024536705e-01
3.562018767470e-01	-1.295533801751e-01	-9.253843226936e-01
4.417096633750e-01	-3.534020788223e-01	-8.246208486118e-01
4.080655410819e-01	-5.483188261309e-01	-7.299513539216e-01
5.425714985085e-01	-3.095438982337e-01	-7.808961160567e-01
7.128686204841e-01	7.989995696831e-02	-6.967311725519e-01
7.158608030913e-01	5.397270742151e-01	-4.429875799125e-01
4.038354400319e-01	8.874430368055e-01	-2.221751421732e-01
3.091508150702e-02	9.831348316551e-01	-1.802502719054e-01
-2.199692373338e-02	9.834905406726e-01	-1.796176265119e-01
-3.747592709303e-01	9.025403095410e-01	-2.120765864148e-01
-7.149644584953e-01	5.504540166230e-01	-4.310756298750e-01
-6.998114088585e-01	5.140760639246e-02	-7.124754381988e-01
-5.550136602578e-01	-2.725603140528e-01	-7.859202962964e-01
-4.360610754680e-01	-4.854754657645e-01	-7.577363067733e-01
-4.443133407951e-01	-4.226340050456e-01	-7.899152821478e-01
-3.320507902749e-01	-1.494759027121e-01	-9.313427012578e-01
-9.749854946588e-02	-2.057662168335e-02	-9.950229321439e-01
8.074899860573e-02	-2.323724283091e-02	-9.964635616869e-01
3.325182645112e-01	-1.522266273380e-01	-9.307301744844e-01
4.138087526145e-01	-3.568047568301e-01	-8.375277199968e-01
3.862130089403e-01	-5.394171415772e-01	-7.482437163772e-01
5.244042314073e-01	-2.897393368539e-01	-8.006568046058e-01
6.930050678916e-01	9.783205680835e-02	-7.142638619846e-01
6.947984397048e-01	5.563677298278e-01	-4.557522105159e-01
3.922850056100e-01	8.851521203835e-01	-2.502362846474e-01
3.229410097739e-02	9.770597323128e-01	-2.105026615862e-01
-2.875529978970e-02	9.770608212435e-01	-2.110101521847e-01
-3.703936468270e-01	8.966436648905e-01	-2.425668662490e-01
-6.971089965446e-01	5.458480560011e-01	-4.648536831051e-01
-6.750591857610e-01	4.826714920472e-02	-7.361829786319e-01
-5.262258487653e-01	-2.775021132381e-01	-8.037903540349e-01
-4.030704658316e-01	-4.946349636708e-01	-7.699808129354e-01
-4.166952077446e-01	-4.388108910576e-01	-7.961219163746e-01
-3.148407993733e-01	-1.742933461951e-01	-9.330043411057e-01
-7.052136995406e-02	-4.575360699957e-02	-9.964604075558e-01
1.095233148180e-01	-7.234408481137e-02	-9.913480604228e-01
3.448690126651e-01	-1.920595357866e-01	-9.187918691504e-01
3.979606857646e-01	-4.549059057542e-01	-7.966730254601e-01
3.119332912919e-01	-6.227346723195e-01	-7.175647355291e-01
4.599447323470e-01	-3.644302788589e-01	-8.097168733805e-01
6.501360924607e-01	1.785688329235e-02	-7.596079205742e-01
6.738031913691e-01	5.131757159637e-01	-5.316389224332e-01
5.050232297638e-01	7.971918048610e-01	-3.308122785831e-01
9.626915718722e-02	9.710307067382e-01	-2.187044031242e-01

Hair-22
-1.833182068826e-02	9.986507889870e-01	4.858545055706e-02
-5.390721733929e-01	8.387558311130e-01	-7.674534283872e-02
-8.307659621380e-01	4.656116850378e-01	-3.050142208311e-01
-7.966832618389e-01	-6.400013035672e-02	-6.009989713968e-01
-6.483293493445e-01	-3.795019722527e-01	-6.600358382959e-01
-5.544370570229e-01	-5.538528897161e-01	-6.211654581132e-01
-6.040495766600e-01	-4.035553716451e-01	-6.872169751638e-01
-4.605433729757e-01	-2.815035027349e-02	-8.871907119598e-01
-1.556465816860e-01	1.480589120091e-01	-9.766538282238e-01
1.181260832885e-01	1.586147403324e-01	-9.802487401656e-01
4.584357865848e-01	-2.437939293480e-02	-8.883930857332e-01
5.742454365041e-01	-3.277610100011e-01	-7.502099032786e-01
5.383958734781e-01	-5.494310246216e-01	-6.389486932492e-01
6.430323233293e-01	-3.548645030865e-01	-6.786608988316e-01
8.087937363369e-01	3.170203150093e-02	-5.872373227758e-01
8.018604807190e-01	5.094637308207e-01	-3.121962146462e-01
4.337817855080e-01	8.983390519963e-01	-6.942845396489e-02
4.761573692474e-02	9.984068132192e-01	-3.027502129810e-02
-3.452659170514e-02	9.989582721032e-01	-2.983764504612e-02
-4.022301051617e-01	9.136373685811e-01	-5.897203772848e-02
-8.039632247280e-01	5.045259042756e-01	-3.147963551248e-01
-7.936130120991e-01	-5.267949808864e-03	-6.084000622385e-01
-6.541531407829e-01	-3.259234770758e-01	-6.825375854081e-01
-5.537839948709e-01	-5.078596187834e-01	-6.598499031098e-01
-5.772718177070e-01	-3.901245897694e-01	-7.173284135865e-01
-4.436371854696e-01	-5.047326296054e-02	-8.947840507042e-01
-1.388862406375e-01	1.280426303940e-01	-9.819957723755e-01
1.075078774628e-01	1.308613864661e-01	-9.855543383374e-01
4.327514267114e-01	-4.500790466435e-02	-9.003890776753e-01
5.490536393065e-01	-3.300348351503e-01	-7.678652933631e-01
5.052403717922e-01	-5.635293966451e-01	-6.535799766119e-01
6.170238173968e-01	-3.618417604835e-01	-6.988219724188e-01
7.866490871402e-01	2.424852154578e-02	-6.169240009145e-01
7.909214493620e-01	5.007284292463e-01	-3.517304380966e-01
4.345556638350e-01	8.947716291844e-01	-1.026893696335e-01
4.873253093380e-02	9.969598618267e-01	-6.079617040029e-02
-2.965603925900e-02	9.977783694685e-01	-5.965605381015e-02
-3.974738916235e-01	9.133175462239e-01	-8.868802194848e-02
-7.902489455365e-01	5.055060392083e-01	-3.463672161194e-01
-7.735460519561e-01	-1.642400939042e-03	-6.337379647949e-01
-6.308581420133e-01	-3.234141576974e-01	-7.052809987916e-01
-5.274851099396e-01	-5.105340036714e-01	-6.790541141082e-01
-5.511338320388e-01	-3.962661585489e-01	-7.343191613809e-01
-4.230504491923e-01	-7.053902629901e-02	-9.033562770065e-01
-1.230236473617e-01	1.006712478200e-01	-9.872843977559e-01
9.563800446651e-02	1.027537763529e-01	-9.900984968915e-01
4.155072972497e-01	-6.822672655724e-02	-9.070274525700e-01
5.228728048486e-01	-3.340530555666e-01	-7.842273815778e-01
4.808114142768e-01	-5.624829824786e-01	-6.726316066936e-01
5.980536867093e-01	-3.510595457114e-01	-7.204783016707e-01
7.681420386336e-01	3.569417077179e-02	-6.392837669272e-01
7.741473910324e-01	5.088900871556e-01	-3.764660624180e-01
4.223520464655e-01	8.969732530357e-01	-1.306052532827e-01
4.120578547490e-02	9.949780950977e-01	-9.121772590424e-02
-3.596755990080e-02	9.952666543134e-01	-9.028079223517e-02
-3.996367413679e-01	9.088215316822e-01	-1.197242602804e-01
-7.796261042044e-01	4.902638845380e-01	-3.896465849468e-01
-7.468115905784e-01	-1.766807328420e-02	-6.648009381493e-01
-5.971782964644e-01	-3.401668659170e-01	-7.264052488550e-01
-4.912359284802e-01	-5.312550819960e-01	-6.902574160584e-01
-5.250081286152e-01	-4.140037028739e-01	-7.436177774197e-01
-4.020887583685e-01	-9.282074413713e-02	-9.108836038987e-01
-1.108879988496e-01	7.232149751989e-02	-9.911979886519e-01
8.844192440003e-02	7.248642108247e-02	-9.934403579315e-01
3.975153023747e-01	-9.223837110996e-02	-9.129477900039e-01
4.972062830176e-01	-3.572798023406e-01	-7.906560914629e-01
4.351510778157e-01	-5.929832005815e-01	-6.775060614518e-01
5.604705928462e-01	-3.753915842749e-01	-7.382099112111e-01
7.382649444217e-01	6.293322349756e-03	-6.744814793098e-01
7.634432648676e-01	4.879206129413e-01	-4.231877323307e-01
4.280709119949e-01	8.886070096936e-01	-1.647206017087e-01
5.137746322081e-02	9.912090217616e-01	-1.219222352628e-01
-2.752573077752e-02	9.923899966386e-01	-1.200184515677e-01
-3.914480836799e-01	9.079475972299e-01	-1.496648204081e-01
-7.619900581343e-01	4.980111240504e-01	-4.139517745179e-01
-7.253143442872e-01	-1.573371002293e-02	-6.882380055912e-01
-5.741558597504e-01	-3.362688565074e-01	-7.465040554863e-01
-4.650046628551e-01	-5.316657178311e-01	-7.078857450225e-01
-4.986391710047e-01	-4.219315836793e-01	-7.571873716813e-01
-3.683767109644e-01	-1.054544896500e-01	-9.236763228706e-01
-8.236677292374e-02	4.696881321967e-02	-9.954946736688e-01
1.001269246748e-01	3.849635359796e-02	-9.942296664830e-01
3.889804163164e-01	-1.205712477751e-01	-9.133218545137e-01
4.699276400976e-01	-3.639439215662e-01	-8.041845777104e-01
4.196300658320e-01	-5.764151522238e-01	-7.011819878866e-01
5.496729757823e-01	-3.470800026706e-01	-7.598651797792e-01
7.255375159620e-01	4.248375757635e-02	-6.868700337574e-01
7.400934989723e-01	5.135442620802e-01	-4.342049097643e-01
4.056751159329e-01	8.944791291017e-01	-1.879754981751e-01
3.615395622009e-02	9.877991164149e-01	-1.514787016702e-01
-3.635765026775e-02	9.878030106792e-01	-1.514045354676e-01
-3.835043115727e-01	9.056569642944e-01	-1.808588013623e-01
-7.393540458955e-01	5.224068600005e-01	-4.247901451805e-01
-7.122878124650e-01	1.555909521823e-02	-7.017150324525e-01
-5.640857417811e-01	-3.074975605162e-01	-7.663240347241e-01
-4.493303296304e-01	-5.127440348884e-01	-7.315707823312e-01
-4.724108799622e-01	-4.268419145691e-01	-7.711251133638e-01
-3.548870350469e-01	-1.321021180153e-01	-9.255291582503e-01
-8.845988990895e-02	1.499750095526e-02	-9.959668281837e-01
8.370704364341e-02	1.124270742335e-02	-9.964269829618e-01
3.628333677697e-01	-1.389295244220e-01	-9.214393818786e-01
4.431372853924e-01	-3.672359877292e-01	-8.177818019567e-01
3.994682525162e-01	-5.645219148474e-01	-7.223158055094e-01
5.351387620362e-01	-3.248244004298e-01	-7.798176801355e-01
7.079777883848e-01	6.376938597944e-02	-7.033497825162e-01
7.178924398832e-01	5.330461313117e-01	-4.477636281032e-01
3.889150006268e-01	8.960691917038e-01	-2.140213212899e-01
2.595947329950e-02	9.831513736935e-01	-1.809405486632e-01
-4.346481845439e-02	9.822765927613e-01	-1.823280144955e-01
-3.839453545638e-01	8.981935749122e-01	-2.140893894973e-01
-7.214260808178e-01	5.235174297661e-01	-4.532923015527e-01
-6.889263367701e-01	1.589209038488e-02	-7.246571216567e-01
-5.384727529902e-01	-3.069418014161e-01	-7.847508042880e-01
-4.188738679829e-01	-5.193693394499e-01	-7.448490934145e-01
-4.454950955640e-01	-4.474420003387e-01	-7.754545609907e-01
-3.371518393670e-01	-1.566887891813e-01	-9.283195896653e-01
-8.187110441523e-02	-1.472944804507e-02	-9.965340764982e-01
7.825411927370e-02	-1.884342450500e-02	-9.967553451924e-01
3.482636171118e-01	-1.647013070609e-01	-9.228141375427e-01
4.170207384877e-01	-3.880665189586e-01	-8.218869025204e-01
3.668344595476e-01	-5.732123782153e-01	-7.327073418147e-01
5.086989779341e-01	-3.266289736622e-01	-7.965794771479e-01
6.837158251872e-01	5.965890339621e-02	-7.273056342654e-01
6.996879877901e-01	5.306412157318e-01	-4.783896109960e-01
3.896793917841e-01	8.867449341828e-01	-2.486632126390e-01
3.684346411436e-02	9.765197323859e-01	-2.122540256697e-01
-2.936050414902e-02	9.771332664478e-01	-2.105909314220e-01
-3.637346539538e-01	9.008757593629e-01	-2.368965337556e-01
-6.975731298866e-01	5.475695327868e-01	-4.621248048134e-01
-6.724513832670e-01	4.390551678840e-02	-7.388379001769e-01
-5.234024433218e-01	-2.793437036012e-01	-8.049950171169e-01
-4.002101573718e-01	-5.012965256303e-01	-7.671594510448e-01
-4.171588114310e-01	-4.481004509235e-01	-7.906861020200e-01
-3.142375613161e-01	-1.793203356408e-01	-9.322547786328e-01
-6.387042199499e-02	-4.527718587384e-02	-9.969305620922e-01
1.200625238107e-01	-7.592924714746e-02	-9.898584443262e-01
3.384532197957e-01	-1.887164091732e-01	-9.218652477009e-01
3.999277869613e-01	-4.531009865789e-01	-7.967165500839e-01
3.186485649097e-01	-6.131277995901e-01	-7.228674798680e-01
4.667361677227e-01	-3.510588220977e-01	-8.117358272042e-01
6.512399387618e-01	3.663632844796e-02	-7.579870194135e-01
6.809859466764e-01	5.334843271867e-01	-5.016498909353e-01
4.388823849666e-01	8.494271885349e-01	-2.930114392710e-01
1.223227478593e-01	9.613321670331e-01	-2.467338849522e-01

Hair-23
-2.182767478656e-01	9.755246321275e-01	-2.658859630819e-02
-4.999572310133e-01	8.649868889446e-01	-4.290045584224e-02
-8.395459663370e-01	3.868607368088e-01	-3.814463798794e-01
-7.629595887943e-01	-1.462980667989e-01	-6.296741550340e-01
-6.178993552139e-01	-4.374500835504e-01	-6.533282568725e-01
-5.331493958374e-01	-5.978600881873e-01	-5.985942170376e-01
-6.050676694279e-01	-4.263303140205e-01	-6.724102756207e-01
-4.631997359035e-01	-3.669752230941e-02	-8.854938150633e-01
-1.300351193117e-01	1.604395781210e-01	-9.784426449813e-01
9.533270840298e-02	1.628676179763e-01	-9.820314728782e-01
4.420580050282e-01	-1.553528924297e-02	-8.968519247783e-01
5.780283484721e-01	-3.400904527071e-01	-7.417693120776e-01
5.173892994809e-01	-5.837850425429e-01	-6.257022749566e-01
6.233762911369e-01	-3.929259154697e-01	-6.760260531967e-01
7.986512847486e-01	-8.100386263374e-03	-6.017395691757e-01
8.128387374137e-01	4.690228122991e-01	-3.454139379102e-01
4.530883632450e-01	8.880984444037e-01	-7.740857923844e-02
5.775303474147e-02	9.978715354042e-01	-3.028177353069e-02
-2.262249916593e-02	9.993469040708e-01	-2.817779011345e-02
-4.008249089781e-01	9.144348441351e-01	-5.610978679642e-02
-8.105133613658e-01	4.827228962675e-01	-3.317328691382e-01
-7.875975296329e-01	-2.419991775991e-02	-6.157146216361e-01
-6.442050339111e-01	-3.395368927667e-01	-6.853572591969e-01
-5.509219173148e-01	-5.137115323753e-01	-6.577123250532e-01
-5.793472407671e-01	-3.735187407208e-01	-7.244587807086e-01
-4.230015858779e-01	-4.152591135044e-02	-9.051769202931e-01
-1.128125951277e-01	1.353198805242e-01	-9.843585974204e-01
7.182363516522e-02	1.374915701284e-01	-9.878954568047e-01
4.028208957622e-01	-2.297122460686e-02	-9.149905184085e-01
5.481956867436e-01	-3.090054373911e-01	-7.771725218369e-01
5.121807782227e-01	-5.502537747216e-01	-6.594631406105e-01
6.214452440314e-01	-3.482999274607e-01	-7.017784331266e-01
7.881696028121e-01	3.005204197953e-02	-6.147239640488e-01
7.909291073025e-01	5.003048672360e-01	-3.523154652319e-01
4.166098614810e-01	9.041215966543e-01	-9.487023653446e-02
2.160655421361e-02	9.980300938830e-01	-5.889896874273e-02
-4.805606518844e-02	9.969918632231e-01	-6.080986158163e-02
-4.122962878751e-01	9.063585339501e-01	-9.233622766923e-02
-7.972030267777e-01	4.788556977171e-01	-3.676473240216e-01
-7.653290490022e-01	-3.245135422083e-02	-6.428206253401e-01
-6.169010585707e-01	-3.494943827240e-01	-7.051856212224e-01
-5.169019866186e-01	-5.300952880263e-01	-6.721691169952e-01
-5.526163439764e-01	-3.971105855908e-01	-7.327471318142e-01
-4.121496204499e-01	-6.739536380766e-02	-9.086201380666e-01
-1.218577941437e-01	1.018266326389e-01	-9.873104956861e-01
5.951305935166e-02	1.091072607020e-01	-9.922468450082e-01
3.774339102235e-01	-4.040339756635e-02	-9.251546945666e-01
5.206533242778e-01	-3.126848200865e-01	-7.944484370970e-01
4.862190328070e-01	-5.501782441583e-01	-6.788924449360e-01
6.032931842905e-01	-3.370153123812e-01	-7.228125711478e-01
7.696002841881e-01	3.876599024162e-02	-6.373481000036e-01
7.733957620402e-01	5.092137676989e-01	-3.775716277002e-01
3.975595127140e-01	9.097219617105e-01	-1.198014450339e-01
1.190726723810e-02	9.959402001974e-01	-8.922631124072e-02
-5.961402215099e-02	9.939818834489e-01	-9.190312148352e-02
-4.167021005706e-01	9.003549818433e-01	-1.253804851244e-01
-7.830255982655e-01	4.754897432367e-01	-4.009743340136e-01
-7.412206925650e-01	-4.015829787683e-02	-6.700590989048e-01
-5.870184229938e-01	-3.588630582667e-01	-7.256904825594e-01
-4.804855912843e-01	-5.453178283838e-01	-6.868493740370e-01
-5.282882345186e-01	-4.241278136882e-01	-7.355454703316e-01
-4.015882923685e-01	-1.007853746354e-01	-9.102577391553e-01
-1.271801302181e-01	6.900537124767e-02	-9.894763631420e-01
5.196235727587e-02	7.983387526344e-02	-9.954528948106e-01
3.618161551561e-01	-6.433864173768e-02	-9.300266711484e-01
4.970431031142e-01	-3.315119446434e-01	-8.019027273961e-01
4.490797317856e-01	-5.699035341023e-01	-6.881405062319e-01
5.736396622408e-01	-3.509371807470e-01	-7.401220393108e-01
7.448242416991e-01	2.395147487861e-02	-6.668306950257e-01
7.586618640633e-01	5.044186592376e-01	-4.123032770050e-01
4.164314132286e-01	8.950943931290e-01	-1.593452398579e-01
4.692997490553e-02	9.914293965840e-01	-1.219234556783e-01
-1.893920373604e-02	9.928411901917e-01	-1.179308170948e-01
-3.757066892894e-01	9.153719066516e-01	-1.447023017652e-01
-7.572570511265e-01	5.170229201413e-01	-3.990602192248e-01
-7.333436129165e-01	5.053265089756e-03	-6.798394000840e-01
-5.873628603906e-01	-3.085472077473e-01	-7.482001676190e-01
-4.795720965046e-01	-5.059724396403e-01	-7.169396729004e-01
-5.009918612357e-01	-3.932284835197e-01	-7.709594767070e-01
-3.505107348058e-01	-9.736258504634e-02	-9.314841661666e-01
-8.591429543053e-02	4.904596457632e-02	-9.950945820370e-01
7.501296098000e-02	4.118492034212e-02	-9.963317008012e-01
3.597498413778e-01	-9.940522977048e-02	-9.277384609484e-01
4.706956485160e-01	-3.498804626669e-01	-8.099563372874e-01
4.195329449729e-01	-5.745291911273e-01	-7.027861101537e-01
5.508635145065e-01	-3.472351556803e-01	-7.589315746793e-01
7.250793069039e-01	3.418130633664e-02	-6.878165722029e-01
7.396564218853e-01	5.093463316692e-01	-4.398575814726e-01
4.102067129757e-01	8.920173246710e-01	-1.898303061065e-01
5.026172326615e-02	9.868571728296e-01	-1.535795546584e-01
-1.264329006416e-02	9.888857059454e-01	-1.481391501027e-01
-3.599870011990e-01	9.175068164388e-01	-1.690875535219e-01
-7.370331655901e-01	5.322180527470e-01	-4.165645894102e-01
-7.162436061552e-01	2.777799565366e-02	-6.972972677411e-01
-5.711850797191e-01	-2.866725151513e-01	-7.691335864225e-01
-4.593946155650e-01	-4.933783154546e-01	-7.386030226238e-01
-4.713250135713e-01	-4.014816241873e-01	-7.852803556832e-01
-3.351665036077e-01	-1.179312399890e-01	-9.347489703092e-01
-8.185414811548e-02	1.596029289983e-02	-9.965165164145e-01
6.732621628276e-02	1.753900068633e-02	-9.975768461908e-01
3.345083366669e-01	-1.236866903851e-01	-9.342407480526e-01
4.426624073867e-01	-3.479375947249e-01	-8.264317414425e-01
4.034836003012e-01	-5.572207665621e-01	-7.257451354297e-01
5.378957517372e-01	-3.161481586427e-01	-7.814848060263e-01
7.082262401860e-01	6.195371301231e-02	-7.032619214460e-01
7.182711555725e-01	5.302949877609e-01	-4.504151119004e-01
3.829431720467e-01	8.994525912752e-01	-2.105696156411e-01
2.154562149095e-02	9.835377862574e-01	-1.794135145368e-01
-3.957289202093e-02	9.824857258127e-01	-1.820872999180e-01
-3.744156558695e-01	9.034066384672e-01	-2.089721565504e-01
-7.204103609451e-01	5.253282842038e-01	-4.528124398230e-01
-6.911427334142e-01	2.106916693697e-02	-7.224111102782e-01
-5.419376383809e-01	-2.996926292406e-01	-7.851674497106e-01
-4.228530658785e-01	-5.107063855539e-01	-7.485815068725e-01
-4.473786890192e-01	-4.333877034965e-01	-7.823218053138e-01
-3.295415452847e-01	-1.553533848072e-01	-9.312720847101e-01
-1.005903357892e-01	-1.432829310997e-02	-9.948247505779e-01
5.085129745512e-02	-1.588412186273e-02	-9.985799117846e-01
3.113344305515e-01	-1.426810333002e-01	-9.395280704106e-01
4.151431405958e-01	-3.586233586666e-01	-8.360893848357e-01
3.776666263886e-01	-5.536783961103e-01	-7.421645053443e-01
5.143391531233e-01	-3.029133989761e-01	-8.023083623428e-01
6.863285232400e-01	7.127945277642e-02	-7.237902996028e-01
6.999255515534e-01	5.341757505846e-01	-4.740891158528e-01
3.783079446184e-01	8.939413195365e-01	-2.403164918685e-01
1.808052121589e-02	9.781929972406e-01	-2.069095331347e-01
-3.571523143509e-02	9.766885249870e-01	-2.116694295409e-01
-3.698724112585e-01	8.970819278738e-01	-2.417403856868e-01
-6.997564954294e-01	5.371458218312e-01	-4.709726246754e-01
-6.698316563176e-01	3.200612955401e-02	-7.418228628627e-01
-5.194781365164e-01	-2.883484415653e-01	-8.043616362858e-01
-3.969164924721e-01	-5.070648531093e-01	-7.650768149309e-01
-4.198005344771e-01	-4.481024627395e-01	-7.892855593127e-01
-3.005999263817e-01	-1.683336677201e-01	-9.387776417082e-01
-5.697863554118e-02	-4.326620597014e-02	-9.974374519301e-01
1.144147574131e-01	-6.709764948381e-02	-9.911645517874e-01
3.535845758975e-01	-2.209842082079e-01	-9.089245994086e-01
3.985458868625e-01	-4.780344163618e-01	-7.827159592334e-01
3.007910155941e-01	-6.491977623818e-01	-6.986179429820e-01
4.427435014630e-01	-4.069443934955e-01	-7.989833868829e-01
6.238672869644e-01	-3.109848881172e-02	-7.809113216296e-01
6.820103481531e-01	4.638857232720e-01	-5.653953667625e-01
4.774796991697e-01	8.196605874963e-01	-3.164959054808e-01
1.986533176093e-01	9.383897989115e-01	-2.827745474784e-01

Hair-24
-6.328027839680e-02	9.979585810940e-01	-8.618398165022e-03
-1.702320312252e-02	9.998550834262e-01	1.506727699449e-04
-4.030859342596e-02	9.991872781538e-01	-2.171570533488e-05
-1.509755626285e-02	9.998860160657e-01	1.366422835200e-04
-3.477909606380e-02	9.993948876433e-01	5.225221654109e-04
-1.223225642178e-02	9.999251781172e-01	1.003502330638e-04
-2.795954649015e-02	9.996090055623e-01	-3.158462312832e-04
-8.948028985720e-04	9.999995945600e-01	1.010322310681e-04
-2.646333747784e-02	9.996496125575e-01	-5.864155927183e-04
5.421461764824e-03	9.999853021281e-01	5.727306477443e-05
-2.120182630800e-02	9.997752156675e-01	-2.642465885699e-05
2.933317717256e-04	9.999999472309e-01	1.396229794509e-04
-2.523449715224e-02	9.996814987005e-01	3.482950559802e-04
-9.410610067458e-03	9.999557071813e-01	1.552211936046e-04
-3.939542519551e-02	9.992230755217e-01	-1.116162468308e-03

Hair-25
9.998410054332e-01	-1.783137347929e-02	7.729335120011e-05
9.999332222571e-01	-1.151647388044e-02	-9.601332753089e-04
9.987463068215e-01	-5.005800651576e-02	-1.029274210986e-04
9.999979002305e-01	1.359426207905e-03	-1.533458526866e-03
9.985698514767e-01	-5.344643027819e-02	-1.315603379673e-03
9.999803639165e-01	-6.231806887884e-03	6.605787239073e-04
9.998127060776e-01	-1.935334644064e-02	-2.733895506241e-05

Hair-26
9.980264375232e-01	6.279491165412e-02	1.705142936799e-04
9.991036342932e-01	4.233099714886e-02	1.209233863813e-04
9.981806545363e-01	6.029383665245e-02	1.848546991921e-04
9.996100290479e-01	2.792082567539e-02	4.661763710367e-04
9.988997300762e-01	4.689621892500e-02	2.718532666028e-04
9.994294937637e-01	3.374860062002e-02	-1.311087891583e-03
9.997736332856e-01	2.127475557722e-02	2.587701029420e-04

