Hair-0
-4.874428114681e-04	3.543106198907e-01	9.351276634942e-01
-3.099044804833e-02	5.068027318395e-01	8.615048363937e-01
-5.547042140042e-02	4.544476209855e-01	8.890446513704e-01
-4.647061122796e-03	4.804803408370e-01	8.769931852028e-01
2.624662776946e-02	4.804877401200e-01	8.766086048660e-01
4.091273141972e-02	4.737864693519e-01	8.796888824277e-01
6.528134671305e-02	4.271329086026e-01	9.018291546407e-01
6.543609633896e-02	4.239932944055e-01	9.032982915932e-01

Hair-1
2.426124371467e-03	3.429445048557e-01	-9.393525326041e-01
4.182923794686e-03	6.079507063970e-01	-7.939637534169e-01
6.664352377509e-02	5.258444168239e-01	-8.479659722147e-01
1.574614665189e-02	5.378245925057e-01	-8.429097024959e-01
-1.932678245867e-02	5.378055814723e-01	-8.428473361274e-01
-7.725392651407e-02	5.234635328426e-01	-8.485386029063e-01
-5.322576145555e-03	6.127836624915e-01	-7.902327841634e-01
4.447642777281e-03	3.432780198977e-01	-9.392233065298e-01

Hair-2
-4.366972255653e-04	3.542185439411e-01	9.351625700507e-01
-3.098169984608e-02	5.069256219056e-01	8.614328459783e-01
-5.536406247797e-02	4.545576628581e-01	8.889950234523e-01
-4.540084367265e-03	4.804979836215e-01	8.769840793136e-01
2.629658946886e-02	4.804794591864e-01	8.766116464446e-01
4.090085619255e-02	4.737956028527e-01	8.796845154260e-01
6.526747622282e-02	4.272700040051e-01	9.017652134702e-01
6.551577804327e-02	4.241576363386e-01	9.032153576878e-01

Hair-3
3.567273937716e-03	3.477366273965e-01	-9.375854694499e-01
3.378134784157e-03	6.108272787930e-01	-7.917566694937e-01
6.713694623725e-02	5.257759772658e-01	-8.479694877648e-01
1.843542135391e-02	5.378241275094e-01	-8.428554698810e-01
-1.452956493361e-02	5.378644748014e-01	-8.429061030088e-01
-6.810787438167e-02	5.286598625614e-01	-8.460969608525e-01
-2.709385871200e-03	6.233904789221e-01	-7.819059854084e-01
2.187473816952e-03	3.515417862882e-01	-9.361696360445e-01

Hair-4
-4.730328802485e-04	3.542906870694e-01	9.351352230003e-01
-3.097744539749e-02	5.069627627536e-01	8.614111417075e-01
-5.536311607829e-02	4.545615753063e-01	8.889930818815e-01
-4.566741060476e-03	4.804933991698e-01	8.769864527063e-01
2.629901328389e-02	4.804788878065e-01	8.766118869103e-01
4.093787230195e-02	4.737597263346e-01	8.797021156702e-01
6.526918246006e-02	4.272396744374e-01	9.017794599610e-01
6.552252761167e-02	4.241623874785e-01	9.032126368823e-01

Hair-5
2.105181840232e-03	3.412784090965e-01	-9.399599011096e-01
4.858527271508e-03	6.054737494830e-01	-7.958504466291e-01
6.894805708530e-02	5.246261092656e-01	-8.485361576863e-01
1.676838950604e-02	5.378497648988e-01	-8.428739238532e-01
-1.917714212103e-02	5.376725808026e-01	-8.429356043454e-01
-7.601728624545e-02	5.239529716358e-01	-8.483481924929e-01
-4.840325052644e-03	6.140519786551e-01	-7.892507451774e-01
3.715252254417e-03	3.455197672702e-01	-9.384041172790e-01

Hair-6
-4.135393191103e-04	3.541708809871e-01	9.351806328438e-01
-3.099408506083e-02	5.067799239668e-01	8.615181224765e-01
-5.547619742017e-02	4.544396861000e-01	8.890483469515e-01
-4.645635243342e-03	4.804790986697e-01	8.769938733051e-01
2.628759539668e-02	4.804792652108e-01	8.766120225224e-01
4.097530225779e-02	4.737242015425e-01	8.797195038635e-01
6.528016519342e-02	4.271136374024e-01	9.018383673238e-01
6.545890496119e-02	4.240345658880e-01	9.032772656795e-01

Hair-7
1.587390450071e-03	3.414155221648e-01	-9.399111242115e-01
4.593792796987e-03	6.084723224344e-01	-7.935617996722e-01
6.654801404516e-02	5.260546829103e-01	-8.478430470405e-01
1.586684917314e-02	5.378864516527e-01	-8.428679660693e-01
-1.970448815555e-02	5.375674417994e-01	-8.429904973746e-01
-7.675766887099e-02	5.234299105330e-01	-8.486043772153e-01
-5.151553238436e-03	6.130667105404e-01	-7.900143479244e-01
3.720104430510e-03	3.450730572010e-01	-9.385684556903e-01

Hair-8
-3.618273076371e-04	3.540677884713e-01	9.352196909005e-01
-3.100606303727e-02	5.066614803017e-01	8.615873539192e-01
-5.554651076894e-02	4.543655640051e-01	8.890818406579e-01
-4.699617544146e-03	4.804702957756e-01	8.769984084776e-01
2.622922603702e-02	4.804889838435e-01	8.766084440083e-01
4.092061229119e-02	4.737766478236e-01	8.796938055180e-01
6.528070683954e-02	4.271188918037e-01	9.018358395955e-01
6.543319088443e-02	4.239889295495e-01	9.033005508413e-01

Hair-9
1.770601933556e-03	3.405036943766e-01	-9.402415110410e-01
4.694797912112e-03	6.062356094740e-01	-7.952712396901e-01
6.769868007525e-02	5.253667543444e-01	-8.481784376803e-01
1.585081139494e-02	5.378726634761e-01	-8.428770667560e-01
-2.026294741895e-02	5.376047107434e-01	-8.429534909759e-01
-7.857328903272e-02	5.225284298729e-01	-8.489936856215e-01
-5.928730202815e-03	6.100419650210e-01	-7.923469259557e-01
5.214036581089e-03	3.404634734823e-01	-9.402432860951e-01

Hair-10
-4.074728357872e-04	3.541602271339e-01	9.351846702563e-01
-3.098901979708e-02	5.068400731517e-01	8.614829196795e-01
-5.542709709529e-02	4.544899194684e-01	8.890257307914e-01
-4.604040369608e-03	4.804860928970e-01	8.769902606899e-01
2.624898303620e-02	4.804859339574e-01	8.766095243372e-01
4.087672382848e-02	4.738165423090e-01	8.796743588871e-01
6.526733277683e-02	4.272590164881e-01	9.017704298222e-01
6.549864867141e-02	4.241244922502e-01	9.032321640064e-01

Hair-11
3.553990518289e-04	3.351132972762e-01	-9.421777707419e-01
6.265354297668e-03	6.003537120263e-01	-7.997100510759e-01
7.209680941960e-02	5.228490294926e-01	-8.493709098093e-01
1.822562395391e-02	5.377268147769e-01	-8.429221193571e-01
-1.916604368288e-02	5.376821991999e-01	-8.429297215267e-01
-7.999205558119e-02	5.217982613801e-01	-8.493102174498e-01
-7.119066286142e-03	6.057761662004e-01	-7.956032650503e-01
7.265869765659e-03	3.343486907608e-01	-9.424214344565e-01

Hair-12
-4.804251175261e-04	3.543054896509e-01	9.351296109069e-01
-3.097386842735e-02	5.069885160752e-01	8.613961133198e-01
-5.534452792079e-02	4.545788494903e-01	8.889854064186e-01
-4.554460850551e-03	4.804941267444e-01	8.769861179349e-01
2.630003279150e-02	4.804774386943e-01	8.766126505937e-01
4.092837326800e-02	4.737666228754e-01	8.796988435316e-01
6.526561561439e-02	4.272626082970e-01	9.017688522952e-01
6.553059636848e-02	4.241834444687e-01	9.032021625186e-01

Hair-13
2.713434049976e-03	3.434899080568e-01	-9.391524478692e-01
4.596790472491e-03	6.062895749128e-01	-7.952306714843e-01
7.030108822475e-02	5.238872299768e-01	-8.488815743445e-01
1.978125116627e-02	5.376348580266e-01	-8.429457049757e-01
-1.491640951198e-02	5.378682387820e-01	-8.428969441378e-01
-7.114878326438e-02	5.267115253350e-01	-8.470612845121e-01
-3.822874158091e-03	6.181113467801e-01	-7.860812608216e-01
3.084789632556e-03	3.474641435447e-01	-9.376881960565e-01

Hair-14
-4.435713092537e-04	3.542304385151e-01	9.351580613318e-01
-3.099096304593e-02	5.068132683331e-01	8.614986194133e-01
-5.549493695349e-02	4.544206622695e-01	8.890569012584e-01
-4.729867146792e-03	4.804654394317e-01	8.770009064240e-01
2.614538270422e-02	4.805026638232e-01	8.766034502682e-01
4.082877906111e-02	4.738609400890e-01	8.796526702388e-01
6.526247220566e-02	4.272400747694e-01	9.017797559452e-01
6.551777006214e-02	4.241501346004e-01	9.032187360349e-01

Hair-15
3.271261569648e-05	3.339788797711e-01	-9.425805571922e-01
6.564261481227e-03	5.992755365921e-01	-8.005159222111e-01
7.269648227718e-02	5.225548179123e-01	-8.495008438731e-01
1.817348731936e-02	5.377553152194e-01	-8.429050630480e-01

Hair-16
-6.482365104348e-02	9.978967322338e-01	-7.786183911529e-05
-4.548706538968e-01	8.894638488694e-01	-4.412198746439e-02
-8.313555563609e-01	4.501523658109e-01	-3.258999638887e-01
-7.964820820377e-01	-6.791669317512e-02	-6.008357643991e-01

Hair-17
-5.371210952886e-02	9.985564626871e-01	-1.076177151670e-05
-4.453982383138e-01	8.943476504385e-01	-4.198439546057e-02
-8.290213583282e-01	4.592863467824e-01	-3.190292135449e-01
-7.999830661673e-01	-5.733018489786e-02	-5.972774428564e-01
-6.544461068251e-01	-3.694859323862e-01	-6.596820742071e-01
-5.645324532804e-01	-5.298230248857e-01	-6.329223265885e-01
-5.998240881240e-01	-3.579089168446e-01	-7.156201999310e-01
-4.291938916537e-01	-2.710055643686e-04	-9.032123393329e-01
-1.093050340427e-01	1.658705137822e-01	-9.800711107826e-01
8.536857412093e-02	1.658262403634e-01	-9.824529833837e-01
4.192863876585e-01	4.544265520345e-03	-9.078426486871e-01
5.718342632614e-01	-2.987627515068e-01	-7.640329794403e-01
5.222708250952e-01	-5.729323678333e-01	-6.316499720125e-01
6.264504865436e-01	-3.897410864925e-01	-6.750271649415e-01
7.991869534535e-01	-9.099705209332e-03	-6.010136510886e-01
8.107583862261e-01	4.756606629557e-01	-3.412004878083e-01
4.595537105558e-01	8.845480742060e-01	-7.990676775441e-02
4.780952077651e-02	9.983888854548e-01	-3.055950136062e-02
-5.238987200871e-02	9.981570459023e-01	-3.062373305813e-02
-4.386873065135e-01	8.957630538158e-01	-7.184704950474e-02
-8.126202697286e-01	4.723634224834e-01	-3.413518629303e-01
-7.837980792643e-01	-4.377472017279e-02	-6.194710201578e-01
-6.374625354281e-01	-3.578253153651e-01	-6.823507599538e-01
-5.429334231727e-01	-5.263404621046e-01	-6.543615330637e-01
-5.751399715709e-01	-3.684609214168e-01	-7.303770002472e-01
-4.098628536251e-01	-2.239428382064e-02	-9.118722154285e-01
-1.046867263818e-01	1.360221144407e-01	-9.851592123624e-01
8.094678375120e-02	1.359240894488e-01	-9.874068361663e-01
4.013278462072e-01	-1.897797299124e-02	-9.157378426165e-01
5.466119945067e-01	-3.082796722718e-01	-7.785749617895e-01
4.988545143141e-01	-5.717292885498e-01	-6.513599574451e-01
6.088372576400e-01	-3.782631190692e-01	-6.973049594413e-01
7.820467863991e-01	3.217417994722e-03	-6.232114184643e-01
7.937381273892e-01	4.875182214526e-01	-3.637385996569e-01
4.526136128003e-01	8.849285045159e-01	-1.097381401479e-01
4.768856613452e-02	9.969882317560e-01	-6.115771742062e-02
-5.178871798878e-02	9.967800260413e-01	-6.121689614947e-02
-4.321577344521e-01	8.960369557211e-01	-1.017716391499e-01
-7.954899824292e-01	4.848682647567e-01	-3.634535096633e-01
-7.668254786970e-01	-3.033028638010e-02	-6.411386425331e-01
-6.197825538109e-01	-3.459858593002e-01	-7.043886506439e-01
-5.207243415766e-01	-5.225518431226e-01	-6.751190497526e-01
-5.499409187412e-01	-3.789448437488e-01	-7.442887821876e-01
-3.901445063541e-01	-4.450089755643e-02	-9.196776251918e-01
-9.992319590395e-02	1.060494991075e-01	-9.893274779664e-01
7.649290048678e-02	1.058826698495e-01	-9.914321441232e-01
3.829127437802e-01	-4.241471608669e-02	-9.228102852212e-01
5.208650007764e-01	-3.174307776034e-01	-7.924249821884e-01
4.749793444314e-01	-5.699629014188e-01	-6.704751400088e-01
5.906533562430e-01	-3.664344012233e-01	-7.189258949009e-01
7.641843871041e-01	1.556786081833e-02	-6.448099442595e-01
7.759660001761e-01	4.989507548668e-01	-3.859079045427e-01
4.450659230576e-01	8.845787044250e-01	-1.394160672615e-01
4.724711275783e-02	9.946660216959e-01	-9.169086988219e-02
-5.142137395740e-02	9.944534178507e-01	-9.175097833532e-02
-4.254699838426e-01	8.953455932952e-01	-1.316493882088e-01
-7.777326356007e-01	4.964755544072e-01	-3.855437347405e-01
-7.489853950581e-01	-1.731551909912e-02	-6.623602122622e-01
-6.012646490443e-01	-3.342531348544e-01	-7.257793491480e-01
-4.978314940716e-01	-5.186638841442e-01	-6.950910579160e-01
-5.242599617886e-01	-3.893475984504e-01	-7.573374017215e-01
-3.703560000576e-01	-6.686298452653e-02	-9.264803152370e-01
-9.544683041862e-02	7.592223687710e-02	-9.925349951063e-01
7.160904158664e-02	7.581022380058e-02	-9.945476133048e-01
3.638952755596e-01	-6.557490228682e-02	-9.291287104677e-01
4.946106786365e-01	-3.260185056150e-01	-8.056501787844e-01
4.507925661057e-01	-5.674031026664e-01	-6.890861930328e-01
5.720745789954e-01	-3.540160722562e-01	-7.398670803946e-01
7.456754643622e-01	2.815164440742e-02	-6.657143432174e-01
7.574086700533e-01	5.101278800867e-01	-4.075557047648e-01
4.369690961312e-01	8.834705410079e-01	-1.689313831041e-01
4.668528021967e-02	9.914145060338e-01	-1.221382898051e-01
-5.104918542838e-02	9.911917383258e-01	-1.222003213657e-01
-4.183971809348e-01	8.938072285882e-01	-1.614076736381e-01
-7.592148032091e-01	5.077346327371e-01	-4.071835277950e-01
-7.304868416748e-01	-4.151479782980e-03	-6.829141522589e-01
-5.822896131900e-01	-3.220325056836e-01	-7.464809921587e-01
-4.745488157483e-01	-5.141411949373e-01	-7.144664114850e-01
-4.980748947051e-01	-3.992583665884e-01	-7.697494111551e-01
-3.500860812978e-01	-8.902254910327e-02	-9.324777324058e-01
-9.085961854863e-02	4.572712542292e-02	-9.948133290813e-01
6.667916019758e-02	4.566307351201e-02	-9.967290370571e-01
3.444764728193e-01	-8.861824891816e-02	-9.346029989427e-01
4.678910477658e-01	-3.342844454221e-01	-8.181270542950e-01
4.262448082840e-01	-5.641852232692e-01	-7.071141331183e-01
5.530852148700e-01	-3.410702878524e-01	-7.601103892439e-01
7.265222429936e-01	4.090711647159e-02	-6.859242219499e-01
7.380995043244e-01	5.209798057327e-01	-4.287063840611e-01
4.284892169461e-01	8.815192083266e-01	-1.982949225576e-01
4.613531880115e-02	9.872304132055e-01	-1.524717796877e-01
-5.055090633198e-02	9.870045198114e-01	-1.525342051505e-01
-4.108186493359e-01	8.914880145257e-01	-1.909899403497e-01
-7.399234227125e-01	5.187512437649e-01	-4.282644925906e-01
-7.113923073375e-01	9.284079980684e-03	-7.027337980487e-01
-5.629149471313e-01	-3.092684168626e-01	-7.664723143255e-01
-4.509461927550e-01	-5.088932766414e-01	-7.332633662123e-01
-4.714113095472e-01	-4.086765087525e-01	-7.815080859625e-01
-3.292520632016e-01	-1.108539100090e-01	-9.377123703531e-01
-8.601690704470e-02	1.551753573983e-02	-9.961728252603e-01
6.184724791530e-02	1.544623184939e-02	-9.979660975439e-01
3.249000783582e-01	-1.117317523536e-01	-9.391251006116e-01
4.407464813071e-01	-3.423793603726e-01	-8.297703976440e-01
4.012106216552e-01	-5.606144860000e-01	-7.243903886428e-01
5.334395432238e-01	-3.280174440477e-01	-7.796453104621e-01
7.066206331958e-01	5.338318462471e-02	-7.055760174079e-01
7.181533327400e-01	5.311394565900e-01	-4.496072378507e-01
4.198025452549e-01	8.786353070267e-01	-2.275210325302e-01
4.576153614536e-02	9.821097667962e-01	-1.826644129905e-01
-4.979573344330e-02	9.819026446439e-01	-1.827226898120e-01
-4.026840582391e-01	8.884192567801e-01	-2.203560151719e-01
-7.199058886090e-01	5.294037259559e-01	-4.488509847268e-01
-6.916635028748e-01	2.281066557673e-02	-7.218595932222e-01
-5.430442149965e-01	-2.961621941507e-01	-7.857422830131e-01
-4.269530630742e-01	-5.031039701363e-01	-7.513970170054e-01
-4.442972258449e-01	-4.176291050257e-01	-7.925817975086e-01
-3.080272582132e-01	-1.324956792660e-01	-9.421062058884e-01
-8.096728943914e-02	-1.468563804527e-02	-9.966085641194e-01
5.706299150787e-02	-1.480289455120e-02	-9.982608323044e-01
3.053217819069e-01	-1.350199040381e-01	-9.426283652674e-01
4.132109855493e-01	-3.503853380205e-01	-8.405276892058e-01
3.756698182067e-01	-5.567837060509e-01	-7.408536241153e-01
5.131329911530e-01	-3.149065736189e-01	-7.984537452363e-01
6.859872994890e-01	6.556169374595e-02	-7.246537719856e-01
6.975853361822e-01	5.406092025787e-01	-4.702301445366e-01
4.107580800200e-01	8.749077867207e-01	-2.565427146377e-01
4.531420241860e-02	9.760694485405e-01	-2.126853419607e-01
-4.904922180991e-02	9.758768857424e-01	-2.127403998153e-01
-3.942990321693e-01	8.844526795360e-01	-2.495430441665e-01
-6.992821980617e-01	5.392963879670e-01	-4.692161691584e-01
-6.711992918800e-01	3.605504937596e-02	-7.403995840047e-01
-5.225217464417e-01	-2.830129461147e-01	-8.042852086337e-01
-4.024040176716e-01	-4.971467727801e-01	-7.687106691572e-01
-4.167930835083e-01	-4.264580781056e-01	-8.027558988622e-01
-2.869876687252e-01	-1.545060836863e-01	-9.453919547487e-01
-7.607968973882e-02	-4.491417164971e-02	-9.960896535926e-01
5.199744310308e-02	-4.499995229685e-02	-9.976328333631e-01
2.848816707198e-01	-1.576513893045e-01	-9.455096367242e-01
3.852815796463e-01	-3.579799952567e-01	-8.505342011826e-01
3.498849897810e-01	-5.522092358317e-01	-7.567334099854e-01
4.925175052163e-01	-3.012329472870e-01	-8.165079414949e-01
6.647544477920e-01	7.783646417094e-02	-7.429959683512e-01
6.763685313053e-01	5.495511795570e-01	-4.904274777247e-01
4.018788567006e-01	8.700604588278e-01	-2.854613503109e-01
4.584872451091e-02	9.690631414878e-01	-2.425170556280e-01

Hair-18
-5.390552772051e-02	9.985460399555e-01	-1.305133813827e-05
-4.455613422759e-01	8.942646908178e-01	-4.202086417232e-02
-8.291524179266e-01	4.587889356892e-01	-3.194041019394e-01
-7.998057845812e-01	-5.786376690136e-02	-5.974633808279e-01
-6.541780015408e-01	-3.699295321176e-01	-6.596993887881e-01
-5.644051145472e-01	-5.300725276427e-01	-6.328269764409e-01
-5.998159084899e-01	-3.578325248444e-01	-7.156652570063e-01
-4.289918518572e-01	-5.856830295653e-05	-9.033083568803e-01
-1.090630207840e-01	1.659121901159e-01	-9.800910175430e-01
8.590703804530e-02	1.657381516803e-01	-9.824209107566e-01
4.195511712877e-01	4.298442920595e-03	-9.077215090872e-01
5.718951707044e-01	-2.993658932799e-01	-7.637512524806e-01
5.219318658202e-01	-5.736267560868e-01	-6.312998274534e-01
6.259746199782e-01	-3.904810007858e-01	-6.750410085087e-01
7.989477527801e-01	-9.961431361671e-03	-6.013179343848e-01
8.109672274786e-01	4.748932765598e-01	-3.417726317803e-01
4.597569328215e-01	8.844380741903e-01	-7.995533531362e-02
4.807975578839e-02	9.983758813334e-01	-3.056037720813e-02
-5.216480644002e-02	9.981689669342e-01	-3.061937978772e-02
-4.385099372755e-01	8.958531994984e-01	-7.180584836308e-02
-8.127082974101e-01	4.720335518978e-01	-3.415985204937e-01
-7.836832270921e-01	-4.412620591522e-02	-6.195913794800e-01
-6.372831536427e-01	-3.581260285296e-01	-6.823605570172e-01
-5.428304681810e-01	-5.265447151389e-01	-6.542826191897e-01
-5.751441081147e-01	-3.684889079782e-01	-7.303596234719e-01
-4.095971420020e-01	-2.211398102719e-02	-9.119984392020e-01
-1.046888258525e-01	1.360252428660e-01	-9.851585573119e-01
8.128951795808e-02	1.358710392294e-01	-9.873859807435e-01
4.011751150687e-01	-1.883389867851e-02	-9.158077370880e-01
5.466426150319e-01	-3.085551661951e-01	-7.784443209668e-01
4.986901309704e-01	-5.720708320200e-01	-6.511859307638e-01
6.085872732671e-01	-3.786555949633e-01	-6.973101685909e-01
7.819187215770e-01	2.750500432351e-03	-6.233743238174e-01
7.938556378889e-01	4.870905240672e-01	-3.640550062229e-01
4.525820155181e-01	8.849461357552e-01	-1.097262778075e-01
4.766741939144e-02	9.969894779390e-01	-6.115388791856e-02
-5.183064245752e-02	9.967780514050e-01	-6.121356663073e-02
-4.322018772231e-01	8.960150830113e-01	-1.017767573716e-01
-7.956415459886e-01	4.843006522775e-01	-3.638782880310e-01
-7.666267953344e-01	-3.093808119123e-02	-6.413471694859e-01
-6.194720304263e-01	-3.465048691205e-01	-7.044066859388e-01
-5.205101983257e-01	-5.229760842125e-01	-6.749556643075e-01
-5.499659401860e-01	-3.791664322594e-01	-7.441574304427e-01
-3.901055716186e-01	-4.445564264067e-02	-9.196963296814e-01
-1.002227877667e-01	1.060052416382e-01	-9.893019162811e-01
7.651571128125e-02	1.058847384444e-01	-9.914301629927e-01
3.826656021385e-01	-4.218024563138e-02	-9.229235416970e-01
5.208901576032e-01	-3.176317814050e-01	-7.923278962359e-01
4.748636926027e-01	-5.702077833604e-01	-6.703488325066e-01
5.904773293147e-01	-3.667146517982e-01	-7.189275956047e-01
7.640898731099e-01	1.521674287345e-02	-6.449303191409e-01
7.760639188094e-01	4.985991101526e-01	-3.861654066294e-01
4.449485225984e-01	8.846433217765e-01	-1.393807930587e-01
4.718305984406e-02	9.946696359094e-01	-9.168464573539e-02
-5.151484133897e-02	9.944489952025e-01	-9.174648256215e-02
-4.254967953074e-01	8.953329084462e-01	-1.316490039328e-01
-7.779166656240e-01	4.957893490898e-01	-3.860551549630e-01
-7.487508440123e-01	-1.803345288346e-02	-6.626061938798e-01
-6.008998768877e-01	-3.348643979811e-01	-7.257996782316e-01
-4.975701583409e-01	-5.191823125282e-01	-6.948911165689e-01
-5.242973602219e-01	-3.896776667177e-01	-7.571417265782e-01
-3.703258576402e-01	-6.682516898222e-02	-9.264950922447e-01
-9.563685391827e-02	7.589802187531e-02	-9.925185552160e-01
7.172408789491e-02	7.579845019757e-02	-9.945402204855e-01
3.638499334331e-01	-6.552519265246e-02	-9.291499744759e-01
4.946562164323e-01	-3.264121339010e-01	-8.054628150244e-01
4.505894645217e-01	-5.678289361870e-01	-6.888682266521e-01
5.717911019567e-01	-3.544658493270e-01	-7.398708653434e-01
7.455290175413e-01	2.761001353991e-02	-6.659010220417e-01
7.575595661076e-01	5.095856593086e-01	-4.079533792310e-01
4.368740248175e-01	8.835236347724e-01	-1.688995951397e-01
4.670929838350e-02	9.914142642524e-01	-1.221310692719e-01
-5.106701409292e-02	9.911916977118e-01	-1.221932013612e-01
-4.183609823986e-01	8.938270420156e-01	-1.613917822198e-01
-7.593616602853e-01	5.071937329667e-01	-4.075835940370e-01
-7.303078953433e-01	-4.707132059152e-03	-6.831019110696e-01
-5.820061503780e-01	-3.225130665778e-01	-7.464945832414e-01
-4.743550251427e-01	-5.145311209190e-01	-7.143143815769e-01
-4.981056803912e-01	-3.995018227808e-01	-7.696031605684e-01
-3.498947125937e-01	-8.881408405564e-02	-9.325694336468e-01
-9.082292812102e-02	4.574243901164e-02	-9.948159754451e-01
6.700180202221e-02	4.561868605349e-02	-9.967094330890e-01
3.445709533382e-01	-8.869569605910e-02	-9.345608228554e-01
4.679421727257e-01	-3.347193491292e-01	-8.179199718208e-01
4.260095680634e-01	-5.646813059858e-01	-7.068598663021e-01
5.527494933992e-01	-3.416036758415e-01	-7.601150743135e-01
7.263563314478e-01	4.028870391128e-02	-6.861365025291e-01
7.382675979463e-01	5.203780417911e-01	-4.291475823586e-01
4.284546768441e-01	8.815401887395e-01	-1.982762858427e-01
4.620223926135e-02	9.872286015866e-01	-1.524632457240e-01
-5.052098578187e-02	9.870075121721e-01	-1.525247550772e-01
-4.107902637176e-01	8.915045202629e-01	-1.909739500183e-01
-7.400475126726e-01	5.183008835723e-01	-4.285952322125e-01
-7.112424003258e-01	8.809834588080e-03	-7.028916237894e-01
-5.626665344995e-01	-3.096943605129e-01	-7.664827291080e-01
-4.507938798002e-01	-5.092068717155e-01	-7.331393044521e-01
-4.714337279574e-01	-4.088182587394e-01	-7.814204191506e-01
-3.289998659888e-01	-1.105783898339e-01	-9.378334115828e-01
-8.600410427825e-02	1.553077731617e-02	-9.961737243088e-01
6.217461155479e-02	1.540337798212e-02	-9.979464182133e-01
3.248574446154e-01	-1.116795232822e-01	-9.391460614608e-01
4.407893366250e-01	-3.427092832401e-01	-8.296114198218e-01
4.010309251903e-01	-5.610015291454e-01	-7.241902245526e-01
5.331765719634e-01	-3.284413140948e-01	-7.796467445613e-01
7.064942964394e-01	5.290075628624e-02	-7.057388462335e-01
7.182864472506e-01	5.306706773982e-01	-4.499480101587e-01
4.197722032957e-01	8.786547779573e-01	-2.275018209006e-01
4.574690923447e-02	9.821124971585e-01	-1.826533964111e-01
-4.983919921631e-02	9.819023826489e-01	-1.827122469075e-01
-4.027263186296e-01	8.884007664769e-01	-2.203533308266e-01
-7.200687152184e-01	5.288107736916e-01	-4.492885609399e-01
-6.914666805039e-01	2.218942867212e-02	-7.220674892336e-01
-5.427180439518e-01	-2.967190999936e-01	-7.857575328739e-01
-4.267241860032e-01	-5.035711120545e-01	-7.512140867850e-01
-4.443366259351e-01	-4.179248501689e-01	-7.924038001322e-01
-3.080464373758e-01	-1.325001938830e-01	-9.420992999897e-01
-8.121332044204e-02	-1.471318921905e-02	-9.965881389249e-01
5.712973875994e-02	-1.480067380452e-02	-9.982570475605e-01
3.050524105810e-01	-1.347560750052e-01	-9.427533224804e-01
4.132432727313e-01	-3.505842866975e-01	-8.404288521125e-01
3.755651122783e-01	-5.570209777186e-01	-7.407283421206e-01
5.129679728800e-01	-3.151816181924e-01	-7.984512548384e-01
6.859077133524e-01	6.524160360475e-02	-7.247579885195e-01
6.976836834077e-01	5.402741741052e-01	-4.704692282196e-01
4.105710136455e-01	8.750132156612e-01	-2.564825825907e-01
4.514722393094e-02	9.760803164133e-01	-2.126709761151e-01
-4.927106562432e-02	9.758678996090e-01	-2.127303565668e-01
-3.944281715312e-01	8.843910533335e-01	-2.495573727347e-01
-6.995146303192e-01	5.384454137345e-01	-4.698465902800e-01
-6.709173644070e-01	3.517438000847e-02	-7.406974099646e-01
-5.220552526445e-01	-2.838040560946e-01	-8.043093751353e-01
-4.020557609620e-01	-4.978486712259e-01	-7.684385893719e-01
-4.168548294054e-01	-4.269650908011e-01	-8.024542743600e-01
-2.870851539567e-01	-1.545911804358e-01	-9.453484443892e-01
-7.641002017666e-02	-4.495412101738e-02	-9.960625662177e-01
5.197220088147e-02	-4.498092000861e-02	-9.976350069894e-01
2.847442913328e-01	-1.575050896716e-01	-9.455753990460e-01
3.853207293540e-01	-3.582206186285e-01	-8.504151479834e-01
3.497339047211e-01	-5.525433474018e-01	-7.565593467340e-01
4.922626059566e-01	-3.016507196781e-01	-8.165074219470e-01
6.646372760779e-01	7.737669868199e-02	-7.431487991976e-01
6.764995945430e-01	5.491009187891e-01	-4.907509343528e-01
4.018438429207e-01	8.700836886457e-01	-2.854398371978e-01
4.598763640998e-02	9.690601774143e-01	-2.425025976090e-01

Hair-19
-5.326266264207e-02	9.985805369318e-01	-5.415914980085e-06
-4.450504566701e-01	8.945243623610e-01	-4.190771003477e-02
-8.289958627608e-01	4.593993537833e-01	-3.189327409800e-01
-8.000289440317e-01	-5.720754321841e-02	-5.972277502849e-01
-6.545285024614e-01	-3.693556996531e-01	-6.596732574536e-01
-5.646045602118e-01	-5.296911364309e-01	-6.329683961894e-01
-5.998139453120e-01	-3.577663193376e-01	-7.157000012274e-01
-4.290185071476e-01	-8.712484936964e-05	-9.032956951819e-01
-1.091465149448e-01	1.659012543315e-01	-9.800835740316e-01
8.563362646196e-02	1.657858342806e-01	-9.824367354547e-01
4.197127315618e-01	4.146541136336e-03	-9.076475247372e-01
5.718846185657e-01	-2.992473562801e-01	-7.638056053783e-01
5.219968724048e-01	-5.735005153475e-01	-6.313607717429e-01
6.260476571770e-01	-3.903698483111e-01	-6.750375637494e-01
7.990004563201e-01	-9.780830690805e-03	-6.012508679006e-01
8.109169230582e-01	4.750899570936e-01	-3.416186127345e-01
4.599755263394e-01	8.843199587336e-01	-8.000453583495e-02
4.819085271047e-02	9.983705355608e-01	-3.056003008905e-02
-5.206918400613e-02	9.981740154835e-01	-3.061755853370e-02
-4.384045800311e-01	8.959068080382e-01	-7.178032821467e-02
-8.126608079222e-01	4.722318216425e-01	-3.414374289609e-01
-7.837409705094e-01	-4.396916847039e-02	-6.195295016131e-01
-6.373358756585e-01	-3.580443801944e-01	-6.823541627409e-01
-5.428136358137e-01	-5.265861005813e-01	-6.542632768613e-01
-5.751676559160e-01	-3.686638635589e-01	-7.302527804082e-01
-4.099544261615e-01	-2.248447375870e-02	-9.118288309274e-01
-1.046709619324e-01	1.360326574060e-01	-9.851594316897e-01
8.109500790987e-02	1.359066378436e-01	-9.873970758930e-01
4.019282702117e-01	-1.952902618127e-02	-9.154628789531e-01
5.466780795287e-01	-3.089031467820e-01	-7.782813908034e-01
4.985293546286e-01	-5.724099377978e-01	-6.510110180972e-01
6.084070695998e-01	-3.789396224234e-01	-6.973131292458e-01
7.818572021336e-01	2.518138347334e-03	-6.234524636658e-01
7.938980230406e-01	4.869489992885e-01	-3.641518929020e-01
4.528969581083e-01	8.847760783417e-01	-1.097981626921e-01
4.800189000529e-02	9.969734743712e-01	-6.115316799837e-02
-5.152105411327e-02	9.967944892137e-01	-6.120724839698e-02
-4.319773488043e-01	8.961293363807e-01	-1.017240512263e-01
-7.955368260251e-01	4.847204816581e-01	-3.635480891148e-01
-7.667781151684e-01	-3.050418905815e-02	-6.411870371028e-01
-6.196764499957e-01	-3.461763529348e-01	-7.043884084719e-01
-5.206239598330e-01	-5.227656890786e-01	-6.750309080109e-01
-5.499719974517e-01	-3.791499917655e-01	-7.441613304676e-01
-3.904091829760e-01	-4.476454087160e-02	-9.195525029755e-01
-9.966398442483e-02	1.061054981492e-01	-9.893476201372e-01
7.684528258366e-02	1.058343574951e-01	-9.914100520563e-01
3.833274012468e-01	-4.279131647994e-02	-9.226207274321e-01
5.209190147985e-01	-3.178947240621e-01	-7.922034615141e-01
4.747740337291e-01	-5.704029360868e-01	-6.702463035334e-01
5.904044009034e-01	-3.668340294968e-01	-7.189265874879e-01
7.640843711253e-01	1.517973419347e-02	-6.449377097610e-01
7.760523646482e-01	4.986606979234e-01	-3.861090981451e-01
4.451517656016e-01	8.845344268390e-01	-1.394229296720e-01
4.732780251497e-02	9.946631055010e-01	-9.168089039837e-02
-5.138012020806e-02	9.944565585796e-01	-9.174004766374e-02
-4.255147463661e-01	8.953246144499e-01	-1.316473903468e-01
-7.777985231482e-01	4.962644247612e-01	-3.856826131744e-01
-7.489277389385e-01	-1.752824770502e-02	-6.624198082643e-01
-6.011536656699e-01	-3.344567286177e-01	-7.257774913388e-01
-4.977366592934e-01	-5.188736185885e-01	-6.950024359154e-01
-5.242949609033e-01	-3.895644683557e-01	-7.572016369278e-01
-3.706124929250e-01	-6.711248578204e-02	-9.263597003001e-01
-9.536691226812e-02	7.595088432848e-02	-9.925404854283e-01
7.176570608170e-02	7.579930713758e-02	-9.945371528847e-01
3.640905739136e-01	-6.574464750862e-02	-9.290402011276e-01
4.946439432587e-01	-3.262334849707e-01	-8.055427255468e-01
4.506608191690e-01	-5.676991893840e-01	-6.889284842701e-01
5.718545942710e-01	-3.543758343232e-01	-7.398649140613e-01
7.455889657451e-01	2.780155125477e-02	-6.658259291338e-01
7.574847151273e-01	5.098845139487e-01	-4.077188845073e-01
4.370244619275e-01	8.834439868177e-01	-1.689270310892e-01
4.660063265562e-02	9.914203169305e-01	-1.221234466163e-01
-5.118297620090e-02	9.911863951939e-01	-1.221876954925e-01
-4.185569336594e-01	8.937288987143e-01	-1.614272247442e-01
-7.593201992709e-01	5.073823471869e-01	-4.074260530970e-01
-7.303787902078e-01	-4.523880526830e-03	-6.830273474171e-01
-5.821006166205e-01	-3.223706443475e-01	-7.464824443970e-01
-4.744005716889e-01	-5.144609803747e-01	-7.143346535435e-01
-4.981202395607e-01	-3.995482045698e-01	-7.695696584228e-01
-3.503132034001e-01	-8.923713994880e-02	-9.323719174114e-01
-9.084413502160e-02	4.574805701360e-02	-9.948137807709e-01
6.682683392257e-02	4.565741939364e-02	-9.967194060126e-01
3.447393530246e-01	-8.884646229393e-02	-9.344843950618e-01
4.679426832445e-01	-3.346506755309e-01	-8.179477798519e-01
4.260469397513e-01	-5.646239301774e-01	-7.068831746474e-01
5.527857153092e-01	-3.415589138012e-01	-7.601088483586e-01
7.263938343180e-01	4.039534706270e-02	-6.860905285751e-01
7.382238687845e-01	5.205669843698e-01	-4.289936297207e-01
4.286895061943e-01	8.814154753172e-01	-1.983231382118e-01
4.627947226345e-02	9.872261539992e-01	-1.524556699734e-01
-5.046733312540e-02	9.870116189869e-01	-1.525159410428e-01
-4.108115961670e-01	8.914956384477e-01	-1.909695239653e-01
-7.400084271566e-01	5.184860901778e-01	-4.284386794272e-01
-7.113116493412e-01	8.983994966027e-03	-7.028193404752e-01
-5.627569108022e-01	-3.095617390985e-01	-7.664699531167e-01
-4.508192021161e-01	-5.091788857441e-01	-7.331431710899e-01
-4.714571804474e-01	-4.089324194587e-01	-7.813465321612e-01
-3.294171841724e-01	-1.110001073534e-01	-9.376370806125e-01
-8.607853939104e-02	1.552929773578e-02	-9.961673182594e-01
6.190543805323e-02	1.545907131899e-02	-9.979622907973e-01
3.250235148953e-01	-1.118257511101e-01	-9.390711986606e-01
4.407880692360e-01	-3.426064096000e-01	-8.296545824138e-01
4.010723275756e-01	-5.609393512528e-01	-7.242154598385e-01
5.331921353798e-01	-3.284318019417e-01	-7.796401081540e-01
7.065149840846e-01	5.294220146995e-02	-7.057150278741e-01
7.182684756215e-01	5.307696922722e-01	-4.498599011843e-01
4.200093895874e-01	8.785296052217e-01	-2.275474574841e-01
4.593562574743e-02	9.821051966027e-01	-1.826452876290e-01
-4.964842714265e-02	9.819142009264e-01	-1.827006724161e-01
-4.025822853948e-01	8.884764650424e-01	-2.203113128099e-01
-7.199613561537e-01	5.292611882839e-01	-4.489301061654e-01
-6.916343699318e-01	2.265405722814e-02	-7.218924379852e-01
-5.429738692229e-01	-2.963167827931e-01	-7.857326145555e-01
-4.269228239394e-01	-5.032076076560e-01	-7.513447983428e-01
-4.443226544038e-01	-4.176410710694e-01	-7.925612370912e-01
-3.079597582061e-01	-1.323951161095e-01	-9.421424099126e-01
-8.092194333759e-02	-1.465255550261e-02	-9.966127340666e-01
5.717967356713e-02	-1.479813026859e-02	-9.982542262727e-01
3.058933582252e-01	-1.355165737905e-01	-9.423717481025e-01
4.132802490016e-01	-3.508722546616e-01	-8.402904835198e-01
3.755208344058e-01	-5.571374120160e-01	-7.406632210791e-01
5.129750184128e-01	-3.151874355354e-01	-7.984444319832e-01
6.859309486114e-01	6.528633908042e-02	-7.247319695353e-01
6.976706535306e-01	5.403602615685e-01	-4.703896756092e-01
4.109055739618e-01	8.748361437126e-01	-2.565508350041e-01
4.550059449042e-02	9.760657388810e-01	-2.126625714218e-01
-4.891664196660e-02	9.758891174944e-01	-2.127148149396e-01
-3.942820653005e-01	8.844685516222e-01	-2.495135951683e-01
-6.993250360702e-01	5.392129577283e-01	-4.692482073949e-01
-6.712099454125e-01	3.600751236285e-02	-7.403922394466e-01
-5.225029272255e-01	-2.830896892963e-01	-8.042704264455e-01
-4.023595573927e-01	-4.972859137431e-01	-7.686439400447e-01
-4.168442642234e-01	-4.267000851538e-01	-8.026007081444e-01
-2.873852823155e-01	-1.548786537372e-01	-9.452101893891e-01
-7.610030006191e-02	-4.488932174427e-02	-9.960891993812e-01
5.197996903349e-02	-4.496716528313e-02	-9.976352223462e-01
2.846837173234e-01	-1.574377446457e-01	-9.456048528068e-01
3.852645435820e-01	-3.575499774401e-01	-8.507227780488e-01
3.501489365278e-01	-5.517321860622e-01	-7.569592572335e-01
4.928641456907e-01	-3.007369944620e-01	-8.164815944371e-01
6.649419341131e-01	7.842422629749e-02	-7.427663596229e-01
6.762421278071e-01	5.500965363073e-01	-4.899901890055e-01
4.011560092365e-01	8.704636840908e-01	-2.852487176703e-01
4.487770529184e-02	9.691179304100e-01	-2.424797486917e-01

Hair-20
-5.374651479723e-02	9.985546114375e-01	-1.113524307367e-05
-4.454607145247e-01	8.943159059862e-01	-4.199776321752e-02
-8.290499786875e-01	4.591790574024e-01	-3.191092698140e-01
-7.999459544823e-01	-5.744362543118e-02	-5.973162477321e-01
-6.543848161281e-01	-3.695883164499e-01	-6.596855226277e-01
-5.645260722488e-01	-5.298365424656e-01	-6.329167022756e-01
-5.998073133836e-01	-3.577489894773e-01	-7.157142218368e-01
-4.290152072711e-01	-9.152108834580e-05	-9.032972620096e-01
-1.092577352142e-01	1.658772747435e-01	-9.800752404890e-01
8.565547806196e-02	1.657770659925e-01	-9.824363101336e-01
4.194678415169e-01	4.364828648903e-03	-9.077597028972e-01
5.718632812215e-01	-2.990744704354e-01	-7.638892908821e-01
5.220888780470e-01	-5.733048107683e-01	-6.314624275201e-01
6.261777822239e-01	-3.901629418926e-01	-6.750364907343e-01
7.990552717986e-01	-9.571597248281e-03	-6.011813845562e-01
8.108686067922e-01	4.752528408785e-01	-3.415067199279e-01
4.597360632972e-01	8.844491752938e-01	-7.995253858442e-02
4.800278001990e-02	9.983795311922e-01	-3.056214663257e-02
-5.223218552321e-02	9.981653435298e-01	-3.062263495453e-02
-4.385694061014e-01	8.958228265268e-01	-7.182158105651e-02
-8.126539880095e-01	4.722357919430e-01	-3.414481696835e-01
-7.837389890458e-01	-4.395306300561e-02	-6.195331510920e-01
-6.373354493052e-01	-3.580357635070e-01	-6.823590822352e-01
-5.428464286391e-01	-5.265093223305e-01	-6.542978590924e-01
-5.751461310757e-01	-3.685298856825e-01	-7.303373544243e-01
-4.097139639035e-01	-2.224762053427e-02	-9.119427126541e-01
-1.047762111912e-01	1.360054738175e-01	-9.851519967295e-01
8.119558455062e-02	1.358811031973e-01	-9.873923246832e-01
4.014001851620e-01	-1.905767544615e-02	-9.157044809099e-01
5.466365114458e-01	-3.085504729075e-01	-7.784504672893e-01
4.987179552587e-01	-5.720084690866e-01	-6.512194041918e-01
6.086509313179e-01	-3.785506922762e-01	-6.973115639247e-01
7.819650534075e-01	2.927338354038e-03	-6.233153984457e-01
7.938005421906e-01	4.872852784910e-01	-3.639144907582e-01
4.525455353154e-01	8.849652963701e-01	-1.097222068988e-01
4.760976537815e-02	9.969919749237e-01	-6.115809168310e-02
-5.189609895056e-02	9.967742987189e-01	-6.121921534224e-02
-4.322835335132e-01	8.959730768810e-01	-1.017997650183e-01
-7.955798757318e-01	4.845263550043e-01	-3.637126236973e-01
-7.666944027586e-01	-3.072396831612e-02	-6.412766412007e-01
-6.195509889221e-01	-3.463673025013e-01	-7.044049005251e-01
-5.205585815257e-01	-5.228734020872e-01	-6.749979026557e-01
-5.499581479944e-01	-3.791316444720e-01	-7.441809132291e-01
-3.902165710326e-01	-4.458554747460e-02	-9.196429506325e-01
-1.000789067928e-01	1.060208561674e-01	-9.893148085785e-01
7.667045985661e-02	1.058514133597e-01	-9.914217663916e-01
3.828904160660e-01	-4.240756835631e-02	-9.228198781078e-01
5.208843226416e-01	-3.176518077472e-01	-7.923237037102e-01
4.749065430310e-01	-5.701104672895e-01	-6.704012458768e-01
5.905897543568e-01	-3.665305595285e-01	-7.189291279260e-01
7.641629173512e-01	1.549563530565e-02	-6.448371275228e-01
7.759779025700e-01	4.989029966002e-01	-3.859457147143e-01
4.448913097357e-01	8.846731476001e-01	-1.393741168112e-01
4.704986731171e-02	9.946753909340e-01	-9.169065740982e-02
-5.164677264871e-02	9.944413454640e-01	-9.175522495597e-02
-4.256928156699e-01	8.952323009395e-01	-1.316994838318e-01
-7.778354011715e-01	4.960837454755e-01	-3.858406486612e-01
-7.488450285415e-01	-1.773500293899e-02	-6.625078059158e-01
-6.010315534117e-01	-3.346357076247e-01	-7.257961249455e-01
-4.976609171696e-01	-5.189933648620e-01	-6.949672645177e-01
-5.242803668312e-01	-3.895738969655e-01	-7.572068909872e-01
-3.704146088430e-01	-6.693457476118e-02	-9.264517150166e-01
-9.551436673446e-02	7.590776945922e-02	-9.925296047388e-01
7.183152109477e-02	7.577060620832e-02	-9.945345885448e-01
3.639170229625e-01	-6.560972853911e-02	-9.291177341538e-01
4.946378422017e-01	-3.263279598212e-01	-8.055082046143e-01
4.506490832341e-01	-5.676928911899e-01	-6.889413509673e-01
5.718901475950e-01	-3.542987033017e-01	-7.398743730678e-01
7.455928303069e-01	2.786208136383e-02	-6.658190713828e-01
7.574742622230e-01	5.098809109518e-01	-4.077428095217e-01
4.369454553937e-01	8.834829465032e-01	-1.689276538899e-01
4.662368649762e-02	9.914171927956e-01	-1.221400085424e-01
-5.114995478783e-02	9.911861193734e-01	-1.222037597074e-01
-4.185110082690e-01	8.937490595609e-01	-1.614346756172e-01
-7.592892902818e-01	5.074489632844e-01	-4.074006913654e-01
-7.303849471174e-01	-4.453786819735e-03	-6.830212242729e-01
-5.821143139442e-01	-3.223194474474e-01	-7.464938709048e-01
-4.744136162158e-01	-5.144006071105e-01	-7.143694675400e-01
-4.980945316576e-01	-3.994791513732e-01	-7.696221444001e-01
-3.500123165990e-01	-8.895820338447e-02	-9.325115636171e-01
-9.085929996118e-02	4.572344845692e-02	-9.948135271858e-01
6.694966036771e-02	4.561470216019e-02	-9.967131191689e-01
3.446119303212e-01	-8.875909162151e-02	-9.345396947882e-01
4.679227296759e-01	-3.346479676669e-01	-8.179603026975e-01
4.260479128872e-01	-5.645838550983e-01	-7.069145963175e-01
5.528068362947e-01	-3.414976152348e-01	-7.601210301885e-01
7.263911761513e-01	4.044485237617e-02	-6.860904263476e-01
7.382094525010e-01	5.205675037061e-01	-4.290178065341e-01
4.285914424679e-01	8.814631543043e-01	-1.983231782902e-01
4.626127127449e-02	9.872238829085e-01	-1.524758990632e-01
-5.046536207951e-02	9.870085927667e-01	-1.525361761514e-01
-4.107661552213e-01	8.915140660079e-01	-1.909812447198e-01
-7.399709232823e-01	5.185665420380e-01	-4.284060855957e-01
-7.113220268473e-01	9.077831533567e-03	-7.028076316436e-01
-5.627840403530e-01	-3.094815323291e-01	-7.664824231978e-01
-4.508648051537e-01	-5.090473733799e-01	-7.332064505504e-01
-4.714155129722e-01	-4.087483845731e-01	-7.814679598282e-01
-3.290803846091e-01	-1.106877526523e-01	-9.377922594468e-01
-8.603966600424e-02	1.550945337448e-02	-9.961709856897e-01
6.209492018969e-02	1.540138199690e-02	-9.979514108008e-01
3.248581710681e-01	-1.117090855710e-01	-9.391422942724e-01
4.407593029241e-01	-3.425545991148e-01	-8.296912579455e-01
4.011115415757e-01	-5.608129347455e-01	-7.242916425287e-01
5.332873517779e-01	-3.282485170699e-01	-7.796521733922e-01
7.065493936294e-01	5.313749542361e-02	-7.056658989508e-01
7.182130313907e-01	5.309105191578e-01	-4.497822386313e-01
4.197190241726e-01	8.786797253496e-01	-2.275035846029e-01
4.568001387228e-02	9.821130695199e-01	-1.826670605525e-01
-4.989849578373e-02	9.818965629237e-01	-1.827273374104e-01
-4.027731096632e-01	8.883733074631e-01	-2.203785123812e-01
-7.199966012658e-01	5.290529574385e-01	-4.491189846703e-01
-6.915346298484e-01	2.242935027639e-02	-7.219949999596e-01
-5.428244734542e-01	-2.965205781638e-01	-7.857589565156e-01
-4.268049702928e-01	-5.033871030466e-01	-7.512915158709e-01
-4.443078302782e-01	-4.177719579798e-01	-7.925005634567e-01
-3.079928049444e-01	-1.324731645594e-01	-9.421206359985e-01
-8.117232305418e-02	-1.472446001526e-02	-9.965913125486e-01
5.713230208277e-02	-1.481900661449e-02	-9.982566288794e-01
3.053167219806e-01	-1.350319477192e-01	-9.426282790019e-01
4.132260336382e-01	-3.505868333735e-01	-8.404362661075e-01
3.756245541032e-01	-5.568708564827e-01	-7.408110714312e-01
5.131105472281e-01	-3.149351290305e-01	-7.984569060543e-01
6.859797641639e-01	6.554676657095e-02	-7.246622555023e-01
6.975951985560e-01	5.405628532522e-01	-4.702687961534e-01
4.105937804937e-01	8.749957424667e-01	-2.565057466900e-01
4.517095226341e-02	9.760755391222e-01	-2.126878628389e-01
-4.921530915988e-02	9.758672357725e-01	-2.127463078178e-01
-3.944402169817e-01	8.843799953033e-01	-2.495775212929e-01
-6.993685960442e-01	5.389606961485e-01	-4.694730395606e-01
-6.710892298791e-01	3.573170085509e-02	-7.405150174671e-01
-5.223333189721e-01	-2.833184348015e-01	-8.043000487338e-01
-4.022575223864e-01	-4.974249997771e-01	-7.686073479224e-01
-4.168113689694e-01	-4.266875691529e-01	-8.026244458202e-01
-2.870792541951e-01	-1.546147932520e-01	-9.453463743615e-01
-7.619356321953e-02	-4.493908451487e-02	-9.960798259210e-01
5.212612437674e-02	-4.502596020413e-02	-9.976249445885e-01
2.846595364077e-01	-1.574628190897e-01	-9.456079573145e-01
3.852703010084e-01	-3.579231463522e-01	-8.505632348428e-01
3.499467689355e-01	-5.520786219447e-01	-7.568001414530e-01
4.926280877862e-01	-3.010538015904e-01	-8.165073028896e-01
6.648142631959e-01	7.806508152957e-02	-7.429184601940e-01
6.763175606619e-01	5.497286358352e-01	-4.902988722026e-01
4.014997839442e-01	8.702649907680e-01	-2.853712833072e-01
4.541598366188e-02	9.690834584768e-01	-2.425172961558e-01

Hair-21
-5.360965085911e-02	9.985619686686e-01	-7.962503914827e-06
-4.454605340510e-01	8.943159099884e-01	-4.199959219672e-02
-8.291895595912e-01	4.586506173901e-01	-3.195063151685e-01
-7.997351356909e-01	-5.807299439298e-02	-5.975376474028e-01
-6.541314647687e-01	-3.700044633214e-01	-6.597035121339e-01
-5.644376104457e-01	-5.300084788410e-01	-6.328516384359e-01
-5.997740452551e-01	-3.574278820083e-01	-7.159025099840e-01
-4.283773024549e-01	5.757499595605e-04	-9.035997760366e-01
-1.079815702338e-01	1.660855150120e-01	-9.801814026970e-01
8.698916912817e-02	1.655455612897e-01	-9.823581585103e-01
4.209141753884e-01	3.012708003383e-03	-9.070954638557e-01
5.720452927645e-01	-3.011066679016e-01	-7.629540992557e-01
5.207527094084e-01	-5.760416919756e-01	-6.300734756755e-01
6.240774111030e-01	-3.934196476704e-01	-6.750913758728e-01
7.980475214510e-01	-1.315327850918e-02	-6.024509480201e-01
8.116839979366e-01	4.722218483899e-01	-3.437668008940e-01
4.621850844204e-01	8.831161865763e-01	-8.056518321365e-02
5.013405974469e-02	9.982738536801e-01	-3.059230478617e-02
-5.023019666407e-02	9.982683651885e-01	-3.061369639494e-02
-4.370061076817e-01	8.966138394402e-01	-7.147926113996e-02
-8.125653906821e-01	4.725723261647e-01	-3.411933211670e-01
-7.838326244044e-01	-4.367767607050e-02	-6.194341591585e-01
-6.375240962337e-01	-3.577110592778e-01	-6.823531525477e-01
-5.430406355027e-01	-5.261093808865e-01	-6.544583925171e-01
-5.750767703860e-01	-3.678600278831e-01	-7.307295724468e-01
-4.088266161883e-01	-2.131854811913e-02	-9.123630403530e-01
-1.037281311085e-01	1.361743871630e-01	-9.852395704079e-01
8.215305576605e-02	1.357115846034e-01	-9.873364377115e-01
4.026052699295e-01	-2.018342932518e-02	-9.151511491583e-01
5.468071910461e-01	-3.104764321640e-01	-7.775643258862e-01
4.974724927448e-01	-5.745912216929e-01	-6.498969509974e-01
6.067728858311e-01	-3.814603614543e-01	-6.973626442959e-01
7.810894642121e-01	-1.804109314225e-04	-6.244191031261e-01
7.944987094814e-01	4.847014678945e-01	-3.658364219883e-01
4.543001305078e-01	8.840110659102e-01	-1.101627285836e-01
4.935432443616e-02	9.969063948932e-01	-6.117017639801e-02
-5.025288871686e-02	9.968597669295e-01	-6.119846609956e-02
-4.312801375021e-01	8.964809616859e-01	-1.015840948721e-01
-7.955805595235e-01	4.845299437233e-01	-3.637063471316e-01
-7.666829982261e-01	-3.075792813564e-02	-6.412886480266e-01
-6.195458741006e-01	-3.463700310485e-01	-7.044080575039e-01
-5.205374593088e-01	-5.229093969940e-01	-6.749863080031e-01
-5.499538171101e-01	-3.790862091601e-01	-7.442072594853e-01
-3.902349356932e-01	-4.460558266199e-02	-9.196341864893e-01
-9.872188223591e-02	1.062694276332e-01	-9.894244785320e-01
7.733448856370e-02	1.057306580140e-01	-9.913830767340e-01
3.831346117815e-01	-4.263488023418e-02	-9.227080449646e-01
5.209259733258e-01	-3.181316137319e-01	-7.921037852825e-01
4.745830269949e-01	-5.707768049596e-01	-6.700632726904e-01
5.901353346720e-01	-3.672261301121e-01	-7.189473250069e-01
7.639554871475e-01	1.475466135313e-02	-6.451002353321e-01
7.761356352195e-01	4.983250147411e-01	-3.863750191532e-01
4.447123505185e-01	8.847707948139e-01	-1.393253958927e-01
4.682719452972e-02	9.946859209137e-01	-9.169041710263e-02
-5.195214031910e-02	9.944249684241e-01	-9.176032525575e-02
-4.263553232761e-01	8.948955730093e-01	-1.318448016512e-01
-7.781129943839e-01	4.950343416929e-01	-3.866279458544e-01
-7.484441591753e-01	-1.893203744953e-02	-6.629275364279e-01
-6.003198842379e-01	-3.357979110777e-01	-7.258483309235e-01
-4.969176191516e-01	-5.204406374843e-01	-6.944166059591e-01
-5.244339496433e-01	-3.912238152706e-01	-7.562492702983e-01
-3.721782600822e-01	-6.877425675349e-02	-9.256097689254e-01
-9.847303647510e-02	7.536754103275e-02	-9.922816106560e-01
6.772967812001e-02	7.653846260851e-02	-9.947635671069e-01
3.632635615596e-01	-6.501357077756e-02	-9.294153110735e-01
4.944268961033e-01	-3.240951575017e-01	-8.065385132116e-01
4.515241845593e-01	-5.658889764996e-01	-6.898518515119e-01
5.728427445141e-01	-3.528203957589e-01	-7.398438743371e-01
7.460565691410e-01	2.952310939741e-02	-6.652277667484e-01
7.570614273377e-01	5.114179365509e-01	-4.065829428437e-01
4.353408873689e-01	8.843491873483e-01	-1.685373152193e-01
4.431177788636e-02	9.915269232068e-01	-1.221098968000e-01
-5.339347618997e-02	9.910661303485e-01	-1.222172736416e-01
-4.204534893981e-01	8.927585461789e-01	-1.618673576650e-01
-7.597898902263e-01	5.055484293399e-01	-4.088277244780e-01
-7.296692925030e-01	-6.583534218481e-03	-6.837685139398e-01
-5.810193725666e-01	-3.241384877556e-01	-7.465592605131e-01
-4.736811511177e-01	-5.158405454789e-01	-7.138169924538e-01
-4.981596385313e-01	-4.002688363079e-01	-7.691695737736e-01
-3.507343110650e-01	-8.969947551919e-02	-9.321692159331e-01
-9.108867878320e-02	4.568108000869e-02	-9.947944971333e-01
6.640590028456e-02	4.571186891609e-02	-9.967450433524e-01
3.444647464166e-01	-8.862510740551e-02	-9.346066706447e-01
4.679524131378e-01	-3.349674431201e-01	-8.178125403099e-01
4.258258099212e-01	-5.650358114593e-01	-7.066872797593e-01
5.524793857734e-01	-3.420004895167e-01	-7.601330103777e-01
7.262355770062e-01	3.988970388982e-02	-6.862876206184e-01
7.383340178303e-01	5.201149901398e-01	-4.293521574959e-01
4.285911475680e-01	8.814637042475e-01	-1.983213713159e-01
4.606956797007e-02	9.872331870816e-01	-1.524737001313e-01
-5.067185260215e-02	9.869977169155e-01	-1.525380941193e-01
-4.112524808211e-01	8.912669223996e-01	-1.910881211767e-01
-7.402107451858e-01	5.176597657016e-01	-4.290878927274e-01
-7.109470671446e-01	7.956742242366e-03	-7.032005105028e-01
-5.621578175950e-01	-3.105131537289e-01	-7.665247350727e-01
-4.503521792996e-01	-5.100496172716e-01	-7.328248784813e-01
-4.714968619649e-01	-4.095969909297e-01	-7.809744004630e-01
-3.296512205601e-01	-1.112856681703e-01	-9.375209719484e-01
-8.665867443459e-02	1.540507650186e-02	-9.961189475977e-01
6.133731414426e-02	1.552605066396e-02	-9.979963304764e-01
3.243226324828e-01	-1.112104663819e-01	-9.393865350464e-01
4.407641693339e-01	-3.426141422072e-01	-8.296640865983e-01
4.007537498917e-01	-5.615484010499e-01	-7.239197643566e-01
5.324850124555e-01	-3.294943527525e-01	-7.796750496293e-01
7.061657644573e-01	5.176692231187e-02	-7.061516118107e-01
7.185153655288e-01	5.297955248283e-01	-4.506133279996e-01
4.207768001281e-01	8.781058401654e-01	-2.277652693925e-01
4.645727946721e-02	9.820749348350e-01	-1.826760617962e-01
-4.906752401942e-02	9.819396852238e-01	-1.827206410594e-01
-4.022022442937e-01	8.886624798174e-01	-2.202551966468e-01
-7.199326979776e-01	5.293048408050e-01	-4.489245993295e-01
-6.915918689280e-01	2.259779874925e-02	-7.219349183440e-01
-5.429420843025e-01	-2.963192336845e-01	-7.857536540430e-01
-4.271074153118e-01	-5.027750908803e-01	-7.515294164409e-01
-4.441879071357e-01	-4.166295660034e-01	-7.931689024957e-01
-3.064476584924e-01	-1.308471508658e-01	-9.428514494420e-01
-7.933199596081e-02	-1.444001322711e-02	-9.967436583369e-01
5.888653349329e-02	-1.514906256224e-02	-9.981497292875e-01
3.073730292840e-01	-1.369340627470e-01	-9.416851296099e-01
4.134782610412e-01	-3.533423347683e-01	-8.391572689948e-01
3.744364063373e-01	-5.593222001812e-01	-7.395647733591e-01
5.116803157479e-01	-3.171430257584e-01	-7.985008175881e-01
6.853262504288e-01	6.322173219532e-02	-7.254866939176e-01
6.981371825807e-01	5.385665542694e-01	-4.717526268297e-01
4.117829768941e-01	8.743496293700e-01	-2.568024640863e-01
4.661393729061e-02	9.760068358968e-01	-2.126917890588e-01
-4.802708686239e-02	9.759312863031e-01	-2.127240544513e-01
-3.940808792252e-01	8.845617938605e-01	-2.495008887187e-01
-6.994209826739e-01	5.387719680214e-01	-4.696116006550e-01
-6.709950606723e-01	3.544710541539e-02	-7.406140231396e-01
-5.220808177470e-01	-2.837239954622e-01	-8.043210267919e-01
-4.018746528391e-01	-4.981653725807e-01	-7.683280711825e-01
-4.169076621455e-01	-4.276780069023e-01	-8.020470831918e-01
-2.882263896070e-01	-1.557998177605e-01	-9.448026064316e-01
-7.645192051439e-02	-4.498287868843e-02	-9.960580527633e-01
5.115081178956e-02	-4.486639981599e-02	-9.976826151742e-01
2.830599425645e-01	-1.559677306650e-01	-9.463356359699e-01
3.850369443536e-01	-3.556298854877e-01	-8.516301638804e-01
3.508219134021e-01	-5.502862651270e-01	-7.576998162132e-01
4.935211428310e-01	-2.996643418657e-01	-8.164791263670e-01
6.652812777507e-01	7.974755711398e-02	-7.423214590787e-01
6.758562221964e-01	5.514374838590e-01	-4.890143845672e-01
3.992958189788e-01	8.714576250891e-01	-2.848235534855e-01
4.235453464524e-02	9.692293500856e-01	-2.424882684328e-01

Hair-22
-5.350089851190e-02	9.985678012993e-01	-8.161403658000e-06
-4.453788391303e-01	8.943574567479e-01	-4.198129600664e-02
-8.290751943551e-01	4.590870300342e-01	-3.191761597604e-01
-7.999007702917e-01	-5.757856143919e-02	-5.973637643424e-01
-6.543224523791e-01	-3.696869911833e-01	-6.596920924662e-01
-5.645007605651e-01	-5.298830595348e-01	-6.329003353922e-01
-5.997988351694e-01	-3.576733894937e-01	-7.157591101603e-01
-4.288671546897e-01	6.219867540418e-05	-9.033675662540e-01
-1.091435404860e-01	1.658947360121e-01	-9.800850086261e-01
8.587399507615e-02	1.657363322767e-01	-9.824241065513e-01
4.203899428610e-01	3.515435453542e-03	-9.073367278221e-01
5.719551736996e-01	-3.000631267732e-01	-7.634326422347e-01
5.215139329744e-01	-5.744772993341e-01	-6.308716591062e-01
6.253382106908e-01	-3.914621986863e-01	-6.750625669148e-01
7.986520589080e-01	-1.101195532976e-02	-6.016923014646e-01
8.112030345408e-01	4.740187184376e-01	-3.424264757909e-01
4.609036135405e-01	8.838150345993e-01	-8.024240550679e-02
4.892788034573e-02	9.983342219063e-01	-3.057521701661e-02
-5.138249060404e-02	9.982096362498e-01	-3.061636420809e-02
-4.379564321134e-01	8.961333358118e-01	-7.168826973306e-02
-8.126440150812e-01	4.722761571407e-01	-3.414160748253e-01
-7.837242910914e-01	-4.399787630842e-02	-6.195485634183e-01
-6.372482135154e-01	-3.581737197210e-01	-6.823681564029e-01
-5.426502099818e-01	-5.268862556515e-01	-6.541571854013e-01
-5.752046440474e-01	-3.691224369604e-01	-7.299919478999e-01
-4.102695979531e-01	-2.282771181864e-02	-9.116785357617e-01
-1.050133599124e-01	1.359654758677e-01	-9.851322670647e-01
8.125012843561e-02	1.358669851053e-01	-9.873897806781e-01
4.029008828543e-01	-2.042315939656e-02	-9.150157229007e-01
5.467595188272e-01	-3.098738625304e-01	-7.778381694751e-01
4.981084110377e-01	-5.732562372924e-01	-6.505884238587e-01
6.079654026532e-01	-3.796097517731e-01	-6.973338551479e-01
7.816542433774e-01	1.818610039869e-03	-6.237093365243e-01
7.940529236342e-01	4.863577976115e-01	-3.646039593455e-01
4.533696628202e-01	8.845179574307e-01	-1.099269385408e-01
4.836395968067e-02	9.969552458671e-01	-6.116506471844e-02
-5.115318795943e-02	9.968132432418e-01	-6.121037052060e-02
-4.318228698070e-01	8.962063527919e-01	-1.017014371927e-01
-7.955101479886e-01	4.847958764941e-01	-3.635059319756e-01
-7.667956483005e-01	-3.042039523386e-02	-6.411700502217e-01
-6.196900292890e-01	-3.461359186824e-01	-7.043963326123e-01
-5.205731318750e-01	-5.228402287961e-01	-6.750123773105e-01
-5.499847790668e-01	-3.794058906452e-01	-7.440214465582e-01
-3.909212288122e-01	-4.530854148056e-02	-9.193082882977e-01
-9.949709067174e-02	1.061195372668e-01	-9.893629125645e-01
7.752962008939e-02	1.057023935428e-01	-9.913708498882e-01
3.839526993348e-01	-4.337871613705e-02	-9.223332432802e-01
5.209478621050e-01	-3.183349215536e-01	-7.920077036795e-01
4.746989524954e-01	-5.705322091590e-01	-6.701894529250e-01
5.904858284185e-01	-3.666874489052e-01	-7.189344902370e-01
7.641297497236e-01	1.537936407487e-02	-6.448792140765e-01
7.759971692205e-01	4.988371090521e-01	-3.859921398089e-01
4.448398064104e-01	8.847013038501e-01	-1.393597847253e-01
4.692420303011e-02	9.946814228662e-01	-9.168961868664e-02
-5.174132842723e-02	9.944363256970e-01	-9.175635709247e-02
-4.259520199473e-01	8.951005742655e-01	-1.317567404438e-01
-7.778645924914e-01	4.959784606687e-01	-3.859171443469e-01
-7.488217212500e-01	-1.780552510037e-02	-6.625322581279e-01
-6.010071273987e-01	-3.346721772466e-01	-7.257995360931e-01
-4.976101049431e-01	-5.190913411997e-01	-6.949304734648e-01
-5.243031392471e-01	-3.898241546509e-01	-7.570623135690e-01
-3.709794971619e-01	-6.751197132443e-02	-9.261837541295e-01
-9.519775604183e-02	7.596230185787e-02	-9.925558502881e-01
7.220119028908e-02	7.571065229362e-02	-9.945123856695e-01
3.639740330571e-01	-6.566700555792e-02	-9.290913559178e-01
4.946523862807e-01	-3.264752810787e-01	-8.054395741404e-01
4.504916949215e-01	-5.680118281291e-01	-6.887813847021e-01
5.716247413255e-01	-3.547075702171e-01	-7.398835683641e-01
7.454919707635e-01	2.750232585058e-02	-6.659469525420e-01
7.575254208633e-01	5.096994456496e-01	-4.078746276129e-01
4.369346060032e-01	8.834889645885e-01	-1.689242419761e-01
4.619873976630e-02	9.914377866878e-01	-1.221343177472e-01
-5.158935325696e-02	9.911629450414e-01	-1.222070170137e-01
-4.190000730734e-01	8.935003217999e-01	-1.615429159943e-01
-7.594564027341e-01	5.068198659586e-01	-4.078720336280e-01
-7.301578170234e-01	-5.133920246069e-03	-6.832592517504e-01
-5.817627866014e-01	-3.228957220049e-01	-7.465188630147e-01
-4.741274284344e-01	-5.149568959074e-01	-7.141586497156e-01
-4.981447113669e-01	-3.999990849607e-01	-7.693195555605e-01
-3.503590232996e-01	-8.931618634757e-02	-9.323471315175e-01
-9.068438651383e-02	4.575185412148e-02	-9.948281810881e-01
6.737236678410e-02	4.554432326650e-02	-9.966878542513e-01
3.453932855700e-01	-8.948276482591e-02	-9.341821626868e-01
4.680021990410e-01	-3.354761338044e-01	-8.175755043667e-01
4.256593441958e-01	-5.653744546614e-01	-7.065167009456e-01
5.523530613000e-01	-3.421981921810e-01	-7.601358384793e-01
7.261835374956e-01	3.970331787042e-02	-6.863534923204e-01
7.383714343066e-01	5.199763075612e-01	-4.294557772053e-01
4.289494664430e-01	8.812691895155e-01	-1.984111157394e-01
4.642343526852e-02	9.872161280029e-01	-1.524768220705e-01
-5.034734966521e-02	9.870149545023e-01	-1.525340092257e-01
-4.109106719025e-01	8.914405408663e-01	-1.910135644835e-01
-7.400559158632e-01	5.182501353382e-01	-4.286420868485e-01
-7.111853138470e-01	8.667116657110e-03	-7.029511579457e-01
-5.625454905745e-01	-3.098708261944e-01	-7.665002557781e-01
-4.506437380132e-01	-5.094768197339e-01	-7.330440583917e-01
-4.714600811172e-01	-4.092030591158e-01	-7.812030775178e-01
-3.294553019712e-01	-1.110769558913e-01	-9.376145870628e-01
-8.605215276683e-02	1.550671185408e-02	-9.961699498036e-01
6.218191901314e-02	1.538683379962e-02	-9.979462181368e-01
3.251740801017e-01	-1.120028625429e-01	-9.389979640085e-01
4.407993601366e-01	-3.429713294447e-01	-8.294977946216e-01
4.008256316333e-01	-5.613949524958e-01	-7.239989781333e-01
5.328375766130e-01	-3.289442001223e-01	-7.796664864896e-01
7.063336011830e-01	5.236543570673e-02	-7.059395901797e-01
7.183836478631e-01	5.302868028458e-01	-4.502453122582e-01
4.203681976722e-01	8.783278128640e-01	-2.276638564536e-01
4.610971472305e-02	9.820921584914e-01	-1.826715260729e-01
-4.946490297854e-02	9.819194357121e-01	-1.827223170394e-01
-4.025423076674e-01	8.884901873291e-01	-2.203290211428e-01
-7.199662151900e-01	5.291765695492e-01	-4.490220565019e-01
-6.915647245158e-01	2.251872054644e-02	-7.219633917522e-01
-5.428709117114e-01	-2.964405869645e-01	-7.857570563589e-01
-4.268420520180e-01	-5.033112014218e-01	-7.513213008776e-01
-4.442985335715e-01	-4.176784232050e-01	-7.925550755974e-01
-3.078751940049e-01	-1.323508153332e-01	-9.421762715103e-01
-8.121521848767e-02	-1.473206451991e-02	-9.965877054033e-01
5.726393353914e-02	-1.484931035998e-02	-9.982486363113e-01
3.068982306833e-01	-1.364492165937e-01	-9.419103393075e-01
4.133180878875e-01	-3.515894134755e-01	-8.399720486760e-01
3.753350608507e-01	-5.574592955979e-01	-7.405151759739e-01
5.129309959342e-01	-3.152101456367e-01	-7.984637483929e-01
6.858929602773e-01	6.523689736935e-02	-7.247723741035e-01
6.976870940188e-01	5.402317215962e-01	-4.705129178045e-01
4.109464258490e-01	8.748050205939e-01	-2.565915256310e-01
4.559407966333e-02	9.760553777356e-01	-2.126901020102e-01
-4.883592315483e-02	9.758876544293e-01	-2.127400727226e-01
-3.943572656739e-01	8.844218310645e-01	-2.495603569214e-01
-6.992983012689e-01	5.392362857317e-01	-4.692612427983e-01
-6.712135136155e-01	3.610255885375e-02	-7.403843761076e-01
-5.225231548637e-01	-2.830054026145e-01	-8.042869479994e-01
-4.022929780456e-01	-4.973538385155e-01	-7.686348412147e-01
-4.168352365361e-01	-4.269665824625e-01	-8.024636583934e-01
-2.881715727650e-01	-1.557153601453e-01	-9.448332505077e-01
-7.615696938435e-02	-4.493593332532e-02	-9.960827665964e-01
5.231805017592e-02	-4.505560198000e-02	-9.976135596292e-01
2.841485209809e-01	-1.569847884442e-01	-9.458411041087e-01
3.851526267119e-01	-3.567702547692e-01	-8.511007222702e-01
3.504615329485e-01	-5.510358988492e-01	-7.573216965747e-01
4.932432848799e-01	-3.000974899793e-01	-8.164879413862e-01
6.651171736095e-01	7.915616165937e-02	-7.425317821084e-01
6.760308694484e-01	5.507954711727e-01	-4.894962844481e-01
4.003276190954e-01	8.709008418107e-01	-2.850780965331e-01
4.373274218760e-02	9.691652666809e-01	-2.424997590102e-01

Hair-23
-5.417304331131e-02	9.985315624180e-01	-1.527974379734e-05
-4.460973575985e-01	8.939919610875e-01	-4.213693219328e-02
-8.290884940294e-01	4.590411727094e-01	-3.192075669930e-01
-7.999089640091e-01	-5.755050510497e-02	-5.973554960491e-01
-6.544443038630e-01	-3.694816950438e-01	-6.596862361523e-01
-5.646513867081e-01	-5.295726624339e-01	-6.330257551563e-01
-5.997439998501e-01	-3.572345172191e-01	-7.160241855909e-01
-4.272460116972e-01	1.793626774507e-03	-9.041336341448e-01
-1.080123077446e-01	1.660242517596e-01	-9.801883947504e-01
8.851636230599e-02	1.653404575330e-01	-9.822562734373e-01
4.215556789589e-01	2.259906470900e-03	-9.067997035511e-01
5.726837634125e-01	-3.069181060671e-01	-7.601543154465e-01
5.177518332445e-01	-5.819669609076e-01	-6.270944869667e-01
6.199167079987e-01	-3.997616342161e-01	-6.751991639160e-01
7.960703774841e-01	-2.015004149022e-02	-6.048685228380e-01
8.132740982549e-01	4.660530368587e-01	-3.483960504117e-01
4.693862479620e-01	8.791436643212e-01	-8.235877432372e-02
5.741336630925e-02	9.978752668342e-01	-3.080027937566e-02
-4.306321273303e-02	9.986016050017e-01	-3.066584740549e-02
-4.307906344786e-01	8.997184590452e-01	-7.018634980472e-02
-8.109250813608e-01	4.786249736735e-01	-3.366283514441e-01
-7.861780881527e-01	-3.671130309550e-02	-6.169086593115e-01
-6.415437913163e-01	-3.510495945309e-01	-6.820452668285e-01
-5.470909988349e-01	-5.186727476219e-01	-6.570159966608e-01
-5.726856610660e-01	-3.606106340749e-01	-7.362004511011e-01
-3.965887310100e-01	-4.640451175193e-03	-9.179846647133e-01
-1.053179029706e-01	1.351389761629e-01	-9.852134775953e-01
7.625490101631e-02	1.349385313667e-01	-9.879153722985e-01
3.849662319908e-01	1.644143483429e-03	-9.229291939358e-01
5.444640635479e-01	-3.006842203735e-01	-7.830376000699e-01
4.998437920753e-01	-5.697236601500e-01	-6.523581336882e-01
6.076878362339e-01	-3.799638069920e-01	-6.973829644245e-01
7.815271228758e-01	1.360524011594e-03	-6.238697822334e-01
7.941611070124e-01	4.859494788183e-01	-3.649126472802e-01
4.538434684093e-01	8.842635287088e-01	-1.100187164884e-01
4.835181172296e-02	9.969572987825e-01	-6.114120302576e-02
-5.150429473560e-02	9.967970658065e-01	-6.117938560714e-02
-4.331635738114e-01	8.955242503480e-01	-1.020080161631e-01
-7.958528252823e-01	4.834858981826e-01	-3.644991999288e-01
-7.663076980524e-01	-3.188802988489e-02	-6.416819036373e-01
-6.184358725811e-01	-3.481755816295e-01	-7.044933185359e-01
-5.181251455046e-01	-5.276133095162e-01	-6.731794182959e-01
-5.514250954414e-01	-3.894019757047e-01	-7.377645054045e-01
-3.926812536074e-01	-4.763418748471e-02	-9.184402088585e-01
-1.124952949124e-01	1.046269509973e-01	-9.881285390816e-01
6.614817203984e-02	1.067334561139e-01	-9.920848696970e-01
3.716400452159e-01	-3.005975198029e-02	-9.278901271717e-01
5.198606492709e-01	-3.152212232657e-01	-7.939650406299e-01
4.783182643892e-01	-5.636127181153e-01	-6.734629477041e-01
5.961277435900e-01	-3.577061178806e-01	-7.188032043286e-01
7.668345580769e-01	2.503385035363e-02	-6.413564273284e-01
7.737264957365e-01	5.068485474896e-01	-3.800682303258e-01
4.361433916106e-01	8.893500753683e-01	-1.372420686116e-01
3.791330507238e-02	9.950647646892e-01	-9.169893877543e-02
-6.044382421484e-02	9.939295947806e-01	-9.192662690150e-02
-4.338167617289e-01	8.910522421508e-01	-1.335249751958e-01
-7.795341708439e-01	4.895726973038e-01	-3.906981578424e-01
-7.464894159086e-01	-2.456707416871e-02	-6.649436147549e-01
-5.967122147531e-01	-3.418901881966e-01	-7.259790850839e-01
-4.918098852740e-01	-5.291919834821e-01	-6.914324850375e-01
-5.270017870894e-01	-4.074514345365e-01	-7.458233335708e-01
-3.819775231080e-01	-8.057254818981e-02	-9.206526143549e-01
-1.127592304289e-01	7.257497170674e-02	-9.909683291785e-01
5.659226612471e-02	7.886604252540e-02	-9.952775807539e-01
3.627738807804e-01	-6.515094530003e-02	-9.295969372529e-01
4.953675160501e-01	-3.207074993979e-01	-8.073151329390e-01
4.533661307236e-01	-5.616933960751e-01	-6.920691297250e-01
5.757744237782e-01	-3.480431087710e-01	-7.398309316052e-01
7.474827828450e-01	3.387246577050e-02	-6.634170222515e-01
7.563295645171e-01	5.151018331956e-01	-4.032811566091e-01
4.361011896670e-01	8.838904648902e-01	-1.689775087023e-01
4.519540068405e-02	9.915081015552e-01	-1.219387563795e-01
-5.237118644327e-02	9.911323506915e-01	-1.221225705725e-01
-4.189268982689e-01	8.935202704853e-01	-1.616223379940e-01
-7.597333225672e-01	5.061592401591e-01	-4.081765576103e-01
-7.304181956771e-01	-4.724499412962e-03	-6.829838493911e-01
-5.814190553070e-01	-3.234444918683e-01	-7.465490893477e-01
-4.725011995296e-01	-5.183988609906e-01	-7.127448613401e-01
-5.000502912430e-01	-4.119702442095e-01	-7.617284451258e-01
-3.506006127418e-01	-9.055067139337e-02	-9.321372142851e-01
-1.022202695877e-01	4.411807450008e-02	-9.937829803271e-01
5.689361356348e-02	4.673145250820e-02	-9.972859610373e-01
3.372957415641e-01	-8.165914523419e-02	-9.378503967704e-01
4.670279787578e-01	-3.280895949463e-01	-8.211224541720e-01
4.291912056957e-01	-5.579625573507e-01	-7.102624117523e-01
5.568206667075e-01	-3.353507194840e-01	-7.599280492711e-01
7.282116902940e-01	4.707464351582e-02	-6.837336557878e-01
7.366910080375e-01	5.261250055275e-01	-4.248280090053e-01
4.243830963678e-01	8.837215384923e-01	-1.973201204189e-01
4.121923702736e-02	9.874522682860e-01	-1.524434070590e-01
-5.540323128851e-02	9.867305997764e-01	-1.526211172402e-01
-4.153557130194e-01	8.891687861145e-01	-1.919856803562e-01
-7.409360086080e-01	5.148671409453e-01	-4.311909766251e-01
-7.099369854731e-01	4.994247980938e-03	-7.042474949508e-01
-5.604397263440e-01	-3.133810725878e-01	-7.666156902120e-01
-4.481165698624e-01	-5.139643518718e-01	-7.314589426754e-01
-4.719746246927e-01	-4.130883341765e-01	-7.788440035164e-01
-3.258930768192e-01	-1.071250462348e-01	-9.393177986978e-01
-9.122198301150e-02	1.504522046639e-02	-9.957169232049e-01
5.898997912088e-02	1.575131029681e-02	-9.981342988733e-01
3.203754436849e-01	-1.074925201926e-01	-9.411721060393e-01
4.404173228489e-01	-3.395814748635e-01	-8.310938597199e-01
4.022857081474e-01	-5.583963501876e-01	-7.255065300309e-01
5.343527923142e-01	-3.266004596271e-01	-7.796147979082e-01
7.069415047397e-01	5.456996960756e-02	-7.051636882975e-01
7.179248584217e-01	5.320085937709e-01	-4.489440430768e-01
4.209270001539e-01	8.780274500663e-01	-2.277899415505e-01
4.629170284253e-02	9.820816353551e-01	-1.826820728651e-01
-4.899273974798e-02	9.819419014075e-01	-1.827287982561e-01
-4.019744042070e-01	8.887745209580e-01	-2.202190483550e-01
-7.193860263464e-01	5.314254450970e-01	-4.472926797981e-01
-6.924057779688e-01	2.511964909104e-02	-7.210708993331e-01
-5.444927475262e-01	-2.937962315524e-01	-7.856280431712e-01
-4.285197698841e-01	-4.997782934656e-01	-7.527233649881e-01
-4.438023192101e-01	-4.141528232608e-01	-7.946804014500e-01
-3.037150488960e-01	-1.278823381965e-01	-9.441415554097e-01
-7.868768118301e-02	-1.460523410311e-02	-9.967923233888e-01
6.024018464511e-02	-1.519885583210e-02	-9.980681915257e-01
3.050503059542e-01	-1.357567462984e-01	-9.426104267786e-01
4.151397828581e-01	-3.618609416696e-01	-8.346949260554e-01
3.716770591322e-01	-5.644153290367e-01	-7.370831025490e-01
5.102784729614e-01	-3.194011185546e-01	-7.984978431394e-01
6.847352860725e-01	6.118779446341e-02	-7.262187286320e-01
6.987956814060e-01	5.363102266272e-01	-4.733454726343e-01
4.114158973683e-01	8.745435124120e-01	-2.567306064550e-01
4.638037588942e-02	9.760368895492e-01	-2.126049175618e-01
-4.875114747249e-02	9.759106600054e-01	-2.126539661233e-01
-3.959582618627e-01	8.836021709165e-01	-2.499285066060e-01
-7.000686242587e-01	5.363068498893e-01	-4.714646159474e-01
-6.701773659994e-01	3.305878318990e-02	-7.414643720072e-01
-5.204155726994e-01	-2.865527082207e-01	-8.043973999855e-01
-3.986630847740e-01	-5.035322057366e-01	-7.665005300876e-01
-4.180949690888e-01	-4.355295040450e-01	-7.971892171429e-01
-2.917412623576e-01	-1.601998778834e-01	-9.429862326483e-01
-8.404955740179e-02	-4.620986212413e-02	-9.953895320642e-01
4.484211290995e-02	-4.407494714352e-02	-9.980213344133e-01
2.782417864799e-01	-1.515811639855e-01	-9.484749121518e-01
3.842718193078e-01	-3.497922940874e-01	-8.543889745795e-01
3.541708150798e-01	-5.433174437174e-01	-7.611630502712e-01
4.981464300593e-01	-2.925121356683e-01	-8.162639185374e-01
6.673003687208e-01	8.730054269289e-02	-7.396545363550e-01
6.741003108359e-01	5.578986052873e-01	-4.840846177575e-01
3.945503687011e-01	8.739717950146e-01	-2.837310488416e-01
3.652118321000e-02	9.694834025704e-01	-2.424214002878e-01

Hair-24
-2.198575070225e-02	9.997582694867e-01	-1.713445397650e-04
1.847006939954e-04	9.999999702277e-01	1.594687571550e-04
-2.015041200351e-02	9.997969584411e-01	-5.280138279215e-05
3.678446310108e-03	9.999932332185e-01	5.049768708528e-05
-1.574581593472e-02	9.998760256870e-01	5.036792808233e-05
8.876616406125e-03	9.999606001458e-01	6.194549293925e-05
-1.155175287943e-02	9.999332760617e-01	2.073516462903e-05
1.120839809733e-02	9.999371821702e-01	5.937647345524e-05
-1.080222706399e-02	9.999416539040e-01	2.604320965952e-05
1.077547316027e-02	9.999419422287e-01	3.674460761771e-05
-1.195579409730e-02	9.999285268610e-01	1.253638234483e-05
9.086106746506e-03	9.999587194240e-01	4.595698100474e-05
-1.327362415156e-02	9.999118932742e-01	1.288044827075e-04
8.498827476088e-03	9.999638811000e-01	8.016846613190e-05
-1.341018380574e-02	9.999100791296e-01	2.500709538977e-05

Hair-25
9.999998452578e-01	5.563132620670e-04	-1.777363237143e-08
9.999997887853e-01	6.499455888146e-04	-1.816356184348e-07
9.999999276010e-01	3.805232624435e-04	9.321914140603e-08
9.999998319567e-01	-5.797292330196e-04	7.452269460972e-07
9.999975551373e-01	-2.211270752282e-03	1.054437443415e-06
9.999919095803e-01	-4.022515028023e-03	1.211575242088e-05
9.999862285230e-01	-5.248119220461e-03	3.007561655888e-06

Hair-26
9.999996652883e-01	-8.181829208287e-04	-8.152996172628e-08
9.999996202691e-01	-8.714708357059e-04	5.384498070748e-07
9.999997778791e-01	-6.665146226127e-04	-3.029248186737e-07
9.999999891897e-01	1.470390421694e-04	-2.740069765528e-07
9.999989802202e-01	1.428130992969e-03	6.502421249777e-07
9.999960650737e-01	2.805317589093e-03	-5.506834137525e-06
9.999925939273e-01	3.848642867752e-03	-6.212954117346e-06

