Hair-0
-1.925373913621e-02	4.833717273782e-01	8.752034430352e-01
-6.924335894719e-03	5.619283044502e-01	8.271569586422e-01
-5.324820298719e-02	4.596863023019e-01	8.864835770361e-01
1.964047834321e-03	4.817122711182e-01	8.763272393177e-01
8.389722643856e-03	4.849442527756e-01	8.745048223160e-01
-1.831924890062e-02	5.016875522378e-01	8.648549040442e-01
3.924417572443e-02	5.447525378194e-01	8.376780808945e-01
9.028953295036e-02	5.427752123485e-01	8.350106999911e-01

Hair-1
4.296278309627e-02	5.069121888712e-01	-8.609263801525e-01
-3.489595251337e-02	7.476864190237e-01	-6.631344443668e-01
-2.774036876092e-02	5.804485485543e-01	-8.138242773611e-01
-3.062029130693e-02	5.450187012976e-01	-8.378645552810e-01
3.558108866927e-02	5.484815058710e-01	-8.354053051343e-01
-2.196474908423e-03	5.677166943445e-01	-8.232210702239e-01
2.973548255197e-02	7.454579467320e-01	-6.658890678870e-01
-3.213246383581e-02	5.077235885980e-01	-8.609205900366e-01

Hair-2
-2.330013201187e-02	4.736726393944e-01	8.803927160860e-01
-1.046170050366e-02	6.178912787213e-01	7.861939458573e-01
1.255024878178e-02	4.986155572883e-01	8.667323792761e-01
1.113395855526e-02	4.826793645192e-01	8.757263648162e-01
2.959146944777e-03	4.847656412797e-01	8.746390778396e-01
-7.481677769380e-03	4.974073616243e-01	8.674848362362e-01
3.534501301700e-02	5.410568700339e-01	8.402429371581e-01
9.233872166946e-02	5.498234084468e-01	8.301612975828e-01

Hair-3
3.705246230044e-02	5.083602285502e-01	-8.603470189789e-01
-2.245095051804e-02	7.481438055760e-01	-6.631566941524e-01
-2.649316840615e-02	5.829605913827e-01	-8.120683843880e-01
-4.382643971046e-02	5.469376428026e-01	-8.360253931956e-01
2.575548188075e-02	5.452058191250e-01	-8.379064804292e-01
-7.752606351761e-04	5.713728459615e-01	-8.206902399010e-01
4.130766385718e-02	7.399012290121e-01	-6.714460873466e-01
-3.381987030614e-02	5.098779990384e-01	-8.595816671318e-01

Hair-4
-2.396368965541e-02	4.741713858627e-01	8.801063790288e-01
-1.058647257244e-02	6.183765785933e-01	7.858106219985e-01
5.398574466692e-03	4.966637289324e-01	8.679262617047e-01
7.191189384326e-03	4.821627189524e-01	8.760521669671e-01
2.302528698386e-03	4.840415834119e-01	8.750419669305e-01
-1.108909008500e-02	5.006317957039e-01	8.655893005412e-01
3.510742095706e-02	5.431964261108e-01	8.388713320016e-01
9.213722535220e-02	5.503073121289e-01	8.298629970795e-01

Hair-5
4.464768230644e-02	4.877993756123e-01	-8.718132561603e-01
-3.393309146032e-02	7.253891553945e-01	-6.875020862077e-01
-1.777837283294e-02	5.806055163989e-01	-8.139908867958e-01
-2.237688423418e-02	5.421204926052e-01	-8.400027657987e-01
1.008156576938e-02	5.419201426256e-01	-8.403695145876e-01
-4.900744378544e-03	5.713887772738e-01	-8.206648816113e-01
4.570544705286e-02	7.136309516803e-01	-6.990292389547e-01
-4.627704232790e-02	4.876104368019e-01	-8.718339849279e-01

Hair-6
-2.429383681120e-02	4.688674456422e-01	8.829343848271e-01
-1.272978570381e-02	6.152850272796e-01	7.882019333657e-01
-1.016740965452e-03	4.925640754614e-01	8.702755872726e-01
1.600054786212e-02	4.832330376351e-01	8.753455396619e-01
-1.874922816737e-03	4.848766774964e-01	8.745805236137e-01
-4.011945648273e-03	4.977476865705e-01	8.673125992431e-01
3.484433792945e-02	5.392718013878e-01	8.414105991382e-01
9.704813305123e-02	5.504673383398e-01	8.291968218055e-01

Hair-7
5.195546057441e-02	4.869211402227e-01	-8.718993252210e-01
-3.905623856233e-02	7.175601842192e-01	-6.954005983983e-01
-1.273262722868e-02	5.811571994703e-01	-8.136917043375e-01
4.093336910185e-04	5.393662710242e-01	-8.420711716520e-01
1.234016913091e-02	5.413858853223e-01	-8.406836761824e-01
9.023161574791e-04	5.731501196106e-01	-8.194498924376e-01
4.498071173976e-02	7.155137591367e-01	-6.971490486671e-01
-4.412364108144e-02	4.848079606869e-01	-8.735069235858e-01

Hair-8
-2.057158207268e-02	4.692756383166e-01	8.828120894582e-01
-1.576341858666e-02	6.167928728552e-01	7.869676401413e-01
-4.403228144692e-03	4.890362746211e-01	8.722523337238e-01
1.805876588676e-02	4.841954797240e-01	8.747734668984e-01
2.353428726754e-03	4.843857630952e-01	8.748513553078e-01
-3.652159075618e-03	4.995400608514e-01	8.662830884524e-01
3.969866308846e-02	5.439427372897e-01	8.381827454075e-01
9.862796172348e-02	5.544148626746e-01	8.263756320293e-01

Hair-9
4.711535470082e-02	5.046520263609e-01	-8.620362380093e-01
-4.304891781333e-02	7.348698647015e-01	-6.768405075264e-01
-2.243091597745e-02	5.869573806805e-01	-8.093070414083e-01
-2.872286442020e-02	5.448442434789e-01	-8.380451941318e-01
2.457867688242e-02	5.435885922273e-01	-8.389918539790e-01
6.373398823341e-03	5.776859011839e-01	-8.162342674507e-01
3.262156163192e-02	7.410543724742e-01	-6.706521085880e-01
-2.988556571036e-02	5.042744821370e-01	-8.630261291685e-01

Hair-10
-2.266902802126e-02	4.683927655686e-01	8.832294901845e-01
-2.001552584482e-02	6.158357803105e-01	7.876202577477e-01
-2.436467148704e-03	4.912947868644e-01	8.709899517375e-01
1.831681107449e-02	4.846639029474e-01	8.745086595408e-01
1.225390127352e-02	4.831132297497e-01	8.754721292791e-01
-1.105818923391e-02	5.000663723185e-01	8.659164738744e-01
3.292361915356e-02	5.377228932775e-01	8.424785607641e-01
9.490223553007e-02	5.558448812400e-01	8.258510965608e-01

Hair-11
2.987848040012e-02	5.026447394879e-01	-8.639765866470e-01
-2.898685805889e-02	7.397910428827e-01	-6.722120014775e-01
-2.304522551400e-02	5.859708390026e-01	-8.100043786423e-01
-4.179395418924e-02	5.464625538382e-01	-8.364400412736e-01
1.993918576374e-02	5.434654223453e-01	-8.391947113668e-01
1.717934243392e-03	5.755240904531e-01	-8.177830213510e-01
3.631348187957e-02	7.363224199862e-01	-6.756556999386e-01
-3.807058345951e-02	5.056121331650e-01	-8.619205308330e-01

Hair-12
-2.248294597031e-02	4.697811569887e-01	8.824965618510e-01
-1.694562690995e-02	6.160018831111e-01	7.875623948185e-01
9.355734262032e-04	4.945305743828e-01	8.691597296832e-01
8.326816807185e-03	4.825982975620e-01	8.758022307074e-01
2.493051761889e-03	4.836653184573e-01	8.752494755294e-01
-6.915097692612e-03	4.953876117631e-01	8.686445162065e-01
2.976476483929e-02	5.437992070218e-01	8.386873560610e-01
9.388552148536e-02	5.531658905828e-01	8.277638590511e-01

Hair-13
2.447651535134e-02	4.994333498556e-01	-8.660064833755e-01
-2.720632078933e-02	7.332366047378e-01	-6.794290968024e-01
-1.680592687621e-02	5.775567745792e-01	-8.161775131425e-01
-2.762813446653e-02	5.437433831049e-01	-8.387966496807e-01
5.381813811393e-03	5.405647486590e-01	-8.412852005041e-01
7.162561119764e-04	5.746368400450e-01	-8.184082044068e-01
3.846835744738e-02	7.313710986335e-01	-6.808938988998e-01
-4.842499896572e-02	4.901194071041e-01	-8.703091325817e-01

Hair-14
-2.140458442577e-02	4.697461177776e-01	8.825420265338e-01
-1.914035032153e-02	6.197328287709e-01	7.845794210488e-01
4.075729522047e-02	5.236411026099e-01	8.509634766215e-01
5.976488598905e-02	4.904383416554e-01	8.694241723331e-01
5.950624668537e-02	4.773727772813e-01	8.766836590904e-01
7.033916268940e-02	4.774936974679e-01	8.758151466323e-01
1.266790833691e-01	4.465830766259e-01	8.857290587466e-01
9.133898011478e-02	4.997528693816e-01	8.613386443533e-01

Hair-15
2.339506169323e-02	4.256910329165e-01	-9.045660924348e-01
-1.683348662249e-02	6.677841202094e-01	-7.441646340187e-01
2.399528662704e-02	5.763569865418e-01	-8.168456710322e-01
-3.008579280976e-02	5.517575001688e-01	-8.334617604176e-01

Hair-16
-7.447614574523e-02	9.972140810034e-01	-4.168976320191e-03
-4.643984838012e-01	8.843737315742e-01	-4.708663445872e-02
-8.199037645377e-01	5.063234428778e-01	-2.671972830874e-01
-8.246613274653e-01	-1.120481118973e-02	-5.655158239956e-01

Hair-17
-8.145690697593e-02	9.966681971855e-01	-4.156564075156e-03
-4.908381195319e-01	8.695535591733e-01	-5.435575538437e-02
-8.279541359658e-01	4.509509436173e-01	-3.333694574908e-01
-7.939363755850e-01	-7.977389834491e-02	-6.027446861365e-01
-6.413211332714e-01	-3.954582751716e-01	-6.575104232008e-01
-5.468362623044e-01	-5.671782144707e-01	-6.158562943242e-01
-6.057819328649e-01	-4.120353308448e-01	-6.806284859967e-01
-4.731277747029e-01	-2.813458773105e-02	-8.805444643957e-01
-1.284553551012e-01	1.578258784025e-01	-9.790762043132e-01
1.121428962875e-01	1.549527853750e-01	-9.815363493609e-01
4.644935273982e-01	-2.487384274847e-02	-8.852271205471e-01
5.776045455172e-01	-3.460196891135e-01	-7.393533416058e-01
5.150049351372e-01	-5.828298276058e-01	-6.285533460554e-01
6.257919049098e-01	-3.923777944662e-01	-6.741099006536e-01
7.996330927052e-01	-7.231331223733e-03	-6.004453554650e-01
8.098339197796e-01	4.790257714046e-01	-3.386788046285e-01
4.521562654297e-01	8.887059682487e-01	-7.587103289003e-02
6.530748052188e-02	9.973845527228e-01	-3.096751488116e-02
-1.760600995313e-02	9.994161373933e-01	-2.928161080439e-02
-3.862670704497e-01	9.206517754479e-01	-5.655138062748e-02
-8.049973945022e-01	5.006062724721e-01	-3.183905695937e-01
-7.938873587882e-01	-1.354308576697e-02	-6.079140123275e-01
-6.517140655782e-01	-3.325165928093e-01	-6.816901731975e-01
-5.490735359630e-01	-5.128702056842e-01	-6.599109062794e-01
-5.778146285619e-01	-3.860675889611e-01	-7.190841896284e-01
-4.436745198873e-01	-4.309335781031e-02	-8.951513184459e-01
-1.151642327612e-01	1.328075968130e-01	-9.844284340272e-01
1.041050301543e-01	1.261850528011e-01	-9.865290037025e-01
4.437169121791e-01	-4.700008218490e-02	-8.949336814093e-01
5.511389606806e-01	-3.523115650602e-01	-7.563877359825e-01
4.892903778007e-01	-5.853003988639e-01	-6.465434009263e-01
6.054764173482e-01	-3.860356047447e-01	-6.959704159694e-01
7.809315921459e-01	-9.048715776667e-04	-6.246159056540e-01
7.940605061328e-01	4.858766645226e-01	-3.652283935739e-01
4.449925825389e-01	8.892083059643e-01	-1.062553061708e-01
7.160619729609e-02	9.954890568644e-01	-6.224218964700e-02
-1.450610579428e-02	9.981169831885e-01	-5.959916748877e-02
-3.767189363477e-01	9.225634420341e-01	-8.342384802546e-02
-7.863476999362e-01	5.169298281215e-01	-3.382910693520e-01
-7.775919185376e-01	4.456355112697e-03	-6.287534883594e-01
-6.362481208560e-01	-3.158513562802e-01	-7.038652210780e-01
-5.300648046700e-01	-5.033590457324e-01	-6.823935623447e-01
-5.513459200418e-01	-3.897932809956e-01	-7.376170243046e-01
-4.175883080328e-01	-6.348330494526e-02	-9.064159503162e-01
-1.019661443531e-01	1.051397812454e-01	-9.892161198674e-01
9.883884213877e-02	9.870189756785e-02	-9.901963536093e-01
4.244697246720e-01	-7.083039144186e-02	-9.026674406918e-01
5.245538617824e-01	-3.574756171077e-01	-7.726929721841e-01
4.670159496218e-01	-5.810590390422e-01	-6.665331919314e-01
5.879947584797e-01	-3.726982270627e-01	-7.178845280021e-01
7.633754168343e-01	1.262490175015e-02	-6.458317000805e-01
7.761252689190e-01	4.981442790525e-01	-3.866288196613e-01
4.340195161835e-01	8.906443891995e-01	-1.355714998043e-01
6.673534014293e-02	9.934570755954e-01	-9.267919575311e-02
-2.121576661190e-02	9.957073303429e-01	-9.009330468207e-02
-3.777197445110e-01	9.190035102731e-01	-1.129616869222e-01
-7.704520700011e-01	5.209160226361e-01	-3.674916396220e-01
-7.564231905421e-01	7.590620727939e-03	-6.540384845611e-01
-6.124993958330e-01	-3.131772391358e-01	-7.257854414298e-01
-5.044545198240e-01	-5.061668895943e-01	-6.995146298024e-01
-5.247638855388e-01	-4.006474691009e-01	-7.510688849482e-01
-3.942922500395e-01	-8.528435738428e-02	-9.150192347401e-01
-9.574145177436e-02	7.542127020185e-02	-9.925448133023e-01
9.106940186082e-02	7.029263670731e-02	-9.933606139109e-01
4.005790695039e-01	-9.158244422302e-02	-9.116737711405e-01
4.963717473908e-01	-3.585192299442e-01	-7.906194091676e-01
4.435991960192e-01	-5.785673160214e-01	-6.844557064726e-01
5.687650905252e-01	-3.597987581038e-01	-7.396290458513e-01
7.444943123958e-01	2.480608821747e-02	-6.671678025786e-01
7.573877133656e-01	5.095019863691e-01	-4.083767592906e-01
4.196171097078e-01	8.933851223027e-01	-1.605755413773e-01
5.646798244898e-02	9.908763356650e-01	-1.223742390264e-01
-2.949157603118e-02	9.922538078296e-01	-1.206757133434e-01
-3.854898518722e-01	9.104687063926e-01	-1.498142475979e-01
-7.557398537247e-01	5.196591919962e-01	-3.985117283921e-01
-7.336429573178e-01	6.213286301359e-03	-6.795067374584e-01
-5.862131534200e-01	-3.147325541949e-01	-7.465236487127e-01
-4.757068269939e-01	-5.122499271241e-01	-7.150545621928e-01
-4.986061331588e-01	-4.173902155851e-01	-7.597218779990e-01
-3.739506768354e-01	-1.076480903025e-01	-9.211801017980e-01
-9.248042409631e-02	4.518680398937e-02	-9.946886567686e-01
8.295933866149e-02	4.032822800727e-02	-9.957366027995e-01
3.770766236539e-01	-1.103402992376e-01	-9.195859058609e-01
4.693202256513e-01	-3.522962289129e-01	-8.097072884002e-01
4.338291845385e-01	-5.517072351082e-01	-7.123281304089e-01
5.639602081661e-01	-3.197468694256e-01	-7.613874329786e-01
7.325610831513e-01	6.641380826922e-02	-6.774536630083e-01
7.318730338262e-01	5.439442273543e-01	-4.104711194298e-01
3.877652404896e-01	9.040013937780e-01	-1.800544315355e-01
3.464327811349e-02	9.877522276820e-01	-1.521360574974e-01
-5.326624741132e-02	9.868079622298e-01	-1.528814984444e-01
-3.905100778889e-01	9.017552941627e-01	-1.853085764791e-01
-7.382663046982e-01	5.251557799447e-01	-4.232898181364e-01
-7.131207809287e-01	1.454785580172e-02	-7.008902279952e-01
-5.646326970987e-01	-3.075764774978e-01	-7.658894357916e-01
-4.485411366810e-01	-5.130181259534e-01	-7.318628636215e-01
-4.729369485012e-01	-4.353597504940e-01	-7.660238445323e-01
-3.611602138595e-01	-1.341290943952e-01	-9.228069602911e-01
-9.409030747544e-02	1.270928796070e-02	-9.954825402983e-01
7.295418206542e-02	1.148919233999e-02	-9.972691140202e-01
3.565099645446e-01	-1.320382344681e-01	-9.249143472879e-01
4.430700611991e-01	-3.613147918992e-01	-8.204514257553e-01
4.067306649858e-01	-5.504090070324e-01	-7.291228230812e-01
5.429694366850e-01	-3.100864208810e-01	-7.804041276231e-01
7.121307323116e-01	7.520023672854e-02	-6.980076965861e-01
7.127649763573e-01	5.524535147603e-01	-4.321587700226e-01
3.746959369440e-01	9.033659123065e-01	-2.086455926213e-01
2.714792294454e-02	9.828859069186e-01	-1.822039633505e-01
-5.591932245236e-02	9.814617218324e-01	-1.833191696311e-01
-3.886892326352e-01	8.954522594394e-01	-2.169929296047e-01
-7.204244044795e-01	5.274295847075e-01	-4.503406606177e-01
-6.901365455214e-01	1.747031863785e-02	-7.234682691746e-01
-5.399923409294e-01	-3.041205210816e-01	-7.848050588488e-01
-4.190995194040e-01	-5.163721290466e-01	-7.468034662341e-01
-4.457016410841e-01	-4.507778967053e-01	-7.734011475146e-01
-3.439057034919e-01	-1.581996962844e-01	-9.255818295544e-01
-9.211713465605e-02	-1.961549455689e-02	-9.955549537198e-01
6.952869673359e-02	-1.805695980816e-02	-9.974165160719e-01
3.394194050830e-01	-1.550663057220e-01	-9.277655459667e-01
4.165952736891e-01	-3.743867884592e-01	-8.284219399359e-01
3.766585614996e-01	-5.538709043971e-01	-7.425330627733e-01
5.188287152825e-01	-3.063467022573e-01	-7.981030398479e-01
6.896817840976e-01	7.881437461952e-02	-7.198106216481e-01
6.942831144957e-01	5.551112559212e-01	-4.580638061185e-01
3.654053034373e-01	8.995886475780e-01	-2.392054124986e-01
1.867285447379e-02	9.771843029949e-01	-2.115707032794e-01
-5.830815416109e-02	9.752354407089e-01	-2.133447781026e-01
-3.850177951418e-01	8.892631182656e-01	-2.469259077471e-01
-7.002903650406e-01	5.357526276199e-01	-4.717653300420e-01
-6.693442616851e-01	2.938156959623e-02	-7.423711893098e-01
-5.191328837478e-01	-2.902825258071e-01	-8.038887387087e-01
-3.939109818883e-01	-5.112336641167e-01	-7.638548808652e-01
-4.180987222790e-01	-4.647434244697e-01	-7.805171412857e-01
-3.264621274954e-01	-1.831275654059e-01	-9.273008002259e-01
-8.608648942675e-02	-5.100316487911e-02	-9.949813030959e-01
7.523000829223e-02	-5.172755799646e-02	-9.958236317722e-01
3.348045589281e-01	-1.828301845458e-01	-9.243803497154e-01
3.951755291896e-01	-4.181677332933e-01	-8.179071145076e-01
3.310894532273e-01	-5.848636776807e-01	-7.404824457685e-01
4.802360469399e-01	-3.290798357824e-01	-8.130681403800e-01
6.592930664561e-01	5.291962513371e-02	-7.500214435592e-01
6.749879315643e-01	5.359664808268e-01	-5.070810819511e-01
4.421440231821e-01	8.462522608655e-01	-2.972638116967e-01
1.099506639167e-01	9.608756623795e-01	-2.542219757436e-01

Hair-18
6.325693642759e-02	9.942449233557e-01	8.646150805541e-02
-4.679847202938e-01	8.825226484476e-01	-4.630417420248e-02
-8.224656100556e-01	4.833250936965e-01	-2.999119438756e-01
-8.091660539847e-01	-3.062025364365e-02	-5.867816434975e-01
-6.656737303787e-01	-3.503815717605e-01	-6.588711853271e-01
-5.644790883038e-01	-5.311231153003e-01	-6.318794151272e-01
-6.065473110806e-01	-3.897038774404e-01	-6.929871913166e-01
-4.556764498598e-01	-1.513554685469e-02	-8.900167910015e-01
-1.175796769133e-01	1.609083366985e-01	-9.799405730747e-01
1.371156361852e-01	1.529183217401e-01	-9.786803815290e-01
4.785382575096e-01	-4.145157001561e-02	-8.770877398772e-01
5.765659520507e-01	-3.594342415224e-01	-7.337429583697e-01
5.199757167402e-01	-5.836393843873e-01	-6.236908873734e-01
6.247248067755e-01	-3.922377355582e-01	-6.751803274708e-01
7.989173204981e-01	-8.067878000471e-03	-6.013867510618e-01
8.097713144354e-01	4.780238470759e-01	-3.402405324830e-01
4.442314957161e-01	8.930492877170e-01	-7.156359355169e-02
3.276010923028e-02	9.991435067270e-01	-2.527900726698e-02
-1.774007789456e-02	9.994173360982e-01	-2.915952576254e-02
-4.010069269143e-01	9.140367654494e-01	-6.107565778305e-02
-8.073691282920e-01	4.904724885670e-01	-3.280119336852e-01
-7.913183180506e-01	-2.353822229813e-02	-6.109511204742e-01
-6.467133644233e-01	-3.416345825343e-01	-6.819440125794e-01
-5.436121096036e-01	-5.204138853820e-01	-6.585250657294e-01
-5.789885654780e-01	-4.025024657787e-01	-7.090585350222e-01
-4.533341165686e-01	-4.780004755218e-02	-8.900580510332e-01
-1.246460728736e-01	1.297542748302e-01	-9.836804281272e-01
1.106950432840e-01	1.291376374561e-01	-9.854288802266e-01
4.504056173622e-01	-5.398905492040e-02	-8.911901939527e-01
5.527058590054e-01	-3.637657890833e-01	-7.497937610529e-01
4.919545394491e-01	-5.832941207095e-01	-6.463348202450e-01
6.054265318086e-01	-3.840968494495e-01	-6.970855936147e-01
7.816361589823e-01	1.205677495311e-03	-6.237334858039e-01
7.939940718477e-01	4.867881559049e-01	-3.641575279208e-01
4.404401364448e-01	8.916459647216e-01	-1.047853033790e-01
3.644067685418e-02	9.976190170000e-01	-5.855231840302e-02
-1.618823067734e-02	9.981838663947e-01	-5.802508127432e-02
-3.946822461413e-01	9.144431307307e-01	-8.955269532621e-02
-7.906965946822e-01	5.015634874357e-01	-3.510455287130e-01
-7.730269660075e-01	-1.240218398983e-02	-6.342519181347e-01
-6.273375567664e-01	-3.325101783158e-01	-7.041907207474e-01
-5.213417202759e-01	-5.186967012416e-01	-6.776109081331e-01
-5.539217343215e-01	-4.134792040042e-01	-7.226379868941e-01
-4.318057637468e-01	-7.121952433814e-02	-8.991504666896e-01
-1.163250986796e-01	1.017182546207e-01	-9.879887995793e-01
1.073104822567e-01	9.753185721599e-02	-9.894301376175e-01
4.347720340065e-01	-7.715736071426e-02	-8.972290789611e-01
5.266832025495e-01	-3.769933765901e-01	-7.618929046523e-01
4.625681874108e-01	-5.893139444108e-01	-6.623743253769e-01
5.823691199903e-01	-3.818537692601e-01	-7.176586284464e-01
7.609753361329e-01	3.601353125168e-03	-6.487708131945e-01
7.784741652361e-01	4.900761744401e-01	-3.921776603863e-01
4.362778889452e-01	8.894109945290e-01	-1.364173245170e-01
3.678829368340e-02	9.952422014269e-01	-9.021963171496e-02
-1.928055072385e-02	9.959085629974e-01	-8.828586813457e-02
-3.913861625413e-01	9.126320171340e-01	-1.179816641394e-01
-7.749849342680e-01	5.051142675685e-01	-3.798130176236e-01
-7.510658933784e-01	-1.024167448635e-02	-6.601478106511e-01
-6.030593050737e-01	-3.308303342641e-01	-7.258586394710e-01
-4.948500556230e-01	-5.243228239107e-01	-6.929711384872e-01
-5.272520244747e-01	-4.259367300813e-01	-7.352436362560e-01
-4.094786429074e-01	-9.484575869228e-02	-9.073761750568e-01
-1.061639581287e-01	7.369984526340e-02	-9.916136076127e-01
1.019592104397e-01	6.783764229159e-02	-9.924728579134e-01
4.152690040113e-01	-1.013547264582e-01	-9.040347746254e-01
4.987059145352e-01	-3.871026613918e-01	-7.755281686380e-01
4.360093310633e-01	-5.920378842406e-01	-6.777809431148e-01
5.608568368973e-01	-3.730213981256e-01	-7.391174771618e-01
7.407101800042e-01	1.191955519633e-02	-6.717189542078e-01
7.607251535802e-01	4.981898170054e-01	-4.160578648968e-01
4.262035606675e-01	8.896406928803e-01	-1.639815917896e-01
3.662527471834e-02	9.921007160666e-01	-1.199781581454e-01
-2.523174270924e-02	9.925585127505e-01	-1.191258071381e-01
-3.957350691762e-01	9.055557648000e-01	-1.528480024779e-01
-7.610257978627e-01	5.009703907950e-01	-4.121509462978e-01
-7.265625507660e-01	-1.552329044087e-02	-6.869249502517e-01
-5.742337569349e-01	-3.361884874246e-01	-7.464803368607e-01
-4.632026662345e-01	-5.347140141073e-01	-7.067702689775e-01
-4.998465168616e-01	-4.443613612557e-01	-7.434355656036e-01
-3.912589499488e-01	-1.198872009409e-01	-9.124382133249e-01
-1.032950772919e-01	4.224870416017e-02	-9.937530749658e-01
9.421389639538e-02	3.894418392450e-02	-9.947899739465e-01
3.929657522254e-01	-1.188703595729e-01	-9.118375706193e-01
4.742934421777e-01	-3.855596917339e-01	-7.914476955664e-01
4.214393283522e-01	-5.726770940462e-01	-7.031570510724e-01
5.521393074616e-01	-3.429915351800e-01	-7.599335444305e-01
7.273090777754e-01	4.373843256982e-02	-6.849149253022e-01
7.371682235505e-01	5.250691705920e-01	-4.253062147221e-01
4.031783829850e-01	8.955773738676e-01	-1.881179388311e-01
2.473699455697e-02	9.884655753792e-01	-1.494118047229e-01
-3.210633126191e-02	9.881080371132e-01	-1.503718407323e-01
-3.916326283852e-01	9.013839646828e-01	-1.847453181999e-01
-7.421444526540e-01	5.112848685890e-01	-4.333698126852e-01
-7.078394506248e-01	-2.248288051776e-03	-7.063697738012e-01
-5.555648744423e-01	-3.237469789875e-01	-7.658560986781e-01
-4.400791947606e-01	-5.282825681033e-01	-7.261183309744e-01
-4.744902096621e-01	-4.560107735480e-01	-7.529363952838e-01
-3.716704550214e-01	-1.411265209091e-01	-9.175752710052e-01
-9.625321645621e-02	1.228731803715e-02	-9.952810357569e-01
9.280862846982e-02	8.245270330610e-03	-9.956498249880e-01
3.771622036680e-01	-1.429485471384e-01	-9.150488429561e-01
4.478893481894e-01	-3.961193957486e-01	-8.015513433899e-01
3.938137588470e-01	-5.714883088309e-01	-7.199387725442e-01
5.298990652277e-01	-3.364118253130e-01	-7.784818973235e-01
7.062409647283e-01	4.956714632684e-02	-7.062342371654e-01
7.185789290085e-01	5.305136928561e-01	-4.496660366063e-01
3.968904960782e-01	8.912407048423e-01	-2.194719575595e-01
2.252531936582e-02	9.835037022677e-01	-1.794800200949e-01
-3.074624721807e-02	9.831741102794e-01	-1.800648137711e-01
-3.815889234753e-01	8.995481784010e-01	-2.126098967981e-01
-7.213724214237e-01	5.245711165125e-01	-4.521581286787e-01
-6.890753833975e-01	1.445361051296e-02	-7.245455190247e-01
-5.375624985252e-01	-3.061856253899e-01	-7.856697289472e-01
-4.186340866139e-01	-5.182997385908e-01	-7.457284240939e-01
-4.467040064800e-01	-4.611409225598e-01	-7.666841462659e-01
-3.487907470053e-01	-1.637067608716e-01	-9.227920194976e-01
-9.033454902960e-02	-1.765164198007e-02	-9.957550345276e-01
8.562612297697e-02	-2.148172652038e-02	-9.960957295811e-01
3.570611818823e-01	-1.625115278375e-01	-9.198354829602e-01
4.200257153313e-01	-3.995187287271e-01	-8.148393607679e-01
3.667195988617e-01	-5.674177225489e-01	-7.372610554940e-01
5.094847031094e-01	-3.259379308775e-01	-7.963603471500e-01
6.851712108618e-01	5.876323490291e-02	-7.260077782159e-01
6.985993924009e-01	5.388351769791e-01	-4.707605983799e-01
3.824631184903e-01	8.900441239912e-01	-2.480794637679e-01
1.041547488871e-02	9.777179466959e-01	-2.096643379107e-01
-4.153911679698e-02	9.767201990153e-01	-2.104570136901e-01
-3.815946949647e-01	8.919382385882e-01	-2.425524011816e-01
-7.030848104075e-01	5.248372978113e-01	-4.798099209065e-01
-6.639261694603e-01	1.565133006956e-02	-7.476343206226e-01
-5.114739008432e-01	-3.020273840983e-01	-8.044711977510e-01
-3.913783920980e-01	-5.213213207741e-01	-7.583185575371e-01
-4.166938997842e-01	-4.818297540996e-01	-7.708477683349e-01
-3.433063723700e-01	-2.006925823900e-01	-9.175310469209e-01
-1.128692110622e-01	-5.487721227224e-02	-9.920932581000e-01
6.772950044554e-02	-4.933789108009e-02	-9.964830592003e-01
3.135035468203e-01	-1.715778813444e-01	-9.339574705330e-01
3.969776027709e-01	-3.993466302535e-01	-8.263964253332e-01
3.504960512823e-01	-5.511731106196e-01	-7.572058637949e-01
5.046280255205e-01	-2.795052580124e-01	-8.168398659485e-01
6.712274901703e-01	1.059267590292e-01	-7.336437678882e-01
6.721554439592e-01	5.720807148088e-01	-4.700326742895e-01
4.280291875883e-01	8.546530819400e-01	-2.938692295953e-01
-3.018235385643e-02	9.872773351002e-01	-1.561169084791e-01

Hair-19
-1.242967025979e-01	9.921211425677e-01	-1.568337315483e-02
-5.575337281998e-01	8.271768486618e-01	-7.024672915840e-02
-8.252319928125e-01	4.477338645305e-01	-3.442768429495e-01
-7.939458826035e-01	-8.777075891683e-02	-6.016196716998e-01
-6.380470224988e-01	-3.992312813940e-01	-6.584150522557e-01
-5.452714422521e-01	-5.707696604064e-01	-6.139226734890e-01
-6.043281772741e-01	-4.099700704145e-01	-6.831632275795e-01
-4.709242018493e-01	-2.683256686050e-02	-8.817655070756e-01
-1.385112969928e-01	1.505432537779e-01	-9.788520569255e-01
1.078707149999e-01	1.565233678856e-01	-9.817659314476e-01
4.538188823801e-01	-1.624514517748e-02	-8.909458553994e-01
5.771844081721e-01	-3.330253752296e-01	-7.456220613797e-01
5.253408651201e-01	-5.658106551563e-01	-6.355118236087e-01
6.353803970961e-01	-3.748600862761e-01	-6.751086332607e-01
8.046638822654e-01	1.141645497223e-02	-5.936208395377e-01
8.063395111423e-01	4.932068224856e-01	-3.264408415386e-01
4.506462977226e-01	8.893820294490e-01	-7.692541869903e-02
5.894128564541e-02	9.977821507928e-01	-3.093063862572e-02
-2.185436934526e-02	9.993458349496e-01	-2.881473077066e-02
-3.971983193772e-01	9.157781049028e-01	-5.986616460599e-02
-8.049072982597e-01	5.003868040274e-01	-3.189628310062e-01
-7.944223755867e-01	-1.175821380221e-02	-6.072518699645e-01
-6.528375519359e-01	-3.301999776014e-01	-6.817412306545e-01
-5.512737850983e-01	-5.090530928747e-01	-6.610311358008e-01
-5.777224169600e-01	-3.811379715735e-01	-7.217829698509e-01
-4.282161150076e-01	-3.362203521384e-02	-9.030506727731e-01
-1.193374825483e-01	1.263858967738e-01	-9.847767109125e-01
1.049513427809e-01	1.239843711609e-01	-9.867183444916e-01
4.281859509823e-01	-3.557480911168e-02	-9.029901573871e-01
5.501757091207e-01	-3.347825970363e-01	-7.650015044528e-01
5.000537580298e-01	-5.677809057060e-01	-6.538891971855e-01
6.149767778480e-01	-3.685517792611e-01	-6.971177437931e-01
7.857539253453e-01	1.643352904761e-02	-6.183208778033e-01
7.910284521414e-01	4.974848025340e-01	-3.560658073312e-01
4.448340128000e-01	8.892356143641e-01	-1.066898458277e-01
6.046153047329e-02	9.962588386946e-01	-6.174730484535e-02
-1.601326058641e-02	9.981737678302e-01	-5.824692868393e-02
-3.835886401082e-01	9.194187652684e-01	-8.676917224623e-02
-7.889553454775e-01	5.095348602888e-01	-3.434001878174e-01
-7.758146632416e-01	-1.786667568351e-03	-6.309583315230e-01
-6.335349120296e-01	-3.218931825529e-01	-7.035753650219e-01
-5.280383225963e-01	-5.075525349489e-01	-6.808567794600e-01
-5.519444196305e-01	-3.914933722040e-01	-7.362678161913e-01
-4.103508501283e-01	-5.708869951978e-02	-9.101390334373e-01
-1.102625213245e-01	9.979684435712e-02	-9.888795509300e-01
1.054098113368e-01	9.337329346767e-02	-9.900354537798e-01
4.188286517501e-01	-6.411665470178e-02	-9.057988822377e-01
5.238321808277e-01	-3.471821510791e-01	-7.778588562852e-01
4.712682753498e-01	-5.738592615809e-01	-6.697699310560e-01
5.920567606108e-01	-3.661821568205e-01	-7.178993106567e-01
7.653354831750e-01	1.867128662934e-02	-6.433606929622e-01
7.751378562327e-01	5.006497920328e-01	-3.853713657922e-01
4.364282802191e-01	8.893386866468e-01	-1.364076854812e-01
5.875179277371e-02	9.939810245006e-01	-9.246593847805e-02
-2.127142532792e-02	9.958151814862e-01	-8.887997966945e-02
-3.832522448355e-01	9.162226706792e-01	-1.168491958128e-01
-7.745449038790e-01	5.088833082864e-01	-3.756567188571e-01
-7.527308623772e-01	-5.544051997913e-03	-6.583050298397e-01
-6.063367691338e-01	-3.260466568990e-01	-7.252925616063e-01
-4.986114736915e-01	-5.170333542958e-01	-6.957464400547e-01
-5.252644615130e-01	-4.062652445278e-01	-7.476936515447e-01
-3.977289246289e-01	-8.501429621528e-02	-9.135558395372e-01
-1.033928053587e-01	7.263510763510e-02	-9.919849136650e-01
1.005169168920e-01	6.575731899586e-02	-9.927599530687e-01
4.068750617757e-01	-9.280480401865e-02	-9.087573672087e-01
4.953580538375e-01	-3.583328243637e-01	-7.913393617670e-01
4.368316929154e-01	-5.861303534123e-01	-6.823703399720e-01
5.638905213207e-01	-3.694580139843e-01	-7.385988463756e-01
7.418527657919e-01	1.339345443372e-02	-6.704290337278e-01
7.596616701781e-01	4.988586175627e-01	-4.171980663254e-01
4.324197449297e-01	8.861698599465e-01	-1.664816612044e-01
6.042575678830e-02	9.906079516514e-01	-1.226564879720e-01
-1.913059850310e-02	9.926542693281e-01	-1.194634746927e-01
-3.817550634905e-01	9.121240465561e-01	-1.493077198054e-01
-7.567812860003e-01	5.171021557425e-01	-3.998592823558e-01
-7.327578324006e-01	2.654375801852e-03	-6.804843226296e-01
-5.855383052472e-01	-3.163042038512e-01	-7.463890029431e-01
-4.757287636805e-01	-5.121909429085e-01	-7.150822200345e-01
-4.982986149227e-01	-4.086019499004e-01	-7.646848611708e-01
-3.717925690242e-01	-1.058292621495e-01	-9.222637653574e-01
-9.360586144801e-02	4.489865933988e-02	-9.945964272468e-01
9.533312947136e-02	3.387496368773e-02	-9.948688764156e-01
3.862158531435e-01	-1.112769391341e-01	-9.156717521020e-01
4.701356586009e-01	-3.613586193836e-01	-8.052281730721e-01
4.244262592319e-01	-5.655850390749e-01	-7.070897496422e-01
5.561855597966e-01	-3.376684990819e-01	-7.593665832795e-01
7.289007802584e-01	4.918462103087e-02	-6.828502951547e-01
7.363183371076e-01	5.271459969180e-01	-4.242079730185e-01
3.994630709265e-01	8.976014188076e-01	-1.863892376739e-01
3.704723086275e-02	9.877886501349e-01	-1.513310455593e-01
-3.902428237512e-02	9.876155598235e-01	-1.519625328150e-01
-3.860336196762e-01	9.039944841796e-01	-1.837716437661e-01
-7.379932585994e-01	5.254788160444e-01	-4.233650483336e-01
-7.139276331349e-01	1.506906463325e-02	-7.000573247510e-01
-5.658010947430e-01	-3.061422328561e-01	-7.656017596959e-01
-4.495692931658e-01	-5.097325974845e-01	-7.335258207481e-01
-4.724997790118e-01	-4.277320330642e-01	-7.705772295653e-01
-3.583674910324e-01	-1.299225209563e-01	-9.244960140095e-01
-1.027311502450e-01	8.409864405829e-03	-9.946736072451e-01
8.139102370193e-02	6.656776250729e-03	-9.966600165506e-01
3.548733609262e-01	-1.284206930859e-01	-9.260523869049e-01
4.435175125307e-01	-3.638335536658e-01	-8.190954531100e-01
4.036764396664e-01	-5.547862060819e-01	-7.275009261846e-01
5.406370745912e-01	-3.167057557948e-01	-7.793644961274e-01
7.111809295238e-01	7.042580937097e-02	-6.994725804892e-01
7.153778365184e-01	5.415511676518e-01	-4.415392211721e-01
3.877194383842e-01	8.962688123291e-01	-2.153505355116e-01
2.996112855020e-02	9.830710331994e-01	-1.807586082607e-01
-4.092312380205e-02	9.823738965353e-01	-1.823919552621e-01
-3.815428899032e-01	8.991215115910e-01	-2.144889986888e-01
-7.169870712232e-01	5.400788765868e-01	-4.407316039990e-01
-6.956829335942e-01	3.440880758135e-02	-7.175244176100e-01
-5.487025158837e-01	-2.878076370036e-01	-7.849154815299e-01
-4.284082971684e-01	-4.983441343778e-01	-7.537369930211e-01
-4.450140556157e-01	-4.322218637872e-01	-7.843129163598e-01
-3.333938871567e-01	-1.491692123305e-01	-9.309119518511e-01
-9.806923923068e-02	-2.254175321559e-02	-9.949242652980e-01
7.729304485600e-02	-2.385100058254e-02	-9.967230884193e-01
3.312261263229e-01	-1.494157094250e-01	-9.316459622722e-01
4.157748360973e-01	-3.689971572079e-01	-8.312474863966e-01
3.779951955710e-01	-5.516475103376e-01	-7.435083432374e-01
5.197898223722e-01	-3.047196331917e-01	-7.981005486189e-01
6.907780598920e-01	8.276987496206e-02	-7.183138727400e-01
6.950702978126e-01	5.475229655649e-01	-4.659354926144e-01
3.890099745343e-01	8.867932930891e-01	-2.495373620224e-01
3.463589191651e-02	9.767363719682e-01	-2.116280101158e-01
-4.065874539362e-02	9.764063798187e-01	-2.120788718198e-01
-3.751044656133e-01	8.942447447762e-01	-2.441781651111e-01
-6.958572992690e-01	5.533051421635e-01	-4.578602829571e-01
-6.757196124443e-01	5.092172627957e-02	-7.353978400504e-01
-5.294110558958e-01	-2.717771560655e-01	-8.036548458986e-01
-4.048553240999e-01	-4.916862906015e-01	-7.709323953386e-01
-4.177220776206e-01	-4.465192141390e-01	-7.912830449801e-01
-3.191299488214e-01	-1.764229107565e-01	-9.311450114378e-01
-9.028883859240e-02	-5.030337593011e-02	-9.946444068086e-01
8.517669050026e-02	-5.968908049300e-02	-9.945763646223e-01
3.280096050207e-01	-1.799078726029e-01	-9.273849558784e-01
3.930571938494e-01	-4.134116796808e-01	-8.213384354009e-01
3.305894685864e-01	-5.885855012350e-01	-7.377517949796e-01
4.776476327171e-01	-3.311250627473e-01	-8.137622083756e-01
6.606617555535e-01	5.034626666266e-02	-7.489935234581e-01
6.716152183141e-01	5.310405456120e-01	-5.166516596751e-01
4.928198958019e-01	8.100222221709e-01	-3.177932502290e-01
1.355931715333e-01	9.567280536200e-01	-2.574605275571e-01

Hair-20
-3.614931932247e-02	9.991881981330e-01	1.778120986276e-02
-4.977597337098e-01	8.651947184441e-01	-6.060814032373e-02
-8.248108420605e-01	4.794048291419e-01	-2.997633810439e-01
-8.036967678458e-01	-4.673478553864e-02	-5.932009483934e-01
-6.584048264460e-01	-3.629697719375e-01	-6.593603181662e-01
-5.612428896935e-01	-5.373701741250e-01	-6.294757459420e-01
-6.038464549962e-01	-3.878675216217e-01	-6.963678944779e-01
-4.602105085891e-01	-2.429081212778e-02	-8.874774612520e-01
-1.419234236536e-01	1.542407690508e-01	-9.777870560511e-01
1.155694568257e-01	1.594732728262e-01	-9.804141858945e-01
4.544382776951e-01	-2.386384914115e-02	-8.904585158612e-01
5.742419208508e-01	-3.254892897847e-01	-7.512009974521e-01
5.343987825467e-01	-5.579400869287e-01	-6.349179479355e-01
6.394062407263e-01	-3.652676401130e-01	-6.765642692358e-01
8.071544428982e-01	2.032592484330e-02	-5.899903067754e-01
8.036945253309e-01	5.022225516586e-01	-3.191357368873e-01
4.469184785613e-01	8.914415798282e-01	-7.480496824312e-02
6.231094195233e-02	9.975815493531e-01	-3.079608584291e-02
-3.031283869840e-02	9.990829577567e-01	-3.023863968838e-02
-3.924781138956e-01	9.179891213023e-01	-5.706928494069e-02
-7.985528433045e-01	5.177293422767e-01	-3.070336864191e-01
-7.999996851219e-01	6.682491950228e-03	-5.999632056270e-01
-6.624819343487e-01	-3.104716192213e-01	-6.817074594866e-01
-5.605114678424e-01	-4.902681926825e-01	-6.674308905505e-01
-5.752248766773e-01	-3.690976697520e-01	-7.299885282902e-01
-4.313660603674e-01	-3.781274103598e-02	-9.013842236130e-01
-1.157311353940e-01	1.320770958711e-01	-9.844602303022e-01
1.153166674907e-01	1.283479008307e-01	-9.850019708362e-01
4.367307332332e-01	-4.643492239224e-02	-8.983930457389e-01
5.488059252900e-01	-3.273777667994e-01	-7.691786880641e-01
5.073406059137e-01	-5.607334408547e-01	-6.543573319666e-01
6.189958431624e-01	-3.594898894072e-01	-6.982916049629e-01
7.881620915333e-01	2.519593582251e-02	-6.149517723268e-01
7.885620580682e-01	5.077174891786e-01	-3.469767020382e-01
4.457996758080e-01	8.886460871561e-01	-1.075675640309e-01
6.857214212562e-02	9.957367558948e-01	-6.169419976358e-02
-2.232403376749e-02	9.979516551386e-01	-5.995107607370e-02
-3.868986905225e-01	9.179820746338e-01	-8.728295322073e-02
-7.827224175836e-01	5.287345951394e-01	-3.283067847530e-01
-7.821939927124e-01	2.151836448127e-02	-6.226632458679e-01
-6.446570078400e-01	-2.974343621349e-01	-7.042372771050e-01
-5.399649061182e-01	-4.835805239244e-01	-6.889033147269e-01
-5.494855653120e-01	-3.747615196945e-01	-7.467391893225e-01
-4.066944384739e-01	-5.782215873670e-02	-9.117325439368e-01
-1.062250646929e-01	1.037321448654e-01	-9.889165170795e-01
1.103548222254e-01	9.729704483829e-02	-9.891183439191e-01
4.203578479211e-01	-6.914060059005e-02	-9.047203197902e-01
5.226064476388e-01	-3.344843116048e-01	-7.842211079642e-01
4.821790376355e-01	-5.604965426826e-01	-6.733104791297e-01
5.992840469819e-01	-3.496238822035e-01	-7.201539918837e-01
7.694563037483e-01	3.506051143596e-02	-6.377364323605e-01
7.717484276606e-01	5.161225357211e-01	-3.715129775986e-01
4.377735221542e-01	8.885465440805e-01	-1.372566293601e-01
6.393785941715e-02	9.936780570649e-01	-9.228146639938e-02
-2.340151041697e-02	9.956645927281e-01	-9.002437502036e-02
-3.864247084499e-01	9.147891341382e-01	-1.176298633940e-01
-7.692410083187e-01	5.275638846690e-01	-3.604783193394e-01
-7.591252050186e-01	2.004278886692e-02	-6.506360040145e-01
-6.189526007845e-01	-3.006187715295e-01	-7.256211354324e-01
-5.118060936721e-01	-4.923564358067e-01	-7.040168056231e-01
-5.242929047114e-01	-3.869641909424e-01	-7.585352101238e-01
-3.838041394290e-01	-7.915731554585e-02	-9.200154900613e-01
-9.713982704700e-02	7.523853832594e-02	-9.924228012051e-01
1.039632258851e-01	6.801302973808e-02	-9.922529291715e-01
4.016874308975e-01	-9.369442096715e-02	-9.109712198190e-01
4.962229275395e-01	-3.432624956563e-01	-7.974544910275e-01
4.491919891212e-01	-5.734334951704e-01	-6.851281511703e-01
5.720065188595e-01	-3.530116425258e-01	-7.403994345105e-01
7.457498155026e-01	3.211365160280e-02	-6.654516707159e-01
7.581091422945e-01	5.107132198032e-01	-4.055151482839e-01
4.329234059004e-01	8.856962831664e-01	-1.676884569935e-01
5.909301807235e-02	9.907171888034e-01	-1.224233107889e-01
-2.546566565653e-02	9.924005490669e-01	-1.203854230562e-01
-3.882728238001e-01	9.090887841226e-01	-1.510026386552e-01
-7.544146167980e-01	5.265445270209e-01	-3.919304109480e-01
-7.364044515744e-01	1.652768583909e-02	-6.763396478857e-01
-5.905780836860e-01	-3.029420155506e-01	-7.479596662146e-01
-4.847820432858e-01	-5.007162279927e-01	-7.171259509545e-01
-4.987433528712e-01	-3.991716320144e-01	-7.693614730163e-01
-3.730611814556e-01	-1.080054882983e-01	-9.214988710728e-01
-1.030114269461e-01	4.253888721447e-02	-9.937701389119e-01
8.521614734099e-02	4.105603837941e-02	-9.955162529788e-01
3.690191329532e-01	-1.070408360038e-01	-9.232373145308e-01
4.688587174732e-01	-3.442094216846e-01	-8.134441450234e-01
4.386414550406e-01	-5.440548360137e-01	-7.152607981219e-01
5.668646096013e-01	-3.125283742582e-01	-7.622273477547e-01
7.336523307013e-01	7.502277633587e-02	-6.753708912053e-01
7.332215770093e-01	5.437653594025e-01	-4.082956685073e-01
4.046480706242e-01	8.946141567383e-01	-1.895400999880e-01
3.803046139814e-02	9.876743092784e-01	-1.518326144056e-01
-4.515077506539e-02	9.872911438773e-01	-1.523732415235e-01
-3.887936007802e-01	9.027979495822e-01	-1.838352474977e-01
-7.342724284140e-01	5.410122521856e-01	-4.100606587519e-01
-7.189555041594e-01	3.375981812739e-02	-6.942357364173e-01
-5.734268855574e-01	-2.872404456416e-01	-7.672512843310e-01
-4.611666471410e-01	-4.921722206311e-01	-7.383033447058e-01
-4.717986748720e-01	-4.119720937803e-01	-7.795415347082e-01
-3.549995594096e-01	-1.312490810091e-01	-9.256073636015e-01
-1.012867107195e-01	1.218069979429e-02	-9.947827063154e-01
7.889175713352e-02	1.173117795254e-02	-9.968141602727e-01
3.501561781989e-01	-1.298299103059e-01	-9.276501739660e-01
4.410937543752e-01	-3.456992165959e-01	-8.282079156203e-01
4.144263010919e-01	-5.367172019974e-01	-7.349731192658e-01
5.491772634934e-01	-2.954299503944e-01	-7.817451487997e-01
7.155818565392e-01	9.132527815841e-02	-6.925332484157e-01
7.114781046540e-01	5.589987474799e-01	-4.258160482108e-01
3.884062150811e-01	8.957033190992e-01	-2.164628749717e-01
3.338061361594e-02	9.827139866627e-01	-1.820960050418e-01
-5.133468008460e-02	9.818037093034e-01	-1.828284086750e-01
-3.862929884180e-01	8.969550183882e-01	-2.150567880523e-01
-7.158911427432e-01	5.453340165962e-01	-4.360168369283e-01
-6.968172090045e-01	3.921899685854e-02	-7.161757099487e-01
-5.497593842698e-01	-2.821557283428e-01	-7.862269165901e-01
-4.330983237594e-01	-4.943024783693e-01	-7.537180519497e-01
-4.449797888285e-01	-4.257470983622e-01	-7.878657219160e-01
-3.365117954046e-01	-1.562235656830e-01	-9.286301788542e-01
-9.890269295230e-02	-1.779721030624e-02	-9.949379461213e-01
6.837084505241e-02	-1.711628913316e-02	-9.975131378549e-01
3.285106421040e-01	-1.509013591549e-01	-9.323677052696e-01
4.133425241245e-01	-3.523621182553e-01	-8.396361684498e-01
3.853254893918e-01	-5.386262858401e-01	-7.492703059825e-01
5.260873482794e-01	-2.885814581299e-01	-7.999705269596e-01
6.940944647702e-01	9.702760866760e-02	-7.133151597518e-01
6.909212821584e-01	5.655632898338e-01	-4.502953997688e-01
3.721348817542e-01	8.959002021003e-01	-2.426488360953e-01
2.808357989270e-02	9.768109370469e-01	-2.122538711211e-01
-5.462261713116e-02	9.756040413253e-01	-2.126337796482e-01
-3.822039992832e-01	8.909951149324e-01	-2.450465427188e-01
-6.973240883363e-01	5.478445839480e-01	-4.621746722451e-01
-6.733159015412e-01	4.425269809452e-02	-7.380294001211e-01
-5.250626576150e-01	-2.766941407045e-01	-8.048288998776e-01
-4.031442272160e-01	-4.981684796441e-01	-7.676606658879e-01
-4.174018885271e-01	-4.463244479309e-01	-7.915618425828e-01
-3.180982223936e-01	-1.825188442577e-01	-9.303227356143e-01
-9.059022154408e-02	-4.754495287791e-02	-9.947526774110e-01
8.984178563017e-02	-5.770292454244e-02	-9.942830713907e-01
3.208254225406e-01	-1.794866398733e-01	-9.299761256928e-01
3.932370222155e-01	-4.058330945020e-01	-8.250237231535e-01
3.388786125531e-01	-5.730512999890e-01	-7.461725628399e-01
4.865364577223e-01	-3.128273633781e-01	-8.157336060436e-01
6.620538804108e-01	6.887547304782e-02	-7.462846833786e-01
6.765843486825e-01	5.500598302284e-01	-4.895587832804e-01
4.324230504321e-01	8.503161577916e-01	-2.999545586476e-01
1.141192187274e-01	9.618268299002e-01	-2.487286738619e-01

Hair-21
-1.416648973625e-01	9.897523429996e-01	-1.792641576442e-02
-5.895424521617e-01	8.035523260872e-01	-8.211794163860e-02
-8.273175194082e-01	4.541093246075e-01	-3.306515437507e-01
-7.973197197960e-01	-7.037196652818e-02	-5.994406148664e-01
-6.463776017346e-01	-3.838425892619e-01	-6.594398097208e-01
-5.523338174579e-01	-5.545112807207e-01	-6.224504748539e-01
-6.033172270302e-01	-3.959426074915e-01	-6.922700160641e-01
-4.583568316034e-01	-2.178374777593e-02	-8.885012567551e-01
-1.441206052305e-01	1.464656852860e-01	-9.786608473734e-01
9.936143929862e-02	1.589465033039e-01	-9.822745611426e-01
4.353783078722e-01	-6.250683327817e-03	-9.002258927582e-01
5.748423870667e-01	-3.162274994135e-01	-7.546896041726e-01
5.315151311551e-01	-5.561401669350e-01	-6.389051416874e-01
6.390941704742e-01	-3.663065878814e-01	-6.762973642863e-01
8.063068506174e-01	1.771182188789e-02	-5.912322335706e-01
8.061550739812e-01	4.946630351193e-01	-3.246882787858e-01
4.517940044820e-01	8.887511634981e-01	-7.748255864957e-02
4.358947749239e-02	9.986099677035e-01	-2.963258097327e-02
-2.230768007604e-02	9.993659815697e-01	-2.774891512993e-02
-4.145516869521e-01	9.076409181419e-01	-6.583967314465e-02
-8.023925960485e-01	5.111068047477e-01	-3.081167894600e-01
-7.985407317247e-01	4.484193610571e-03	-6.019240747671e-01
-6.601799838797e-01	-3.129328632076e-01	-6.828143320181e-01
-5.600725851272e-01	-4.919372244886e-01	-6.665706763363e-01
-5.756121305508e-01	-3.668096364065e-01	-7.308360731396e-01
-4.154190124353e-01	-3.005066318748e-02	-9.091336545026e-01
-1.184939807281e-01	1.281193440845e-01	-9.846545638967e-01
1.015575627666e-01	1.250537025373e-01	-9.869385152717e-01
4.143911268845e-01	-2.882363415024e-02	-9.096423429424e-01
5.472884216441e-01	-3.130378333355e-01	-7.761975898152e-01
5.112345328818e-01	-5.493205086506e-01	-6.609736992989e-01
6.239979037432e-01	-3.487065399235e-01	-6.993070606956e-01
7.906416481927e-01	3.583634509258e-02	-6.112295317747e-01
7.885878528619e-01	5.080249876443e-01	-3.464676178919e-01
4.452035558938e-01	8.889658897375e-01	-1.073938578449e-01
3.920045640193e-02	9.974196320921e-01	-6.014483963848e-02
-2.236288100705e-02	9.981215854119e-01	-5.703685026270e-02
-4.085145510045e-01	9.077168890819e-01	-9.573876379534e-02
-7.896033330792e-01	5.097363343089e-01	-3.416071513824e-01
-7.768475207128e-01	4.418462750452e-03	-6.296732539574e-01
-6.356030503918e-01	-3.148399293133e-01	-7.049004051940e-01
-5.336076512388e-01	-4.982357606997e-01	-6.833915431869e-01
-5.500789223988e-01	-3.783941630852e-01	-7.444669478732e-01
-3.995056625013e-01	-5.324644161934e-02	-9.151830647932e-01
-1.093190770846e-01	1.005184289556e-01	-9.889112118010e-01
1.006702873803e-01	9.482515968548e-02	-9.903906715682e-01
4.044637493690e-01	-5.645566440551e-02	-9.128098561053e-01
5.207287141269e-01	-3.173450223943e-01	-7.925488900032e-01
4.898415709739e-01	-5.451436193233e-01	-6.803481973644e-01
6.067224185963e-01	-3.343963091237e-01	-7.211567202883e-01
7.730281106105e-01	5.009763975107e-02	-6.323905175581e-01
7.708861055000e-01	5.190679263466e-01	-3.691924974661e-01
4.303593988368e-01	8.924925129132e-01	-1.350847964304e-01
3.878393376566e-02	9.950462977822e-01	-9.153508481249e-02
-3.449441795234e-02	9.953962549099e-01	-8.942276467139e-02
-4.047919670894e-01	9.059220366686e-01	-1.242929075134e-01
-7.765499697465e-01	5.027954595220e-01	-3.796931265783e-01
-7.516343415078e-01	-5.740346603935e-03	-6.595550508389e-01
-6.051348197910e-01	-3.266352030813e-01	-7.260311935341e-01
-5.003442566601e-01	-5.153744356882e-01	-6.957332936308e-01
-5.245845809550e-01	-3.963528182112e-01	-7.534689515304e-01
-3.877326280802e-01	-8.223166159087e-02	-9.180965978338e-01
-1.016564536240e-01	7.427440698738e-02	-9.920429818830e-01
1.010531388993e-01	6.643456794137e-02	-9.926604209401e-01
4.004974401484e-01	-8.876270782364e-02	-9.119884769746e-01
4.952379372268e-01	-3.348792148103e-01	-8.016204195374e-01
4.462476122917e-01	-5.746211263482e-01	-6.860565790649e-01
5.715911901635e-01	-3.547067423351e-01	-7.399098852357e-01
7.454168220461e-01	2.795844908711e-02	-6.660120768690e-01
7.586785791385e-01	5.042025033080e-01	-4.125368458870e-01
4.302095706949e-01	8.871404868320e-01	-1.670373667956e-01
5.353532921378e-02	9.910562395142e-01	-1.222354230404e-01
-2.651871762902e-02	9.924075386904e-01	-1.201001031049e-01
-3.914142218267e-01	9.076319482863e-01	-1.516547177035e-01
-7.567231446994e-01	5.186927284230e-01	-3.979044304319e-01
-7.341882267599e-01	8.456894823354e-03	-6.788933116603e-01
-5.876922828186e-01	-3.084165393289e-01	-7.479953335308e-01
-4.814916035644e-01	-5.060151878280e-01	-7.156217334489e-01
-4.985850320291e-01	-3.968359712966e-01	-7.706712513917e-01
-3.712883396648e-01	-1.070907955244e-01	-9.223212728453e-01
-1.011343858741e-01	4.278245384874e-02	-9.939524624631e-01
9.007521554578e-02	3.701570529416e-02	-9.952468503371e-01
3.722299288000e-01	-1.057854625302e-01	-9.220923576426e-01
4.687031077280e-01	-3.480078408259e-01	-8.119162145996e-01
4.283743844331e-01	-5.611728267367e-01	-7.082234430559e-01
5.576546781568e-01	-3.323795246166e-01	-7.606215297673e-01
7.295271663188e-01	5.513766041652e-02	-6.817257161107e-01
7.375754383857e-01	5.231001753229e-01	-4.270230430167e-01
4.179193085016e-01	8.873633477771e-01	-1.947555919693e-01
4.251885786326e-02	9.875445191679e-01	-1.514858719069e-01
-2.537936529862e-02	9.881945716699e-01	-1.510873136275e-01
-3.821212494586e-01	9.059768688703e-01	-1.821792078813e-01
-7.331736782553e-01	5.447777092920e-01	-4.070302261160e-01
-7.219822643502e-01	4.299328186841e-02	-6.905745344841e-01
-5.779401958741e-01	-2.781121948947e-01	-7.672279563753e-01
-4.645832252039e-01	-4.832599281689e-01	-7.420392635739e-01
-4.712907759968e-01	-4.020092662120e-01	-7.850309257221e-01
-3.505539262547e-01	-1.274230664643e-01	-9.278336633903e-01
-1.000592294834e-01	1.120216165591e-02	-9.949184198563e-01
8.131736823186e-02	8.328947700835e-03	-9.966534574535e-01
3.493738684504e-01	-1.271742456831e-01	-9.283127766432e-01
4.411313634587e-01	-3.468017109658e-01	-8.277268229580e-01
4.094275366596e-01	-5.464549787726e-01	-7.305860992378e-01
5.436266381287e-01	-3.071226574425e-01	-7.811182699197e-01
7.127966875513e-01	7.957719529544e-02	-6.968416980957e-01
7.155051348923e-01	5.431737958760e-01	-4.393343025721e-01
4.054595107766e-01	8.865464595581e-01	-2.227957813017e-01
3.505904599145e-02	9.828511852224e-01	-1.810370431738e-01
-2.966371186199e-02	9.830184344342e-01	-1.810934061780e-01
-3.827733796318e-01	8.985253816693e-01	-2.147945025863e-01
-7.156939954049e-01	5.463721514719e-01	-4.350397419055e-01
-6.987474289157e-01	4.633848166658e-02	-7.138660768663e-01
-5.530348743164e-01	-2.767411021978e-01	-7.858541786771e-01
-4.342249097232e-01	-4.885976364343e-01	-7.567833755090e-01
-4.441917249230e-01	-4.204221279991e-01	-7.911630336401e-01
-3.333420426557e-01	-1.500275903893e-01	-9.307925680409e-01
-9.768955127857e-02	-2.065483745372e-02	-9.950025775146e-01
7.461699459075e-02	-2.074375971968e-02	-9.969964897385e-01
3.281024606724e-01	-1.507300048076e-01	-9.325391364181e-01
4.136847331689e-01	-3.555083797025e-01	-8.381400440883e-01
3.833460193101e-01	-5.439002753313e-01	-7.464705754239e-01
5.224368833320e-01	-2.944548998902e-01	-8.002224783553e-01
6.917778676911e-01	9.048189288285e-02	-7.164191572209e-01
6.950958064631e-01	5.534801467590e-01	-4.588044757640e-01
3.967571856125e-01	8.826937943579e-01	-2.518638542285e-01
3.785797874596e-02	9.766704608661e-01	-2.113801890361e-01
-3.013114395799e-02	9.769661152968e-01	-2.112565353443e-01
-3.744874263829e-01	8.945228850012e-01	-2.441064843264e-01
-6.965936256531e-01	5.492410762384e-01	-4.616184147887e-01
-6.754905771045e-01	5.046890978505e-02	-7.356394289243e-01
-5.281638164026e-01	-2.731976364914e-01	-8.039938025001e-01
-4.052512060985e-01	-4.913242918796e-01	-7.709551868719e-01
-4.167744296150e-01	-4.337132903350e-01	-7.988691110600e-01
-3.168715250085e-01	-1.752590529417e-01	-9.321355593479e-01
-8.777602756901e-02	-4.789021523151e-02	-9.949883900173e-01
8.684387164121e-02	-6.122179421215e-02	-9.943389934383e-01
3.228270298326e-01	-1.815739041844e-01	-9.288776163353e-01
3.929619619289e-01	-4.249226853323e-01	-8.154885701020e-01
3.252737798400e-01	-5.963480027764e-01	-7.338705796891e-01
4.719109629831e-01	-3.387730917256e-01	-8.139612001435e-01
6.551601199254e-01	4.274109380213e-02	-7.542800648035e-01
6.779134020351e-01	5.275085464606e-01	-5.120235861288e-01
5.029193986825e-01	7.989017949846e-01	-3.298908916583e-01
1.184379798834e-01	9.637027882902e-01	-2.392684282617e-01

Hair-22
-6.338862495085e-02	9.978438915690e-01	1.701323853172e-02
-5.112318469116e-01	8.569956364719e-01	-6.481109296563e-02
-8.327059333455e-01	4.458198672632e-01	-3.283983473233e-01
-7.902509612102e-01	-8.222261988151e-02	-6.072420103106e-01
-6.378440828170e-01	-3.988348748623e-01	-6.588517804552e-01
-5.474803011036e-01	-5.671404969607e-01	-6.153185976473e-01
-6.042065492833e-01	-4.077433886520e-01	-6.846019097357e-01
-4.645337908771e-01	-2.964569431335e-02	-8.850590318968e-01
-1.521917424024e-01	1.498683980563e-01	-9.769222777727e-01
1.067386063233e-01	1.617829066518e-01	-9.810367786355e-01
4.527087971671e-01	-2.240721607253e-02	-8.913768348097e-01
5.748705266497e-01	-3.315805984325e-01	-7.480495868141e-01
5.270543495993e-01	-5.666987173707e-01	-6.332979364398e-01
6.335127093677e-01	-3.743184704091e-01	-6.771612287928e-01
8.042116141780e-01	1.102137087685e-02	-5.942408678350e-01
8.064865724948e-01	4.923328531163e-01	-3.273954338837e-01
4.406796142842e-01	8.947446570200e-01	-7.234276942798e-02
4.743863823957e-02	9.984158231090e-01	-3.025590467298e-02
-3.963189991702e-02	9.987548355505e-01	-3.030001606424e-02
-4.134935111096e-01	9.082646321785e-01	-6.386293294150e-02
-8.105077056860e-01	4.800543195592e-01	-3.355966467297e-01
-7.862560925440e-01	-3.583486851317e-02	-6.168607777579e-01
-6.392998914037e-01	-3.556375917325e-01	-6.817752945054e-01
-5.392451592523e-01	-5.341939998966e-01	-6.510387305663e-01
-5.783078348698e-01	-4.017201912360e-01	-7.100569949528e-01
-4.476325322885e-01	-5.205381408418e-02	-8.927012470453e-01
-1.221538873071e-01	1.330092126738e-01	-9.835583242287e-01
9.766524343553e-02	1.332915285016e-01	-9.862529435466e-01
4.358851393051e-01	-4.633445527705e-02	-8.988088025755e-01
5.502529042893e-01	-3.419987160675e-01	-7.617470837026e-01
4.942219047510e-01	-5.802530682004e-01	-6.473415525890e-01
6.078061033968e-01	-3.811940209909e-01	-6.966081100837e-01
7.815855501602e-01	2.083754181356e-03	-6.237945861815e-01
7.942896742020e-01	4.852732879202e-01	-3.655321456278e-01
4.448237293405e-01	8.891528053663e-01	-1.074203822602e-01
5.678521064399e-02	9.964880286664e-01	-6.153900045206e-02
-2.949780494808e-02	9.977837919503e-01	-5.964380960834e-02
-4.015679551217e-01	9.113453963682e-01	-9.051378866163e-02
-7.937250836747e-01	4.917486208682e-01	-3.580276322014e-01
-7.688295913368e-01	-2.212815142456e-02	-6.390707350516e-01
-6.216562047186e-01	-3.422236476876e-01	-7.045754310919e-01
-5.183037480403e-01	-5.276908109996e-01	-6.729811533423e-01
-5.516641230048e-01	-4.036502525629e-01	-7.298857232439e-01
-4.200011689981e-01	-6.885291369896e-02	-9.049078927247e-01
-1.089906959238e-01	1.043607193576e-01	-9.885493758317e-01
9.590328994432e-02	1.027292546440e-01	-9.900753805737e-01
4.185095210792e-01	-6.982505019433e-02	-9.055242918505e-01
5.240201833670e-01	-3.486912310374e-01	-7.770568015414e-01
4.695947161233e-01	-5.792734635789e-01	-6.662755113183e-01
5.889175435931e-01	-3.708004059354e-01	-7.181108450695e-01
7.631227638102e-01	1.244770009771e-02	-6.461336565425e-01
7.771176796345e-01	4.942546192906e-01	-3.896158150144e-01
4.328883773274e-01	8.911826166345e-01	-1.356510102555e-01
5.104092005182e-02	9.944441900852e-01	-9.206289853130e-02
-3.603669640634e-02	9.952642271771e-01	-9.027997903062e-02
-4.015602803361e-01	9.078388801034e-01	-1.207390120428e-01
-7.802375045277e-01	4.875841500585e-01	-3.917794445093e-01
-7.443745055693e-01	-2.825388095149e-02	-6.671643827946e-01
-5.929663791223e-01	-3.481955178203e-01	-7.260514820592e-01
-4.877171333488e-01	-5.379452703844e-01	-6.875659124106e-01
-5.250253185816e-01	-4.173893357164e-01	-7.417105616604e-01
-3.991794573096e-01	-9.111963384511e-02	-9.123338057915e-01
-1.027926008255e-01	7.429680700724e-02	-9.919242237611e-01
9.264255463312e-02	7.189291005193e-02	-9.931005822953e-01
4.019927483557e-01	-9.522364487327e-02	-9.106779275499e-01
4.970374723804e-01	-3.681446114406e-01	-7.857628752473e-01
4.298346771698e-01	-5.998274969995e-01	-6.748697090147e-01
5.559466431526e-01	-3.844946611814e-01	-7.369444928149e-01
7.355645417831e-01	-4.101320225809e-03	-6.774422366843e-01
7.641951100657e-01	4.839360408329e-01	-4.263938814460e-01
4.344362084723e-01	8.847980390650e-01	-1.685159067712e-01
5.707101195844e-02	9.908210550959e-01	-1.225419780021e-01
-2.818305407765e-02	9.923604746145e-01	-1.201099658052e-01
-3.965346809143e-01	9.052928044408e-01	-1.523324819598e-01
-7.628989785516e-01	4.942730202688e-01	-4.167485212442e-01
-7.228771374029e-01	-2.437123972047e-02	-6.905466580143e-01
-5.711727808688e-01	-3.423906703944e-01	-7.460095731433e-01
-4.615997173372e-01	-5.367979976816e-01	-7.062390605448e-01
-4.988629637811e-01	-4.272790335267e-01	-7.540347278979e-01
-3.711426515711e-01	-1.075188479695e-01	-9.223301087550e-01
-8.677688119472e-02	4.640500604778e-02	-9.951463954132e-01
9.403063315082e-02	3.971127543784e-02	-9.947769873858e-01
3.847682453351e-01	-1.181682418614e-01	-9.154177538136e-01
4.700383771534e-01	-3.682127104150e-01	-8.021741231752e-01
4.170622247709e-01	-5.805121914967e-01	-6.993316067452e-01
5.474341463936e-01	-3.518262148324e-01	-7.592984722222e-01
7.241171707858e-01	3.462250395654e-02	-6.888073788752e-01
7.403265903672e-01	5.123434372385e-01	-4.352249325510e-01
4.074223152201e-01	8.934826086980e-01	-1.889335465576e-01
3.520239451883e-02	9.878543124672e-01	-1.513428186602e-01
-4.451873508472e-02	9.873206967787e-01	-1.523677260410e-01
-3.919076101749e-01	9.012216878673e-01	-1.849537628830e-01
-7.413499667875e-01	5.127648849806e-01	-4.329808303782e-01
-7.086465292066e-01	1.278394075880e-03	-7.055625148433e-01
-5.586875210672e-01	-3.190044234164e-01	-7.655745761482e-01
-4.438555930087e-01	-5.226922376171e-01	-7.278633369594e-01
-4.726705810680e-01	-4.339391201926e-01	-7.669937168969e-01
-3.563691544705e-01	-1.330014645012e-01	-9.248305986409e-01
-9.074877779584e-02	1.461124219729e-02	-9.957666247319e-01
8.107372768184e-02	1.157228000293e-02	-9.966409248146e-01
3.608423191275e-01	-1.377513968788e-01	-9.223976221699e-01
4.436078826331e-01	-3.741780311066e-01	-8.143726711420e-01
3.942904366102e-01	-5.730593045652e-01	-7.184275085553e-01
5.309876704153e-01	-3.346507391269e-01	-7.784991821888e-01
7.055113528815e-01	5.043951688040e-02	-7.069013977156e-01
7.190637961208e-01	5.266255754019e-01	-4.534454327049e-01
3.938869092876e-01	8.932446821162e-01	-2.167188052823e-01
3.031127192188e-02	9.829370783895e-01	-1.814274695895e-01
-4.656740622066e-02	9.820504937375e-01	-1.827793873166e-01
-3.893152278696e-01	8.952328252179e-01	-2.167760180493e-01
-7.224836621032e-01	5.180819800662e-01	-4.578301212509e-01
-6.866923621717e-01	7.425846876378e-03	-7.269102121536e-01
-5.355146768278e-01	-3.133288111361e-01	-7.842506531805e-01
-4.163158941337e-01	-5.243379508601e-01	-7.427992929315e-01
-4.456088336583e-01	-4.500261672213e-01	-7.738922510155e-01
-3.378584445053e-01	-1.571326508853e-01	-9.279876084853e-01
-8.623913601618e-02	-1.541642566953e-02	-9.961551813040e-01
7.765809818107e-02	-1.875412492274e-02	-9.968036429434e-01
3.455116717804e-01	-1.630088084728e-01	-9.241481553430e-01
4.172139365742e-01	-3.917912649600e-01	-8.200195947838e-01
3.634623152804e-01	-5.786590202931e-01	-7.301019679500e-01
5.062573692317e-01	-3.327082080688e-01	-7.956184540232e-01
6.819176536569e-01	5.057885471747e-02	-7.296780749664e-01
7.002603300283e-01	5.269951531956e-01	-4.815719870351e-01
3.915385679432e-01	8.856210249545e-01	-2.497457706780e-01
3.618779226423e-02	9.765614728760e-01	-2.121747708502e-01
-4.016483161774e-02	9.764671293977e-01	-2.118932077888e-01
-3.744540102649e-01	8.951049054597e-01	-2.420152937697e-01
-7.001894771816e-01	5.361493169501e-01	-4.714643210023e-01
-6.686200565920e-01	2.896252331315e-02	-7.430399667355e-01
-5.170483267252e-01	-2.925759733063e-01	-8.044006014882e-01
-3.946280926817e-01	-5.124198724014e-01	-7.626890210528e-01
-4.174419319739e-01	-4.550592976662e-01	-7.865515043768e-01
-3.195398562578e-01	-1.823208424813e-01	-9.298674048807e-01
-8.347477825032e-02	-4.650931345546e-02	-9.954239524735e-01
1.016467614811e-01	-6.516388241731e-02	-9.926840405228e-01
3.259347455877e-01	-1.845275180781e-01	-9.272087880788e-01
3.967782475878e-01	-4.368362623578e-01	-8.073048384163e-01
3.239145688626e-01	-6.030773268444e-01	-7.289561646112e-01
4.693866683409e-01	-3.453505187796e-01	-8.126556311024e-01
6.516852255347e-01	3.787027185840e-02	-7.575435362599e-01
6.807310970107e-01	5.246726712074e-01	-5.111983584194e-01
4.464662650681e-01	8.421562037624e-01	-3.023918031638e-01
1.243813655481e-01	9.607928281394e-01	-2.478031825871e-01

Hair-23
-2.021342183204e-01	9.791200415774e-01	-2.158012895066e-02
-5.169366741698e-01	8.538795534265e-01	-6.054901434717e-02
-8.393910346205e-01	3.907053594757e-01	-3.778518401116e-01
-7.652491976945e-01	-1.417110270480e-01	-6.279423940465e-01
-6.186469452676e-01	-4.352331741152e-01	-6.541009411862e-01
-5.338677313506e-01	-5.964098408555e-01	-5.994001561171e-01
-6.043881743959e-01	-4.213488730240e-01	-6.761509164764e-01
-4.596369703970e-01	-3.319551001870e-02	-8.874862892231e-01
-1.215722038946e-01	1.641044796050e-01	-9.789228360876e-01
1.000170385668e-01	1.614395235369e-01	-9.818013405147e-01
4.456131854008e-01	-1.830523815703e-02	-8.950384389807e-01
5.786496540338e-01	-3.426517476891e-01	-7.401042883893e-01
5.116079822452e-01	-5.933332075979e-01	-6.214603585625e-01
6.184749695962e-01	-4.040779173137e-01	-6.739508503759e-01
7.952728779935e-01	-2.299347699001e-02	-6.058154418169e-01
8.147060366294e-01	4.594566274156e-01	-3.537706621578e-01
4.555491907117e-01	8.867306038056e-01	-7.863695770121e-02
5.764518776148e-02	9.978755344021e-01	-3.035539770185e-02
-3.256885288439e-02	9.990442123441e-01	-2.915358646147e-02
-4.139825665116e-01	9.081450507419e-01	-6.237789221680e-02
-8.143989794808e-01	4.663582347098e-01	-3.453466362063e-01
-7.816294420202e-01	-4.702357924216e-02	-6.219680042916e-01
-6.356805699496e-01	-3.602963429701e-01	-6.827127933699e-01
-5.393449118215e-01	-5.333444230592e-01	-6.516523555424e-01
-5.806795054813e-01	-3.860916526603e-01	-7.167597558876e-01
-4.254507263058e-01	-4.359100368944e-02	-9.039311389056e-01
-1.143089534536e-01	1.349425969446e-01	-9.842377551640e-01
8.180903537321e-02	1.342785220315e-01	-9.875609147047e-01
4.112416492156e-01	-2.909455159977e-02	-9.110619150297e-01
5.509893383512e-01	-3.219419189517e-01	-7.699117805600e-01
5.010090690234e-01	-5.678076111266e-01	-6.531343119933e-01
6.142736460782e-01	-3.676575970944e-01	-6.982089794844e-01
7.835747589530e-01	9.013462284327e-03	-6.212321262052e-01
7.937381201194e-01	4.865988453631e-01	-3.649676154956e-01
4.262815544877e-01	8.990702024870e-01	-9.978380281213e-02
3.360899374323e-02	9.976111231835e-01	-6.035298203172e-02
-4.998014498207e-02	9.968834873471e-01	-6.103521739344e-02
-4.178908163930e-01	9.034802461777e-01	-9.534521666640e-02
-7.987266143204e-01	4.716381217385e-01	-3.736218378244e-01
-7.620952996301e-01	-4.434930733879e-02	-6.459441873879e-01
-6.122212220284e-01	-3.599053324053e-01	-7.040265101573e-01
-5.108863405955e-01	-5.397240536214e-01	-6.690987168838e-01
-5.530069212521e-01	-4.063016416385e-01	-7.273941992133e-01
-4.181411449001e-01	-7.267507331581e-02	-9.054702185385e-01
-1.245712295483e-01	1.010966608974e-01	-9.870468448479e-01
6.427755010418e-02	1.081147583402e-01	-9.920582621911e-01
3.847578724061e-01	-4.599954719998e-02	-9.218706098357e-01
5.228201577301e-01	-3.231893050005e-01	-7.888014679274e-01
4.795728959653e-01	-5.617411648680e-01	-6.741340379689e-01
5.985463846508e-01	-3.506845047686e-01	-7.202517639941e-01
7.665774581258e-01	2.456859672837e-02	-6.416816849094e-01
7.750912533559e-01	5.010319955131e-01	-3.849681654934e-01
4.100427949862e-01	9.032102132367e-01	-1.267920225595e-01
1.803738942411e-02	9.957879987489e-01	-8.989390485712e-02
-6.054839473318e-02	9.939128127505e-01	-9.203919027050e-02
-4.238511726678e-01	8.964265349906e-01	-1.294976864383e-01
-7.835578016729e-01	4.728806002150e-01	-4.030150237619e-01
-7.401385034202e-01	-4.408610671060e-02	-6.710077577420e-01
-5.853763208214e-01	-3.622950173916e-01	-7.253115767688e-01
-4.785370775055e-01	-5.481589514930e-01	-6.859475412527e-01
-5.282705929724e-01	-4.257608770897e-01	-7.346140865383e-01
-4.029334685307e-01	-1.020102714855e-01	-9.095265386174e-01
-1.262118793157e-01	6.927013709544e-02	-9.895818357399e-01
5.786590732472e-02	7.874218214599e-02	-9.952141505829e-01
3.691304370427e-01	-6.990582064186e-02	-9.267447850887e-01
4.985051132092e-01	-3.409544614880e-01	-7.970211460782e-01
4.444492939164e-01	-5.768962778134e-01	-6.853141686718e-01
5.697120794769e-01	-3.600318928515e-01	-7.387862902274e-01
7.437836820133e-01	1.988669758319e-02	-6.681245045873e-01
7.593847114679e-01	5.004177543866e-01	-4.158328162658e-01
4.269506729996e-01	8.890291797506e-01	-1.653488444993e-01
5.161945752617e-02	9.911247344785e-01	-1.225038461016e-01
-2.493862096535e-02	9.926067962030e-01	-1.187847351978e-01
-3.878369441313e-01	9.093148423768e-01	-1.507614745221e-01
-7.583730641953e-01	5.122789155032e-01	-4.030392142633e-01
-7.318755977729e-01	-4.188438872100e-05	-6.814382639904e-01
-5.853949073933e-01	-3.133819477142e-01	-7.477329451381e-01
-4.772017039225e-01	-5.097980875995e-01	-7.158103405605e-01
-5.013293871444e-01	-3.987048281436e-01	-7.679214188967e-01
-3.572569621094e-01	-1.025169254756e-01	-9.283629371186e-01
-9.034686218908e-02	4.787070318609e-02	-9.947591870745e-01
7.573651661080e-02	4.101391359749e-02	-9.962840152000e-01
3.632449237939e-01	-1.022475960676e-01	-9.260661717374e-01
4.712098226015e-01	-3.566097199299e-01	-8.067160657476e-01
4.179392322653e-01	-5.769383235955e-01	-7.017613332895e-01
5.496226821680e-01	-3.501706928130e-01	-7.584822958655e-01
7.246089101657e-01	3.201941363599e-02	-6.884160692916e-01
7.398590972853e-01	5.080396012877e-01	-4.410263934138e-01
4.162745014698e-01	8.884130384990e-01	-1.934885331254e-01
4.801229165911e-02	9.870142332892e-01	-1.532896706700e-01
-2.561592145161e-02	9.883765466575e-01	-1.498520156205e-01
-3.781099862750e-01	9.083262848510e-01	-1.788188986879e-01
-7.396487822450e-01	5.195462029549e-01	-4.277749664469e-01
-7.125031089161e-01	1.297139169137e-02	-7.015490451725e-01
-5.657602898749e-01	-3.022197248665e-01	-7.671887201350e-01
-4.517686169054e-01	-5.070290279944e-01	-7.340481466161e-01
-4.722166682993e-01	-4.150665072634e-01	-7.776446571079e-01
-3.420520329765e-01	-1.226545463420e-01	-9.316417063433e-01
-8.782222079944e-02	1.364342353077e-02	-9.960427272603e-01
7.025462522244e-02	1.630531545868e-02	-9.973958212879e-01
3.393388146332e-01	-1.267578657250e-01	-9.320845521519e-01
4.435471369256e-01	-3.560917320251e-01	-8.224746900108e-01
3.999772960070e-01	-5.629537370154e-01	-7.232573903247e-01
5.352643724855e-01	-3.237964561029e-01	-7.801588982783e-01
7.068873586538e-01	5.530371220290e-02	-7.051608054849e-01
7.189905266410e-01	5.251988134939e-01	-4.552129489647e-01
3.943613197714e-01	8.929530031756e-01	-2.170577885906e-01
2.915039701455e-02	9.831521292548e-01	-1.804498409412e-01
-4.278938219075e-02	9.822640694083e-01	-1.825551059848e-01
-3.849190192090e-01	8.976188589587e-01	-2.147503962580e-01
-7.211882978834e-01	5.206380679627e-01	-4.569720354510e-01
-6.898598678921e-01	1.572696349201e-02	-7.237720810388e-01
-5.397749906951e-01	-3.053248768608e-01	-7.844868889855e-01
-4.200150759222e-01	-5.155007631504e-01	-7.468910892422e-01
-4.474942629824e-01	-4.406411356229e-01	-7.781929543467e-01
-3.327375379079e-01	-1.579727498293e-01	-9.296936813695e-01
-1.028929534813e-01	-1.501832130405e-02	-9.945790517345e-01
5.373559473092e-02	-1.685342392063e-02	-9.984129646399e-01
3.154567771951e-01	-1.451309547207e-01	-9.377761074497e-01
4.163879921242e-01	-3.671670238879e-01	-8.317508139967e-01
3.715412740296e-01	-5.642322902396e-01	-7.372916684349e-01
5.103851551403e-01	-3.157745908279e-01	-7.998708653276e-01
6.837215683363e-01	5.876146532700e-02	-7.273732928727e-01
7.006892265418e-01	5.263779254945e-01	-4.816231798412e-01
3.971067087122e-01	8.829164229417e-01	-2.505291440043e-01
3.607782778627e-02	9.769875753899e-01	-2.102229004558e-01
-3.389507534838e-02	9.768181714945e-01	-2.113702526497e-01
-3.722149358827e-01	8.958124752501e-01	-2.428498521560e-01
-6.993256577930e-01	5.393980361010e-01	-4.690345221866e-01
-6.705732445502e-01	3.487710016122e-02	-7.410230169015e-01
-5.205502144416e-01	-2.857498097378e-01	-8.045958740136e-01
-3.982499270211e-01	-5.044065224342e-01	-7.661403629581e-01
-4.194330595129e-01	-4.455345645500e-01	-7.909329051056e-01
-3.009360576510e-01	-1.685567489178e-01	-9.386299119460e-01
-6.519574495312e-02	-4.402936930963e-02	-9.969006617904e-01
9.554806948734e-02	-5.822614570647e-02	-9.937204246534e-01
3.396540225586e-01	-2.080482084307e-01	-9.172519217361e-01
3.950965651933e-01	-4.534032188719e-01	-7.989519543058e-01
3.106641012379e-01	-6.321386947863e-01	-7.098510313833e-01
4.512632361338e-01	-3.828854154548e-01	-8.060770746933e-01
6.328286478583e-01	-1.075962840687e-02	-7.742171096317e-01
6.825509184961e-01	4.804416667514e-01	-5.507268365617e-01
4.769546141916e-01	8.202289105588e-01	-3.158145504642e-01
1.809270769848e-01	9.447051760652e-01	-2.734913584179e-01

Hair-24
-4.580909711314e-02	9.989445652746e-01	-3.358888220406e-03
-8.326946277303e-03	9.999653224199e-01	1.261877062120e-04
-3.212996795089e-02	9.994836933917e-01	1.086443067592e-04
-1.092545908737e-02	9.999403138512e-01	5.548867199956e-05
-3.090587410694e-02	9.995222605966e-01	2.784197864081e-04
-9.318308620890e-03	9.999565820036e-01	5.685123284499e-05
-2.941005343836e-02	9.995673864232e-01	-2.979193506016e-04
-2.061598574860e-03	9.999978690534e-01	1.081663183403e-04
-2.544333663400e-02	9.996761336977e-01	-5.141362362957e-04
2.336770181098e-03	9.999972643842e-01	1.035818098393e-04
-2.099983247405e-02	9.997794788768e-01	-2.555361045770e-05
2.986290980231e-04	9.999999455214e-01	1.406334957869e-04
-2.428042967840e-02	9.997051343282e-01	3.242412798691e-04
-5.331685356361e-03	9.999857742521e-01	1.562842952465e-04
-2.982702891498e-02	9.995550750708e-01	-1.569599419983e-05

Hair-25
9.990970886578e-01	-4.248457580021e-02	2.612557433635e-04
9.999281161154e-01	-1.195570119679e-02	-9.076402183290e-04
9.989541527197e-01	-4.572287403215e-02	1.398363968086e-04
9.999972432078e-01	-1.991729435555e-03	-1.243619952791e-03
9.994774282092e-01	-3.232356351643e-02	-2.402956878249e-04
9.998461019937e-01	-1.751882566410e-02	9.290184875436e-04
9.998399823302e-01	-1.788881480564e-02	-6.221868631251e-06

Hair-26
9.979060344475e-01	6.468000972006e-02	2.067749692511e-04
9.988184754001e-01	4.859580607028e-02	-3.175403138846e-04
9.986765210121e-01	5.143075325571e-02	-2.898252417525e-04
9.993335304266e-01	3.650309431353e-02	-1.380965772081e-04
9.993002369629e-01	3.740351944584e-02	-1.146254897328e-04
9.993822113460e-01	3.512140146257e-02	-1.297229528607e-03
9.997126519891e-01	2.397066944479e-02	1.430357767838e-04

