Hair-0
-1.857245213180e-02	5.152382627859e-01	8.568457250773e-01
-3.171410089224e-02	5.585113198079e-01	8.288904158277e-01
-6.875671230565e-02	4.552563299403e-01	8.877016326234e-01
2.691744975167e-02	4.891763858078e-01	8.717694158818e-01
-4.668212467581e-03	4.838427710514e-01	8.751424916513e-01
-6.106355737827e-02	5.186808047351e-01	8.527845359524e-01
2.538763842954e-02	5.843153643603e-01	8.111294735044e-01
9.384890736818e-02	5.797569343764e-01	8.093665916185e-01

Hair-1
7.108342813179e-02	5.745740500065e-01	-8.153599250050e-01
-4.770948655015e-02	8.022332939432e-01	-5.951012913632e-01
-7.989438382379e-02	6.114201107482e-01	-7.872625582397e-01
-1.266555947956e-02	5.427906447680e-01	-8.397725284596e-01
5.258413137444e-02	5.519789063618e-01	-8.321984114736e-01
5.235673658936e-02	5.931879128303e-01	-8.033597402196e-01
4.912742677334e-02	7.978140870176e-01	-6.008986424472e-01
-3.614554100023e-02	5.834709196778e-01	-8.113292708612e-01

Hair-2
-2.716138525057e-02	5.342342124252e-01	8.449000328001e-01
2.025932090192e-03	6.712423702097e-01	7.412351691834e-01
4.779636245555e-02	5.232208580954e-01	8.508557112637e-01
3.768317351892e-02	4.863606085468e-01	8.729452084109e-01
-2.551199329449e-03	4.855159675599e-01	8.742240768970e-01
-2.978776928379e-02	5.053200220164e-01	8.624177434112e-01
8.778192229936e-03	5.912334701834e-01	8.064526812381e-01
1.011139727517e-01	6.135312484124e-01	7.831700784222e-01

Hair-3
4.621737478406e-02	5.810401598413e-01	-8.125615588494e-01
-2.981572952644e-02	8.054926450736e-01	-5.918552365276e-01
-8.889609386144e-02	6.142063007928e-01	-7.841225060937e-01
-7.786437843796e-02	5.528288734521e-01	-8.296489469939e-01
2.761077676513e-02	5.457102832588e-01	-8.375189142652e-01
2.089639645002e-02	5.819147176274e-01	-8.129813048429e-01
6.012932320550e-02	7.930373865829e-01	-6.061981260055e-01
-5.211529306465e-02	5.824686211819e-01	-8.111808069520e-01

Hair-4
-2.651314977196e-02	5.314532342878e-01	8.466726124389e-01
-1.850894227399e-03	6.708919779692e-01	7.415527817271e-01
3.736492583665e-02	5.169129219165e-01	8.552221310706e-01
3.396001616873e-02	4.859886176545e-01	8.733050903390e-01
-4.593524392195e-03	4.849872112233e-01	8.745091791877e-01
-3.464964506078e-02	5.092655287721e-01	8.599116369149e-01
7.290171473494e-03	5.932290215321e-01	8.050007337959e-01
1.013809563898e-01	6.135623034978e-01	7.831112318234e-01

Hair-5
6.337363923306e-02	5.615622421728e-01	-8.250040181819e-01
-5.807778800782e-02	7.854409190583e-01	-6.162057555792e-01
-6.430766527836e-02	6.061714803625e-01	-7.927298786986e-01
-5.745180494284e-02	5.472170250795e-01	-8.350166570625e-01
2.601050003118e-02	5.453521869621e-01	-8.378033456986e-01
2.071465364390e-02	5.861510960168e-01	-8.099369085075e-01
7.745289884876e-02	7.695037459161e-01	-6.339282557838e-01
-7.597515600804e-02	5.510741453955e-01	-8.309904102612e-01

Hair-6
-2.762663000018e-02	5.217593709636e-01	8.526452533888e-01
-9.858004545412e-03	6.653816504546e-01	7.464382620048e-01
2.555147795590e-02	5.075686540059e-01	8.612323632127e-01
4.919543936660e-02	4.902377824365e-01	8.701992446660e-01
-2.388326027771e-02	4.885053068222e-01	8.722340024816e-01
-3.233574176480e-02	5.068028439408e-01	8.614553251203e-01
6.419630239102e-03	5.826193789287e-01	8.127197842087e-01
1.039574223213e-01	6.095675350790e-01	7.858882073947e-01

Hair-7
8.105746192582e-02	5.473437512493e-01	-8.329732923896e-01
-6.590341600974e-02	7.637103965779e-01	-6.421862423916e-01
-5.344604374913e-02	6.078441942327e-01	-7.922556127572e-01
-1.738087306900e-02	5.413319301997e-01	-8.406293158091e-01
4.261374880997e-02	5.465384109446e-01	-8.363491099861e-01
3.141392361077e-02	5.903136401482e-01	-8.065624412644e-01
7.371884360606e-02	7.550126543382e-01	-6.515530860080e-01
-6.934764380887e-02	5.389681310548e-01	-8.394666509192e-01

Hair-8
-2.353688265776e-02	5.194133609095e-01	8.541989087229e-01
-1.588350108288e-02	6.639240990018e-01	7.476312628282e-01
1.966663308287e-02	5.016663745858e-01	8.648375987161e-01
4.906540994293e-02	4.912956041173e-01	8.696098061327e-01
-2.583523580092e-02	4.882218729729e-01	8.723370583335e-01
-3.621021203576e-02	5.100773452338e-01	8.593660002720e-01
1.184535862015e-02	5.859630609243e-01	8.102511824807e-01
1.053612226690e-01	6.074606757552e-01	7.873312772707e-01

Hair-9
7.034697630142e-02	5.691413758657e-01	-8.192248758448e-01
-6.405227540530e-02	7.882821232501e-01	-6.119710778949e-01
-6.348481851108e-02	6.115783700059e-01	-7.886327251386e-01
-5.737407394410e-02	5.506652698952e-01	-8.327520496344e-01
5.102972103325e-02	5.487748478001e-01	-8.344112499201e-01
4.163335852191e-02	5.954760070646e-01	-8.022935799747e-01
5.117910036602e-02	7.918247864702e-01	-6.086002031032e-01
-4.181300698846e-02	5.736690276429e-01	-8.180192657694e-01

Hair-10
-2.700553250804e-02	5.192117130505e-01	8.542188819296e-01
-2.051865706524e-02	6.635470860387e-01	7.478530934093e-01
2.671529247973e-02	5.089076954473e-01	8.604064450376e-01
5.726550327779e-02	4.947233214909e-01	8.671617480651e-01
-5.340258203097e-03	4.843928369367e-01	8.748343049782e-01
-5.256810986189e-02	5.158664817124e-01	8.550545987662e-01
9.896684328110e-03	5.638420787387e-01	8.258233260710e-01
1.018998915698e-01	6.100517166439e-01	7.857819768345e-01

Hair-11
4.458391313652e-02	5.748198035774e-01	-8.170645434142e-01
-4.319721299132e-02	7.966996880506e-01	-6.028296673604e-01
-6.838902665506e-02	6.100030381138e-01	-7.894423566829e-01
-8.303457577892e-02	5.551205009768e-01	-8.276149398244e-01
4.738025502581e-02	5.494743423526e-01	-8.341660856987e-01
3.516107728649e-02	5.940745115293e-01	-8.036411969252e-01
6.010871865017e-02	7.889173741277e-01	-6.115523842990e-01
-5.801421704835e-02	5.764260842529e-01	-8.150873082150e-01

Hair-12
-2.426391318990e-02	5.253305789302e-01	8.505522002544e-01
-1.447641806757e-02	6.688487685838e-01	7.432575314679e-01
3.028077741296e-02	5.143204637142e-01	8.570633203702e-01
4.004047649249e-02	4.891803210773e-01	8.712630909851e-01
-1.878297620134e-02	4.859945020391e-01	8.737600035438e-01
-5.828897732344e-02	5.133409625543e-01	8.562029264645e-01
2.782220052372e-03	5.844797378414e-01	8.114035341952e-01
9.985801446804e-02	6.143425544089e-01	7.826950892837e-01

Hair-13
3.812593787675e-02	5.596383157734e-01	-8.278595100494e-01
-4.906364634838e-02	7.782879069076e-01	-6.259877734975e-01
-4.927693085899e-02	5.924891320304e-01	-8.040699052389e-01
-6.112366305625e-02	5.490459035673e-01	-8.335541335693e-01
2.769181082884e-02	5.443341780965e-01	-8.384112750727e-01
3.049404760856e-02	5.921173494805e-01	-8.052745851600e-01
5.841291213857e-02	7.774671056703e-01	-6.262051032178e-01
-7.620292582115e-02	5.417651827008e-01	-8.370684565252e-01

Hair-14
-2.352672655970e-02	5.156581469228e-01	8.564713472437e-01
-2.237022934716e-02	6.581169401412e-01	7.525833282355e-01
1.023206612447e-01	5.714411525791e-01	8.142392101966e-01
1.462921066961e-01	5.001723898515e-01	8.534788807865e-01
7.958303066715e-02	4.744547103434e-01	8.766751217314e-01
1.039264388932e-01	4.686015144171e-01	8.772752794790e-01
2.498898449589e-01	4.376055467502e-01	8.637455938180e-01
1.997470274482e-01	4.607736050894e-01	8.647478302248e-01

Hair-15
3.149319590212e-02	4.634529591498e-01	-8.855617049462e-01
-3.063419684761e-02	7.054914112955e-01	-7.080560815160e-01
8.383920416842e-03	6.161547920126e-01	-7.875804607520e-01
-5.992364160253e-02	5.630539169492e-01	-8.242447717670e-01

Hair-16
-8.592860248788e-02	9.962965287319e-01	-3.082549474150e-03
-4.866613096046e-01	8.723862817440e-01	-4.585788000764e-02
-8.128320239285e-01	5.431582128427e-01	-2.104358731246e-01
-8.433447518215e-01	3.688686312176e-02	-5.361053897362e-01

Hair-17
-2.376863525188e-02	9.993425950516e-01	2.737571357613e-02
-4.793220814942e-01	8.763719394299e-01	-4.714409795461e-02
-8.292829179954e-01	4.410177856247e-01	-3.432100736920e-01
-7.896345886691e-01	-9.345760284681e-02	-6.064180842023e-01
-6.338180440024e-01	-4.092230906828e-01	-6.563620564513e-01
-5.375833026581e-01	-5.850593908140e-01	-6.072147082569e-01
-6.074937788040e-01	-4.357894383305e-01	-6.641075772449e-01
-4.866056928310e-01	-3.646844368925e-02	-8.728602135046e-01
-1.341393172708e-01	1.565201593350e-01	-9.785234198954e-01
9.943939477054e-02	1.568216325349e-01	-9.826081529973e-01
4.696120585119e-01	-2.754934466985e-02	-8.824429432595e-01
5.781153335180e-01	-3.498848605609e-01	-7.371317694291e-01
5.184616883118e-01	-5.779018531187e-01	-6.302594116035e-01
6.301816015430e-01	-3.846181569325e-01	-6.744924183670e-01
8.018060606186e-01	2.281872072495e-03	-5.975799814378e-01
8.076321163384e-01	4.871077299001e-01	-3.323498520087e-01
4.386613764404e-01	8.960010054243e-01	-6.898112131588e-02
4.773670232393e-02	9.984392190192e-01	-2.898850074671e-02
-2.342268800126e-02	9.992812007739e-01	-2.980703719992e-02
-3.839121389797e-01	9.217126200944e-01	-5.529299686888e-02
-8.044717166287e-01	5.022296710743e-01	-3.171602349557e-01
-7.939910937636e-01	-1.266860974151e-02	-6.077973752421e-01
-6.526901297693e-01	-3.308342830045e-01	-6.815748467268e-01
-5.478091580118e-01	-5.153759125556e-01	-6.590089492229e-01
-5.790507540892e-01	-3.990183388107e-01	-7.109743943923e-01
-4.554933185919e-01	-4.942422194294e-02	-8.888661783438e-01
-1.211469345113e-01	1.317407837427e-01	-9.838535389769e-01
8.841489113551e-02	1.284589713746e-01	-9.877657109350e-01
4.384294138056e-01	-4.399836300918e-02	-8.976880266343e-01
5.503977895640e-01	-3.456242593666e-01	-7.600040424763e-01
4.993221414739e-01	-5.712811236651e-01	-6.513948700887e-01
6.159086754458e-01	-3.679341078702e-01	-6.966211278567e-01
7.858080834432e-01	1.919789613480e-02	-6.181723843551e-01
7.893854740186e-01	5.027773465638e-01	-3.522577368785e-01
4.295011644627e-01	8.977430227055e-01	-9.790921769047e-02
5.478575913588e-02	9.966483667713e-01	-6.074992681533e-02
-1.881500518857e-02	9.980195879463e-01	-6.002414227064e-02
-3.776822184807e-01	9.221232485529e-01	-8.393364237190e-02
-7.873072732186e-01	5.140833385283e-01	-3.403903326838e-01
-7.766501242473e-01	7.963938910205e-04	-6.299317028563e-01
-6.347426187413e-01	-3.187256230869e-01	-7.039288210759e-01
-5.267762817366e-01	-5.096698280663e-01	-6.802524644267e-01
-5.526241151242e-01	-4.014389089506e-01	-7.303789357339e-01
-4.259424670376e-01	-6.806504803457e-02	-9.021863244419e-01
-1.069991142049e-01	1.045451865342e-01	-9.887474366753e-01
8.962966620664e-02	9.963231864659e-02	-9.909792752711e-01
4.215736813399e-01	-6.913269660859e-02	-9.041550207023e-01
5.241251307394e-01	-3.525750061024e-01	-7.752313928107e-01
4.713581424198e-01	-5.752130770422e-01	-6.685442525175e-01
5.930687272353e-01	-3.639668789673e-01	-7.181905010443e-01
7.656956715151e-01	2.187890731724e-02	-6.428308113630e-01
7.739293880010e-01	5.060797037347e-01	-3.806791770720e-01
4.263547922931e-01	8.949748740991e-01	-1.313071430653e-01
5.723549358560e-02	9.941296489178e-01	-9.181687980176e-02
-2.012669102220e-02	9.957328661252e-01	-9.006095506159e-02
-3.736361097958e-01	9.209127965662e-01	-1.109760270390e-01
-7.695785741058e-01	5.235632797199e-01	-3.655547980894e-01
-7.572505206752e-01	1.066518047869e-02	-6.530374436910e-01
-6.145139238154e-01	-3.092715430237e-01	-7.257573631130e-01
-5.053756143944e-01	-5.045352166164e-01	-7.000283591179e-01
-5.246784407905e-01	-3.998403343448e-01	-7.515585411668e-01
-3.962826760910e-01	-8.649044602181e-02	-9.140456462218e-01
-9.617122436317e-02	7.539026033966e-02	-9.925056192538e-01
9.403740993810e-02	6.995101776087e-02	-9.931081616049e-01
4.053833516218e-01	-9.462012651792e-02	-9.092366962929e-01
4.964718358519e-01	-3.611259595066e-01	-7.893692149915e-01
4.384821098146e-01	-5.850853464326e-01	-6.822086020876e-01
5.647713257851e-01	-3.666022514630e-01	-7.393484555967e-01
7.426957199740e-01	1.739849438305e-02	-6.694029876879e-01
7.589452742383e-01	5.036225598308e-01	-4.127546340635e-01
4.213784810599e-01	8.923519188176e-01	-1.617041393479e-01
5.724973808730e-02	9.908230378964e-01	-1.224425377989e-01
-2.311128766323e-02	9.925027418891e-01	-1.200173975937e-01
-3.798506701813e-01	9.132651864968e-01	-1.471739361970e-01
-7.543631665931e-01	5.241198746602e-01	-3.952651893017e-01
-7.350588411525e-01	1.113439776839e-02	-6.779118860367e-01
-5.888085578569e-01	-3.098628174574e-01	-7.465182627048e-01
-4.781393597972e-01	-5.085386406200e-01	-7.160804449286e-01
-4.984211379461e-01	-4.148860664419e-01	-7.612134530609e-01
-3.732551434579e-01	-1.073473614788e-01	-9.214972283549e-01
-8.805848773792e-02	4.575833901285e-02	-9.950637553183e-01
9.043578292163e-02	3.944849252680e-02	-9.951206889643e-01
3.854501934202e-01	-1.148446354112e-01	-9.155538532001e-01
4.695754489980e-01	-3.557282519439e-01	-8.080571195573e-01
4.269494916937e-01	-5.618986960885e-01	-7.085082828567e-01
5.582565151113e-01	-3.303090176276e-01	-7.610818722120e-01
7.303814964066e-01	5.542201330770e-02	-6.807872429384e-01
7.344658474645e-01	5.348519583454e-01	-4.177239537808e-01
3.923542848656e-01	9.014658888621e-01	-1.828041749135e-01
3.701132262169e-02	9.876371550188e-01	-1.523253492504e-01
-4.096407945709e-02	9.875877881286e-01	-1.516321368755e-01
-3.816477387156e-01	9.064288704149e-01	-1.809190603880e-01
-7.367252126601e-01	5.304763108077e-01	-4.193218867442e-01
-7.146793616069e-01	2.003271014574e-02	-6.991652884815e-01
-5.679553952076e-01	-3.016407182605e-01	-7.657934095707e-01
-4.506343466160e-01	-5.095190224508e-01	-7.330204986293e-01
-4.726702394734e-01	-4.320530811762e-01	-7.680579273482e-01
-3.588879219432e-01	-1.327152673089e-01	-9.238972439111e-01
-8.850542614115e-02	1.338883698639e-02	-9.959857070198e-01
7.759083194114e-02	1.110480011166e-02	-9.969234404974e-01
3.624974456153e-01	-1.352850605677e-01	-9.221136341631e-01
4.438020079574e-01	-3.681615591619e-01	-8.170048005296e-01
3.996669301416e-01	-5.615631462894e-01	-7.245089217399e-01
5.376105970280e-01	-3.212115377050e-01	-7.796140032146e-01
7.100845236937e-01	6.530908248153e-02	-7.010810887167e-01
7.158883625094e-01	5.414209591757e-01	-4.408709532153e-01
3.817128244209e-01	8.994332409091e-01	-2.128735888276e-01
2.880388946552e-02	9.828398042095e-01	-1.821983951992e-01
-4.285126296832e-02	9.824017588423e-01	-1.817981118869e-01
-3.777153227998e-01	9.014533108297e-01	-2.114546365452e-01
-7.185367864988e-01	5.343556500428e-01	-4.451616849139e-01
-6.922444604647e-01	2.511275561905e-02	-7.212260092794e-01
-5.442224443687e-01	-2.965455537386e-01	-7.847819223219e-01
-4.222320519522e-01	-5.110405478528e-01	-7.487039820614e-01
-4.453851895010e-01	-4.465918891062e-01	-7.760075499360e-01
-3.386972630906e-01	-1.548616679549e-01	-9.280635903715e-01
-8.176225281742e-02	-1.824781009040e-02	-9.964847973959e-01
7.318244027033e-02	-1.852457138016e-02	-9.971465141549e-01
3.445127278985e-01	-1.576359988867e-01	-9.254522527775e-01
4.171671371485e-01	-3.798977572244e-01	-8.256205385885e-01
3.729090497730e-01	-5.595089627495e-01	-7.401949481052e-01
5.167597910336e-01	-3.109477308157e-01	-7.976658617940e-01
6.891433067675e-01	7.638091513619e-02	-7.205882725527e-01
6.956050472095e-01	5.503280557973e-01	-4.618145182853e-01
3.660888878236e-01	8.991951355028e-01	-2.396393842842e-01
1.632932457833e-02	9.772716275656e-01	-2.113611106947e-01
-5.275496736789e-02	9.756996110170e-01	-2.126668344600e-01
-3.750590363583e-01	8.949637839910e-01	-2.415999681095e-01
-7.004568377663e-01	5.351410557122e-01	-4.722121016213e-01
-6.687542133266e-01	2.719407879389e-02	-7.429860592478e-01
-5.176448025113e-01	-2.928595623603e-01	-8.039136366347e-01
-3.916029188160e-01	-5.149657829593e-01	-7.625335378565e-01
-4.181713553709e-01	-4.660775936461e-01	-7.796822392798e-01
-3.243123187056e-01	-1.819080438856e-01	-9.282946641587e-01
-7.575239086528e-02	-4.987152929729e-02	-9.958787104079e-01
9.041403543333e-02	-5.435460785870e-02	-9.944198704779e-01
3.486826071937e-01	-1.899929755962e-01	-9.177816236255e-01
3.983173841539e-01	-4.398664988432e-01	-8.048979591701e-01
3.248706605360e-01	-5.952887913692e-01	-7.349083676168e-01
4.788581897992e-01	-3.320848730286e-01	-8.126588897981e-01
6.587704362899e-01	5.108260059194e-02	-7.506078071717e-01
6.749632740808e-01	5.389123281550e-01	-5.039822231039e-01
4.255264802750e-01	8.602809759335e-01	-2.807914831894e-01
5.855272573869e-02	9.733841768030e-01	-2.215735152451e-01

Hair-18
6.536718601504e-02	9.936529909602e-01	9.154706193155e-02
-5.296675437333e-01	8.463630749016e-01	-5.587341549094e-02
-8.262034854722e-01	4.532246983841e-01	-3.346269166822e-01
-8.017999282174e-01	-6.711521485428e-02	-5.938117740880e-01
-6.489909623395e-01	-3.890540846766e-01	-6.537948072584e-01
-5.473122022581e-01	-5.712338737884e-01	-6.116708385203e-01
-6.152064286854e-01	-4.357574070762e-01	-6.569905115619e-01
-4.921793788906e-01	-3.049444097912e-02	-8.699595094395e-01
-1.389955967661e-01	1.554841384161e-01	-9.780106884797e-01
1.082879441232e-01	1.576254129315e-01	-9.815436568771e-01
4.753940087104e-01	-4.020140491177e-02	-8.788540171868e-01
5.774670591115e-01	-3.663961120623e-01	-7.295791147687e-01
5.262470563471e-01	-5.759397053101e-01	-6.255857187735e-01
6.346845830992e-01	-3.760566260869e-01	-6.750976921545e-01
8.009162585741e-01	1.186966701237e-03	-5.987751981017e-01
8.062296295186e-01	4.887198760496e-01	-3.333866632611e-01
4.298960142307e-01	9.006024204538e-01	-6.406791101170e-02
1.912209416108e-02	9.995718178235e-01	-2.214783347994e-02
-1.107282686493e-03	9.996908083193e-01	-2.484072637877e-02
-4.023922936593e-01	9.133818261081e-01	-6.175825239627e-02
-8.089657424228e-01	4.859479448930e-01	-3.308005780536e-01
-7.892811205255e-01	-3.140539751814e-02	-6.132283537058e-01
-6.448592474988e-01	-3.447578008250e-01	-6.821280009541e-01
-5.355280185618e-01	-5.341698181917e-01	-6.541195201707e-01
-5.826034850004e-01	-4.299872910780e-01	-6.896985637050e-01
-4.594960371718e-01	-5.025627291815e-02	-8.867568431401e-01
-1.252294444783e-01	1.296440587633e-01	-9.836208640849e-01
1.197258092979e-01	1.275529458528e-01	-9.845790860018e-01
4.665206279368e-01	-6.093530725919e-02	-8.824088576384e-01
5.552914955767e-01	-3.871921176240e-01	-7.360255559354e-01
4.857704048089e-01	-5.911169071637e-01	-6.439005481260e-01
6.016474955051e-01	-3.907110346797e-01	-6.966815474318e-01
7.799943650942e-01	-5.724769578438e-03	-6.257603514402e-01
7.952788496501e-01	4.826790021276e-01	-3.668140294540e-01
4.364563442757e-01	8.938459815507e-01	-1.026899255385e-01
2.670185117902e-02	9.980653265188e-01	-5.614815352698e-02
-1.129753720181e-02	9.983119324488e-01	-5.697061684319e-02
-3.996793921219e-01	9.120116272408e-01	-9.214757343845e-02
-7.951338136936e-01	4.887992700820e-01	-3.589393986294e-01
-7.683566766352e-01	-3.048778436266e-02	-6.392953249280e-01
-6.192146013315e-01	-3.472888815399e-01	-7.042469100086e-01
-5.084649757880e-01	-5.405455150245e-01	-6.702789826511e-01
-5.575178687147e-01	-4.433122327423e-01	-7.018889444669e-01
-4.398961599869e-01	-7.460828783921e-02	-8.949441165874e-01
-1.169441142587e-01	1.016037017828e-01	-9.879275084359e-01
1.175762878306e-01	9.584659531814e-02	-9.884276638712e-01
4.525511249234e-01	-8.532955339847e-02	-8.876465212275e-01
5.291525710859e-01	-4.049414679889e-01	-7.456674620876e-01
4.500108005638e-01	-6.051022766577e-01	-6.567659508223e-01
5.723145643245e-01	-3.998830460115e-01	-7.159256867683e-01
7.566615360152e-01	-1.545255954994e-02	-6.536241567739e-01
7.825364808612e-01	4.764482767421e-01	-4.007913368709e-01
4.393179922774e-01	8.876558790761e-01	-1.380823739763e-01
2.967841032096e-02	9.956552837866e-01	-8.825954808767e-02
-2.009045492182e-02	9.958715580737e-01	-8.852238948895e-02
-3.998979849690e-01	9.082952318000e-01	-1.228062437625e-01
-7.805316951398e-01	4.889205545925e-01	-3.895214553516e-01
-7.451448381994e-01	-3.278294396213e-02	-6.660964259699e-01
-5.920744125251e-01	-3.514995487628e-01	-7.251868429947e-01
-4.811174247562e-01	-5.470866960577e-01	-6.849979347360e-01
-5.299630756603e-01	-4.558742704272e-01	-7.150648837687e-01
-4.227709341867e-01	-1.011251991688e-01	-9.005767214957e-01
-1.066111927203e-01	7.358170205671e-02	-9.915743979698e-01
1.106530126431e-01	6.645653210357e-02	-9.916347312059e-01
4.349072738207e-01	-1.106702459414e-01	-8.936485661831e-01
5.017389232066e-01	-4.202495156177e-01	-7.560743333579e-01
4.184298984950e-01	-6.153605940323e-01	-6.680177837136e-01
5.454396043138e-01	-4.015952533768e-01	-7.356744460094e-01
7.345702395333e-01	-1.782649134215e-02	-6.782984441958e-01
7.672465655292e-01	4.761024361619e-01	-4.297198831383e-01
4.358065466622e-01	8.838771995588e-01	-1.698050352213e-01
3.107574319769e-02	9.924323222075e-01	-1.187955555671e-01
-2.537663807903e-02	9.925516020130e-01	-1.191526062716e-01
-4.038494278229e-01	9.011456114578e-01	-1.576141700403e-01
-7.662986376579e-01	4.850135302712e-01	-4.213647747233e-01
-7.201942711884e-01	-3.845388225474e-02	-6.927059337749e-01
-5.627247591069e-01	-3.576281053845e-01	-7.452804731960e-01
-4.499231389394e-01	-5.557205463022e-01	-6.991021695465e-01
-5.016449222692e-01	-4.713120243336e-01	-7.254084006131e-01
-4.018506133407e-01	-1.255684487620e-01	-9.070549317617e-01
-9.708999729789e-02	4.309744680769e-02	-9.943420651382e-01
1.059281526952e-01	3.707525305360e-02	-9.936823698132e-01
4.162869755099e-01	-1.287425605603e-01	-9.000725010360e-01
4.786667306001e-01	-4.207334480378e-01	-7.706241150644e-01
3.997923602253e-01	-6.025335230404e-01	-6.907383168162e-01
5.347518726697e-01	-3.777739447545e-01	-7.558619459537e-01
7.205868533142e-01	7.147755815195e-03	-6.933278419460e-01
7.454742586439e-01	4.971696847019e-01	-4.439486843236e-01
4.156447213227e-01	8.882403077396e-01	-1.956236727577e-01
2.161769123985e-02	9.886147175498e-01	-1.489080779187e-01
-2.723505776788e-02	9.884421598301e-01	-1.491319828165e-01
-3.972431188809e-01	8.982451497275e-01	-1.880254118272e-01
-7.473393541905e-01	4.947917099376e-01	-4.434693376720e-01
-7.015172055947e-01	-2.584030130090e-02	-7.121838871270e-01
-5.442481899407e-01	-3.450285361708e-01	-7.646889674725e-01
-4.252987388380e-01	-5.511843891995e-01	-7.178556622648e-01
-4.764542890114e-01	-4.826229355352e-01	-7.348921094814e-01
-3.852302770456e-01	-1.479969817003e-01	-9.108756924273e-01
-9.696202013019e-02	1.223315845923e-02	-9.952129000804e-01
9.890890563738e-02	7.227502491161e-03	-9.950702445523e-01
3.918595770989e-01	-1.487768166698e-01	-9.079160372289e-01
4.519938318163e-01	-4.293827479677e-01	-7.818772485165e-01
3.766615912899e-01	-5.947034338031e-01	-7.102491615410e-01
5.177878408312e-01	-3.608911316232e-01	-7.756631633661e-01
7.013500655513e-01	2.376054319865e-02	-7.124208883364e-01
7.243327326547e-01	5.114496219160e-01	-4.623433536312e-01
4.032898987471e-01	8.874376210319e-01	-2.231854080039e-01
1.497908861069e-02	9.840125491603e-01	-1.774681098099e-01
-2.702378030626e-02	9.834417642263e-01	-1.791982468481e-01
-3.874745421728e-01	8.962182902297e-01	-2.160005912625e-01
-7.263703270373e-01	5.090926160213e-01	-4.617476110521e-01
-6.834059308306e-01	-7.174434893048e-03	-7.300033295743e-01
-5.268657233642e-01	-3.258794073729e-01	-7.849937078692e-01
-4.042553930901e-01	-5.405205420111e-01	-7.378449165113e-01
-4.489185074137e-01	-4.896759531568e-01	-7.474554398768e-01
-3.631090686548e-01	-1.707770364506e-01	-9.159623398818e-01
-9.733333209286e-02	-1.857266243195e-02	-9.950785288980e-01
9.126542580378e-02	-2.242831311327e-02	-9.955740016813e-01
3.679662521073e-01	-1.668688451691e-01	-9.147434754192e-01
4.237508551671e-01	-4.332570381298e-01	-7.954392193349e-01
3.500111919358e-01	-5.895961068486e-01	-7.279207349078e-01
4.983038318153e-01	-3.488635737211e-01	-7.937175178417e-01
6.806847844346e-01	3.456658837355e-02	-7.317604629983e-01
7.043668345937e-01	5.191694139327e-01	-4.840769380598e-01
3.911905979664e-01	8.848799041330e-01	-2.528981441692e-01
-1.738570754290e-03	9.787600854933e-01	-2.050016400346e-01
-3.662855638630e-02	9.771206191828e-01	-2.095081010960e-01
-3.749826406824e-01	8.957966702413e-01	-2.386133792800e-01
-7.020258237989e-01	5.280682399566e-01	-4.778113400376e-01
-6.640448160290e-01	1.567240179136e-02	-7.475284998762e-01
-5.164327617543e-01	-2.934198458444e-01	-8.044886553901e-01
-3.908965959170e-01	-5.223907076750e-01	-7.578309836866e-01
-4.174907441317e-01	-4.939878131836e-01	-7.626778605614e-01
-3.411071985116e-01	-1.996019293100e-01	-9.185885634708e-01
-9.133427104522e-02	-5.191967404117e-02	-9.944658859811e-01
7.833706211741e-02	-5.184779924088e-02	-9.955777771790e-01
3.406015732030e-01	-1.794100025508e-01	-9.229315355520e-01
4.076450288512e-01	-4.308472693846e-01	-8.051063041095e-01
3.377643862725e-01	-5.807038811215e-01	-7.407416700959e-01
4.911695716617e-01	-3.117705581170e-01	-8.133582058141e-01
6.663205848846e-01	7.529629775591e-02	-7.418539921732e-01
6.752077870850e-01	5.485504862654e-01	-4.931397451817e-01
4.180690613895e-01	8.602968542786e-01	-2.917320387399e-01
-5.362036585122e-02	9.958421062937e-01	-7.364343622121e-02

Hair-19
-5.481901985287e-02	9.981101048914e-01	2.776857173267e-02
-5.249276785403e-01	8.496682788420e-01	-5.014726544927e-02
-8.247420331426e-01	4.346977689802e-01	-3.617159498992e-01
-7.870718747817e-01	-1.131755062447e-01	-6.063902775556e-01
-6.238392600551e-01	-4.247492309231e-01	-6.560584337116e-01
-5.327140800797e-01	-5.958668707697e-01	-6.009645423849e-01
-6.054291543163e-01	-4.356761634225e-01	-6.660644261100e-01
-4.800501165475e-01	-3.225612889724e-02	-8.766478356508e-01
-1.310341822171e-01	1.527791282654e-01	-9.795348799594e-01
1.118096696150e-01	1.556092510729e-01	-9.814705083501e-01
4.767345110495e-01	-2.710406414817e-02	-8.786293733316e-01
5.794134371828e-01	-3.485282878709e-01	-7.367551162807e-01
5.201492476435e-01	-5.735334005738e-01	-6.328540104970e-01
6.329537605184e-01	-3.795127328847e-01	-6.747885762400e-01
8.040983711426e-01	8.795037208697e-03	-5.944312044689e-01
8.066384320038e-01	4.917193423808e-01	-3.279428735968e-01
4.364966471593e-01	8.969588907396e-01	-7.025258245721e-02
4.794126827542e-02	9.984074063260e-01	-2.973694317851e-02
-2.301883715920e-02	9.993157037956e-01	-2.895267316515e-02
-3.892242499223e-01	9.194298378387e-01	-5.615386508811e-02
-8.065947653953e-01	4.946266193017e-01	-3.236501072378e-01
-7.924543144208e-01	-2.030318529757e-02	-6.095932580194e-01
-6.471053285223e-01	-3.415060759946e-01	-6.816364821933e-01
-5.434180050232e-01	-5.237858622556e-01	-6.560070444117e-01
-5.804559726010e-01	-4.026282072160e-01	-7.077862605518e-01
-4.561037813957e-01	-4.673041340876e-02	-8.886988292212e-01
-1.279292287753e-01	1.227548063288e-01	-9.841571876220e-01
9.687747036463e-02	1.257007749547e-01	-9.873267295640e-01
4.391173145316e-01	-4.056944214040e-02	-8.975132892849e-01
5.511088552561e-01	-3.419699300602e-01	-7.611409833881e-01
4.977748002137e-01	-5.710926120974e-01	-6.527430403153e-01
6.146199235493e-01	-3.692532083726e-01	-6.970612725456e-01
7.860319364917e-01	1.786227854121e-02	-6.179277739513e-01
7.909112266101e-01	4.978905347267e-01	-3.557589732552e-01
4.316560892067e-01	8.964610182503e-01	-1.001531996914e-01
4.885268412908e-02	9.969821812687e-01	-6.033196073470e-02
-1.277541573343e-02	9.982468217170e-01	-5.779335329233e-02
-3.818484129498e-01	9.202253567018e-01	-8.588994359505e-02
-7.912638111667e-01	5.014985534179e-01	-3.498582313706e-01
-7.739401551521e-01	-1.021116661285e-02	-6.331764116891e-01
-6.284173178329e-01	-3.321464039898e-01	-7.033992045519e-01
-5.212643591089e-01	-5.203065788570e-01	-6.764351646099e-01
-5.537149246884e-01	-4.073876658283e-01	-7.262472525995e-01
-4.315956944091e-01	-6.713351953962e-02	-8.995655880044e-01
-1.188882123210e-01	9.639192574881e-02	-9.882176833176e-01
9.362974429779e-02	9.655091960568e-02	-9.909144215855e-01
4.223644961066e-01	-6.587869786108e-02	-9.040288875897e-01
5.239820343801e-01	-3.490245900610e-01	-7.769328562879e-01
4.727695740203e-01	-5.717384962072e-01	-6.705251835952e-01
5.945079114549e-01	-3.612977549163e-01	-7.183482967961e-01
7.669826879852e-01	2.667797189332e-02	-6.411129714385e-01
7.743035898617e-01	5.046211505541e-01	-3.818526484663e-01
4.220409663174e-01	8.973519258772e-01	-1.289997824586e-01
4.215985415513e-02	9.950117359735e-01	-9.041123808811e-02
-2.069026377915e-02	9.958361402502e-01	-8.878228852882e-02
-3.865550443298e-01	9.145561013219e-01	-1.190056101113e-01
-7.786644126745e-01	4.940433809411e-01	-3.867853024387e-01
-7.496193958118e-01	-1.927767122728e-02	-6.615883409000e-01
-5.981903297867e-01	-3.412836152573e-01	-7.250474627958e-01
-4.894314639059e-01	-5.331164920802e-01	-6.901040849111e-01
-5.259248251402e-01	-4.229041217344e-01	-7.379398228320e-01
-4.121990714897e-01	-9.255593722323e-02	-9.063803417704e-01
-1.117484950879e-01	7.091800387367e-02	-9.912027595665e-01
8.886726298332e-02	6.758400061636e-02	-9.937479622271e-01
4.070838261679e-01	-9.296273237721e-02	-9.086477253928e-01
4.952730401360e-01	-3.628029361423e-01	-7.893533082473e-01
4.352662966126e-01	-5.879116654596e-01	-6.818380486960e-01
5.626884239529e-01	-3.716750153334e-01	-7.384032912483e-01
7.415545430274e-01	1.235082259711e-02	-6.707788882312e-01
7.603655038495e-01	4.956480334419e-01	-4.197348299829e-01
4.276799893494e-01	8.889727894295e-01	-1.637595993036e-01
4.993585718249e-02	9.913698535250e-01	-1.212114833228e-01
-1.414906877953e-02	9.928203404620e-01	-1.187753148495e-01
-3.779067579992e-01	9.140369826804e-01	-1.473868262469e-01
-7.591388638491e-01	5.087589533538e-01	-4.060449639833e-01
-7.298613462098e-01	-8.034541873066e-03	-6.835479949833e-01
-5.794652393484e-01	-3.282275282223e-01	-7.459803791683e-01
-4.687831625306e-01	-5.233209653336e-01	-7.116020754397e-01
-4.986899206250e-01	-4.186760997729e-01	-7.589589491837e-01
-3.699515344658e-01	-1.047755342513e-01	-9.231240163536e-01
-7.628606940904e-02	4.779169662079e-02	-9.959399526820e-01
1.079067560165e-01	3.141423678153e-02	-9.936645700303e-01
4.048891415413e-01	-1.209316019385e-01	-9.063334544827e-01
4.707114169289e-01	-3.775649282556e-01	-7.974180126660e-01
4.121891464872e-01	-5.824270010822e-01	-7.006275015503e-01
5.468039890450e-01	-3.568085030142e-01	-7.574253030769e-01
7.257608868117e-01	3.171451466468e-02	-6.872156319045e-01
7.400425816582e-01	5.102350173170e-01	-4.381748560064e-01
4.049518545526e-01	8.943552626791e-01	-1.901122289929e-01
3.846353722921e-02	9.876877106359e-01	-1.516362178462e-01
-2.384964522266e-02	9.884436008191e-01	-1.497011770913e-01
-3.734038451988e-01	9.106102397700e-01	-1.770834820551e-01
-7.383308320766e-01	5.240609951391e-01	-4.245322788420e-01
-7.136476503981e-01	1.420709531764e-02	-7.003607566989e-01
-5.643909683316e-01	-3.090680533419e-01	-7.654670295115e-01
-4.469817498049e-01	-5.139541718607e-01	-7.321601085612e-01
-4.727245253095e-01	-4.332045876419e-01	-7.673755980072e-01
-3.585179962678e-01	-1.299637593422e-01	-9.244318620698e-01
-8.977937808045e-02	1.177572156894e-02	-9.958920602420e-01
9.076242427707e-02	4.284034073641e-03	-9.958633587955e-01
3.726829827286e-01	-1.364648553310e-01	-9.178696735615e-01
4.450846625693e-01	-3.780402329859e-01	-8.117790496124e-01
3.961208525118e-01	-5.660400621760e-01	-7.229708972131e-01
5.348735186408e-01	-3.298188966095e-01	-7.779009027479e-01
7.095225694117e-01	5.978268145194e-02	-7.021422608658e-01
7.172702389276e-01	5.315425446586e-01	-4.505395960031e-01
3.840219751189e-01	8.983544764099e-01	-2.132753087914e-01
2.057658467405e-02	9.835551474836e-01	-1.794320930650e-01
-3.140289742540e-02	9.830141320885e-01	-1.808233230191e-01
-3.721489678727e-01	9.041486666878e-01	-2.098102338735e-01
-7.187283223504e-01	5.313644335964e-01	-4.484210491939e-01
-6.938289764162e-01	2.616489362042e-02	-7.196643313567e-01
-5.438073973746e-01	-2.979613002000e-01	-7.845333505618e-01
-4.218494360385e-01	-5.095206089357e-01	-7.499545335444e-01
-4.457302427631e-01	-4.441182483370e-01	-7.772281082028e-01
-3.413394402642e-01	-1.529695757835e-01	-9.274091305377e-01
-9.445466687654e-02	-2.151735233439e-02	-9.952965987352e-01
8.136579568751e-02	-2.540437435928e-02	-9.963604895095e-01
3.454921716967e-01	-1.552160759155e-01	-9.254961529222e-01
4.173498421509e-01	-3.828393162890e-01	-8.241681667961e-01
3.708733587642e-01	-5.621847946690e-01	-7.391895618865e-01
5.144905178149e-01	-3.171429811553e-01	-7.966930629687e-01
6.893880834506e-01	7.274323798620e-02	-7.207305264269e-01
6.963938393206e-01	5.372116132347e-01	-4.758563892206e-01
3.787763306808e-01	8.926908365231e-01	-2.441957446469e-01
2.353288531203e-02	9.774199736191e-01	-2.099914247758e-01
-3.701851302669e-02	9.766561124708e-01	-2.115950558655e-01
-3.668769748370e-01	8.986788368678e-01	-2.403697849156e-01
-6.981280770876e-01	5.425775487122e-01	-4.671475052010e-01
-6.728762987692e-01	3.743858669107e-02	-7.388070375824e-01
-5.225267497587e-01	-2.849724486543e-01	-8.035897580822e-01
-3.962774800343e-01	-5.060686519533e-01	-7.660670194753e-01
-4.185816832533e-01	-4.600383672382e-01	-7.830415538869e-01
-3.289423492761e-01	-1.810493766172e-01	-9.268322685790e-01
-8.336751453669e-02	-4.892504603624e-02	-9.953171340785e-01
9.966879866128e-02	-6.479346607384e-02	-9.929088262915e-01
3.389002009325e-01	-1.848528714092e-01	-9.224836419903e-01
3.960318832153e-01	-4.439148987757e-01	-8.038024073875e-01
3.194327353070e-01	-6.101832852574e-01	-7.250097144223e-01
4.679499050059e-01	-3.503008109988e-01	-8.113644238063e-01
6.576111879857e-01	3.105888868440e-02	-7.527169925475e-01
6.703374833725e-01	5.265378082749e-01	-5.228820085286e-01
4.787273584331e-01	8.239871728288e-01	-3.030928163141e-01
7.415364486075e-02	9.755836450670e-01	-2.067311984963e-01

Hair-20
-2.523896534166e-02	9.994027466949e-01	2.360390915045e-02
-5.399027883140e-01	8.383506839346e-01	-7.532004990156e-02
-8.242428093853e-01	4.798174375390e-01	-3.006642942058e-01
-8.005169296587e-01	-5.982082513147e-02	-5.963171255384e-01
-6.551511306652e-01	-3.679622759477e-01	-6.598338877835e-01
-5.553113659537e-01	-5.479377419339e-01	-6.256145121454e-01
-6.051658572510e-01	-4.042431807080e-01	-6.858292324397e-01
-4.734522451966e-01	-2.941911189068e-02	-8.803280566777e-01
-1.389893021203e-01	1.551939890558e-01	-9.780576668362e-01
1.181450175334e-01	1.582721350444e-01	-9.803018341820e-01
4.679303173297e-01	-2.825497326810e-02	-8.833135766020e-01
5.750840111929e-01	-3.312078001835e-01	-7.480506487985e-01
5.438833639193e-01	-5.452311925686e-01	-6.378979801677e-01
6.490968942096e-01	-3.478446103466e-01	-6.765185503593e-01
8.110296618264e-01	3.745037191139e-02	-5.838050678792e-01
7.990833497799e-01	5.188178986335e-01	-3.037989271904e-01
4.339540447580e-01	8.982447666937e-01	-6.957173381144e-02
5.420481840477e-02	9.980710385367e-01	-3.026614768902e-02
-2.582833864543e-02	9.992166256473e-01	-2.998386153830e-02
-3.875081709705e-01	9.202147432055e-01	-5.515653921681e-02
-7.941097700656e-01	5.318021343383e-01	-2.942382758914e-01
-8.031366791906e-01	2.088223791100e-02	-5.954287586928e-01
-6.707869388950e-01	-2.955027669838e-01	-6.802374565641e-01
-5.664110099548e-01	-4.799411830894e-01	-6.699515121087e-01
-5.766099350140e-01	-3.778547260245e-01	-7.243940839517e-01
-4.407248418165e-01	-4.085946197074e-02	-8.967118367532e-01
-1.356014992159e-01	1.238679093237e-01	-9.829898140114e-01
1.136242441125e-01	1.290265241395e-01	-9.851099873711e-01
4.318986168856e-01	-4.479674085305e-02	-9.008089901534e-01
5.485843476813e-01	-3.233182116738e-01	-7.710515854851e-01
5.213191900596e-01	-5.426245903259e-01	-6.586234554350e-01
6.319900581947e-01	-3.362074696623e-01	-6.982500294925e-01
7.941217419373e-01	5.029545515505e-02	-6.056740263321e-01
7.829151567417e-01	5.294727886546e-01	-3.266533689073e-01
4.293275169009e-01	8.974828326043e-01	-1.010071701039e-01
5.532794950417e-02	9.966069684134e-01	-6.093741472679e-02
-1.866582051842e-02	9.980516384799e-01	-5.953582175452e-02
-3.815615687727e-01	9.204022775191e-01	-8.526673896329e-02
-7.795498473983e-01	5.394348075863e-01	-3.182956546760e-01
-7.846396852361e-01	3.362875745797e-02	-6.190393129879e-01
-6.520371075854e-01	-2.841753062389e-01	-7.029167843036e-01
-5.453144126596e-01	-4.742740254868e-01	-6.911558001596e-01
-5.499661632647e-01	-3.780188851341e-01	-7.447408554295e-01
-4.073151221353e-01	-5.822417344928e-02	-9.114298310381e-01
-1.202596701368e-01	9.795032665578e-02	-9.878984488532e-01
1.136586440848e-01	9.600552807001e-02	-9.888703915098e-01
4.159219383286e-01	-6.763203979121e-02	-9.068819374156e-01
5.218688108553e-01	-3.254574817001e-01	-7.884988090428e-01
4.956133136614e-01	-5.441106775491e-01	-6.769867161907e-01
6.109936190443e-01	-3.284191247934e-01	-7.202969359626e-01
7.746259660088e-01	5.816956918086e-02	-6.297387664788e-01
7.673008766484e-01	5.348810358839e-01	-3.537677799720e-01
4.222034294727e-01	8.969831622131e-01	-1.310170631929e-01
5.185377724885e-02	9.944573364989e-01	-9.146470176281e-02
-2.030733769307e-02	9.957674555475e-01	-8.963697065550e-02
-3.813467736483e-01	9.171719422195e-01	-1.156298691223e-01
-7.677081856167e-01	5.330777222454e-01	-3.556012989048e-01
-7.606446885542e-01	2.720018632337e-02	-6.485983407612e-01
-6.242737603570e-01	-2.913180352087e-01	-7.248558991219e-01
-5.155531637607e-01	-4.860881534903e-01	-7.056367637621e-01
-5.243663801795e-01	-3.877249615343e-01	-7.580958076264e-01
-3.829117212905e-01	-7.907573715166e-02	-9.203942858864e-01
-1.036381271568e-01	7.281679258898e-02	-9.919459931450e-01
1.145409494813e-01	6.469305782191e-02	-9.913098300539e-01
4.104195013328e-01	-9.759112262914e-02	-9.066596967494e-01
4.963075777512e-01	-3.397937487567e-01	-7.988860973710e-01
4.497119502826e-01	-5.727199744784e-01	-6.853838286730e-01
5.742033409542e-01	-3.490759330323e-01	-7.405649979676e-01
7.469280813643e-01	3.756676689933e-02	-6.638427368694e-01
7.574576499411e-01	5.140874408074e-01	-4.024574657647e-01
4.257560613411e-01	8.897577633593e-01	-1.645080507850e-01
5.665240665774e-02	9.908874293988e-01	-1.221990469656e-01
-1.673993647160e-02	9.927125791039e-01	-1.193377970964e-01
-3.788981734076e-01	9.136106094652e-01	-1.474850109708e-01
-7.521118107790e-01	5.350370144459e-01	-3.847898351821e-01
-7.393767280994e-01	2.759778777937e-02	-6.727261077547e-01
-5.952999440551e-01	-2.935408642622e-01	-7.479650644356e-01
-4.900576308994e-01	-4.931627067533e-01	-7.187726087331e-01
-4.986409377550e-01	-3.961379263624e-01	-7.709941364836e-01
-3.703481157668e-01	-1.069345550746e-01	-9.227173316238e-01
-9.792637806189e-02	4.415748497665e-02	-9.942135288761e-01
1.033843256151e-01	3.427224017258e-02	-9.940508511996e-01
3.858843040187e-01	-1.131297461709e-01	-9.155844933393e-01
4.699471734561e-01	-3.535459371620e-01	-8.087984449026e-01
4.317030531436e-01	-5.528655068420e-01	-7.127216884948e-01
5.619374007898e-01	-3.217322004570e-01	-7.620464216717e-01
7.323635047524e-01	6.604407065581e-02	-6.777033847031e-01
7.347746497637e-01	5.352409058813e-01	-4.166813971561e-01
4.062011632599e-01	8.937306019724e-01	-1.903844165478e-01
4.225352135812e-02	9.874478178206e-01	-1.521888531207e-01
-2.729516535452e-02	9.882081303709e-01	-1.506640800496e-01
-3.759002288539e-01	9.091952606292e-01	-1.790614307913e-01
-7.307831517938e-01	5.544837058361e-01	-3.981253634429e-01
-7.235104544474e-01	5.129953798195e-02	-6.884046627589e-01
-5.821151621952e-01	-2.705864270273e-01	-7.667626252310e-01
-4.698415989291e-01	-4.789043627043e-01	-7.415520772667e-01
-4.712757243249e-01	-4.050511562813e-01	-7.834747937600e-01
-3.490260678929e-01	-1.287528990629e-01	-9.282259934489e-01
-9.701409989596e-02	1.370652480676e-02	-9.951886231258e-01
9.374113292283e-02	6.558645877390e-03	-9.955750017767e-01
3.596407463384e-01	-1.331611247116e-01	-9.235402798139e-01
4.416616205040e-01	-3.510638389636e-01	-8.256447141150e-01
4.131885794118e-01	-5.384507124288e-01	-7.344018165340e-01
5.479112242247e-01	-2.980304425600e-01	-7.816464326510e-01
7.154837450854e-01	9.070192062128e-02	-6.927165164150e-01
7.124604494316e-01	5.533699444706e-01	-4.314879054531e-01
3.936513572602e-01	8.928631516906e-01	-2.187098563859e-01
3.666806835807e-02	9.825829822188e-01	-1.821706228153e-01
-3.315058989399e-02	9.828910786665e-01	-1.811799267788e-01
-3.719497756685e-01	9.042529784437e-01	-2.097138892774e-01
-7.114349430286e-01	5.631079391704e-01	-4.204399727442e-01
-7.029458051389e-01	6.196834556561e-02	-7.085387210206e-01
-5.611024331309e-01	-2.602102922835e-01	-7.857828347096e-01
-4.450995089494e-01	-4.758004511797e-01	-7.586173988186e-01
-4.446018046731e-01	-4.144235919403e-01	-7.940921367982e-01
-3.292816157645e-01	-1.529983853975e-01	-9.317537827051e-01
-9.429714014858e-02	-1.628277213313e-02	-9.954109305666e-01
8.175996775568e-02	-2.103146132833e-02	-9.964301206341e-01
3.354951779235e-01	-1.535392563301e-01	-9.294453627598e-01
4.133213358893e-01	-3.519964870658e-01	-8.397999442677e-01
3.906415576866e-01	-5.305583134901e-01	-7.522679372369e-01
5.302211630018e-01	-2.800493613477e-01	-8.002736241522e-01
6.958490376790e-01	1.090628807520e-01	-7.098587217209e-01
6.903861614741e-01	5.685461756247e-01	-4.473501919388e-01
3.727078015577e-01	8.955876592638e-01	-2.429231138289e-01
2.079916858981e-02	9.771512653149e-01	-2.115249377250e-01
-4.444217569532e-02	9.763616571526e-01	-2.115249570659e-01
-3.746691592950e-01	8.950271912241e-01	-2.419697254673e-01
-6.947113034316e-01	5.588917401450e-01	-4.527871770291e-01
-6.768364343078e-01	5.838561077278e-02	-7.338143918241e-01
-5.334517020357e-01	-2.613587206126e-01	-8.044382516732e-01
-4.104556191303e-01	-4.855949731591e-01	-7.718313978888e-01
-4.173110993254e-01	-4.423548672205e-01	-7.938347547356e-01
-3.200834941211e-01	-1.832370257519e-01	-9.295002685233e-01
-8.394144420125e-02	-4.640350581489e-02	-9.953896466176e-01
9.496812336789e-02	-5.998219657865e-02	-9.936715713140e-01
3.386604143789e-01	-1.850990158246e-01	-9.225223455687e-01
3.966194928337e-01	-4.268351665869e-01	-8.127144138436e-01
3.342931921128e-01	-5.813763915794e-01	-7.417880782415e-01
4.861368990915e-01	-3.135569188103e-01	-8.156917150541e-01
6.612820214369e-01	6.572284536036e-02	-7.472526987051e-01
6.769100476413e-01	5.615103431452e-01	-4.759190287677e-01
4.437975307705e-01	8.407736548548e-01	-3.100700130360e-01
6.926463655546e-02	9.732731096372e-01	-2.189563065544e-01

Hair-21
-9.016730345890e-02	9.958088338821e-01	1.531743285762e-02
-5.505741172724e-01	8.328182762861e-01	-5.728752109801e-02
-8.237068382570e-01	4.326531941297e-01	-3.664945541451e-01
-7.866611779657e-01	-1.156482259964e-01	-6.064566587198e-01
-6.228128102648e-01	-4.289381098450e-01	-6.543059691709e-01
-5.316885151496e-01	-5.948032932698e-01	-6.029231834765e-01
-6.043773176816e-01	-4.381901801720e-01	-6.653701405029e-01
-4.942928263308e-01	-4.044587665615e-02	-8.683540366115e-01
-1.557102877650e-01	1.398447331605e-01	-9.778536479921e-01
9.655242201158e-02	1.595530875627e-01	-9.824563308631e-01
4.567320833306e-01	-1.476714779035e-02	-8.894817229166e-01
5.784429459837e-01	-3.368047687877e-01	-7.429443491700e-01
5.222609787408e-01	-5.696864467600e-01	-6.345871275583e-01
6.325121251834e-01	-3.793793402821e-01	-6.752775189973e-01
8.041617891118e-01	7.332768704330e-03	-5.943652474999e-01
8.075509511431e-01	4.881780257408e-01	-3.309738305238e-01
4.384355999566e-01	8.958996266689e-01	-7.168042707193e-02
4.269127082215e-02	9.986533432629e-01	-2.947804921469e-02
-2.006423883383e-02	9.994247110188e-01	-2.734361580155e-02
-3.949285730023e-01	9.168149965041e-01	-5.900579981282e-02
-8.056348002354e-01	4.996174865438e-01	-3.183314872728e-01
-7.944017253666e-01	-1.289967635835e-02	-6.072557097998e-01
-6.503984745460e-01	-3.320020483519e-01	-6.831957729658e-01
-5.481471436640e-01	-5.149755601185e-01	-6.590408798956e-01
-5.794137977743e-01	-3.917719051395e-01	-7.146988353790e-01
-4.471403422303e-01	-4.245646912430e-02	-8.934556298886e-01
-1.314250236763e-01	1.205371085753e-01	-9.839706645058e-01
1.027539758438e-01	1.241206185594e-01	-9.869324660263e-01
4.324586225332e-01	-3.501783839759e-02	-9.009735239121e-01
5.496177436215e-01	-3.282406299595e-01	-7.682307106203e-01
5.058439917806e-01	-5.573695732798e-01	-6.583775624680e-01
6.203747626877e-01	-3.561073982382e-01	-6.988008834712e-01
7.897730164159e-01	3.104088090251e-02	-6.126132925869e-01
7.891628590111e-01	5.055119993891e-01	-3.488260317567e-01
4.235262170531e-01	9.004515309756e-01	-9.905848692778e-02
2.798789056216e-02	9.979230216167e-01	-5.802000438885e-02
-2.566502557830e-02	9.980051455835e-01	-5.768046333842e-02
-3.998068844713e-01	9.119296268450e-01	-9.240568603592e-02
-7.917452479584e-01	5.006334009325e-01	-3.500080859153e-01
-7.739816390508e-01	-8.462826444999e-03	-6.331514850182e-01
-6.286886833060e-01	-3.283368811077e-01	-7.049435665267e-01
-5.248659408062e-01	-5.140810358602e-01	-6.784072764575e-01
-5.523659979369e-01	-3.976478156384e-01	-7.326445379863e-01
-4.210076207766e-01	-6.181225780651e-02	-9.049485223110e-01
-1.250415754459e-01	9.217566879788e-02	-9.878604407970e-01
1.008997296873e-01	9.450094775235e-02	-9.903983115004e-01
4.096169227412e-01	-5.809398005604e-02	-9.104059897020e-01
5.219490783999e-01	-3.267061447070e-01	-7.879290923479e-01
4.892840399238e-01	-5.459513029816e-01	-6.801016858151e-01
6.066933650128e-01	-3.345051427630e-01	-7.211306887898e-01
7.737573780065e-01	5.460953041334e-02	-6.311238540639e-01
7.710498132349e-01	5.180869724905e-01	-3.702270579605e-01
4.179159321513e-01	8.991310176395e-01	-1.300372514808e-01
2.430216206659e-02	9.957306861804e-01	-8.904945545979e-02
-2.528218357729e-02	9.958097762385e-01	-8.788458762146e-02
-3.939980766128e-01	9.112950286412e-01	-1.196113974473e-01
-7.751531141579e-01	5.093189499324e-01	-3.738072455840e-01
-7.539858875875e-01	5.168809193930e-03	-6.568702799871e-01
-6.103200617185e-01	-3.171243047084e-01	-7.259074304807e-01
-5.049449085340e-01	-5.079890457322e-01	-6.978379244221e-01
-5.247607668948e-01	-3.991877272482e-01	-7.518479207542e-01
-3.892301057058e-01	-8.275326237348e-02	-9.174158393983e-01
-1.079584463924e-01	7.169260032688e-02	-9.915670148361e-01
1.073122260011e-01	6.426434712596e-02	-9.921462492189e-01
4.028390972830e-01	-8.990256592138e-02	-9.108447674225e-01
4.958379144077e-01	-3.236106650796e-01	-8.058665522793e-01
4.575723498318e-01	-5.614748543711e-01	-6.894733733643e-01
5.801919774482e-01	-3.364436161876e-01	-7.417431916987e-01
7.495346302561e-01	4.747034856805e-02	-6.602608606102e-01
7.572283503765e-01	5.147189510290e-01	-4.020816171347e-01
4.157235581348e-01	8.953027196600e-01	-1.600217590865e-01
3.667583085170e-02	9.921195334873e-01	-1.198069893798e-01
-2.433247057625e-02	9.924901624717e-01	-1.198799744435e-01
-3.855784670963e-01	9.105028396483e-01	-1.493781265915e-01
-7.562055449066e-01	5.208869289426e-01	-3.960176525223e-01
-7.355564540964e-01	1.325606580573e-02	-6.773337283470e-01
-5.884496792064e-01	-3.066293702157e-01	-7.481346164716e-01
-4.820479335062e-01	-5.050308953320e-01	-7.159424450069e-01
-4.986233654680e-01	-3.975447432771e-01	-7.702810633153e-01
-3.688595505409e-01	-1.059667848830e-01	-9.234249685147e-01
-9.573503033959e-02	4.459507903206e-02	-9.944074028747e-01
1.042627271359e-01	3.101971513351e-02	-9.940659238719e-01
3.854555407066e-01	-1.106958710944e-01	-9.160624707198e-01
4.691292927746e-01	-3.555077314328e-01	-8.084132356365e-01
4.263540912667e-01	-5.636871676272e-01	-7.074453801620e-01
5.564372342789e-01	-3.349782011670e-01	-7.603730722816e-01
7.296136454571e-01	5.550184295221e-02	-6.816036045912e-01
7.379848540068e-01	5.197772226163e-01	-4.303603073076e-01
4.129074445762e-01	8.902015515863e-01	-1.924802321458e-01
4.080980917928e-02	9.876598824981e-01	-1.512035580882e-01
-1.171078129303e-02	9.888096724746e-01	-1.487221880625e-01
-3.699496145183e-01	9.119186576721e-01	-1.775996748513e-01
-7.329577524951e-01	5.458611370218e-01	-4.059661958175e-01
-7.229120531982e-01	4.756242509844e-02	-6.893010801236e-01
-5.789968600546e-01	-2.758726898952e-01	-7.672397897769e-01
-4.654885961120e-01	-4.817110476905e-01	-7.424788437542e-01
-4.715416075006e-01	-4.059809325263e-01	-7.828333122835e-01
-3.487447322684e-01	-1.267262679112e-01	-9.286105560117e-01
-9.834907157455e-02	1.189301157970e-02	-9.950809094722e-01
9.159905241347e-02	4.069582915087e-03	-9.957876541170e-01
3.578088068685e-01	-1.301030461665e-01	-9.246870038589e-01
4.418547574697e-01	-3.551711686883e-01	-8.237826255961e-01
4.073429618188e-01	-5.492956400568e-01	-7.296204569989e-01
5.420651801830e-01	-3.106982839797e-01	-7.807892908879e-01
7.128037907645e-01	7.943833698701e-02	-6.968502755172e-01
7.160278502557e-01	5.379995123184e-01	-4.448152902087e-01
4.017703209378e-01	8.885981909652e-01	-2.213003936439e-01
2.892050376082e-02	9.832764508359e-01	-1.798083026272e-01
-1.976322412681e-02	9.836172931318e-01	-1.791826878471e-01
-3.711819216618e-01	9.043297225512e-01	-2.107409166295e-01
-7.148193199486e-01	5.512125237549e-01	-4.303464807384e-01
-7.000668013953e-01	5.271376766055e-02	-7.121290137911e-01
-5.556270005380e-01	-2.713309728754e-01	-7.859122975445e-01
-4.366627966580e-01	-4.844467462132e-01	-7.580481199094e-01
-4.443637318817e-01	-4.232991334043e-01	-7.895306944301e-01
-3.316597130204e-01	-1.493233235561e-01	-9.315065108744e-01
-9.589888483751e-02	-1.992513949291e-02	-9.951916361702e-01
8.250148401694e-02	-2.396502205878e-02	-9.963027566221e-01
3.338148723619e-01	-1.526481389256e-01	-9.301968483459e-01
4.139796300387e-01	-3.584435670233e-01	-8.367431357189e-01
3.862512111259e-01	-5.393402013565e-01	-7.482794592293e-01
5.243542172265e-01	-2.898854979676e-01	-8.006366547597e-01
6.930851732561e-01	9.838461969259e-02	-7.141102220389e-01
6.949172231823e-01	5.551842775802e-01	-4.570125499943e-01
3.921096896758e-01	8.852483810342e-01	-2.501705321148e-01
3.199632236380e-02	9.770808048172e-01	-2.104503176832e-01
-2.645866653009e-02	9.772125054496e-01	-2.106078302401e-01
-3.664422930721e-01	8.987227367660e-01	-2.408681968793e-01
-6.970447877815e-01	5.462210055408e-01	-4.645117618884e-01
-6.751658899516e-01	4.887496429461e-02	-7.360450114709e-01
-5.267085439667e-01	-2.765417476710e-01	-8.038051825583e-01
-4.036895985696e-01	-4.937317914494e-01	-7.702360846642e-01
-4.166628125061e-01	-4.377083540741e-01	-7.967455663185e-01
-3.082032922312e-01	-1.710971236665e-01	-9.358079423316e-01
-5.490980133304e-02	-4.532720357986e-02	-9.974619583389e-01
1.349202213715e-01	-8.723256453030e-02	-9.870091253634e-01
3.362202748806e-01	-1.892751476635e-01	-9.225675288217e-01
3.977965905717e-01	-4.494687314700e-01	-7.998348154214e-01
3.102034865547e-01	-6.262276032399e-01	-7.152711275242e-01
4.601656131092e-01	-3.639176088640e-01	-8.098219449179e-01
6.499843809240e-01	1.701714154444e-02	-7.597570147413e-01
6.740485836261e-01	5.141867443224e-01	-5.303494120622e-01
4.952459430722e-01	8.072313108229e-01	-3.211060053902e-01
6.611480360481e-02	9.805027507648e-01	-1.850491515432e-01

Hair-22
-2.591970051152e-02	9.987791232942e-01	4.205272877007e-02
-5.565072831110e-01	8.266231604146e-01	-8.362890953821e-02
-8.307334872362e-01	4.642030372909e-01	-3.072416204786e-01
-7.954258459549e-01	-6.871065060336e-02	-6.021433135729e-01
-6.473628687886e-01	-3.811368812838e-01	-6.600424182120e-01
-5.523492323521e-01	-5.577663305476e-01	-6.195216267634e-01
-6.045083571857e-01	-4.091898400625e-01	-6.834715216322e-01
-4.645663725863e-01	-2.967482910677e-02	-8.850409538431e-01
-1.487739263126e-01	1.513340523956e-01	-9.772227603955e-01
1.229154759113e-01	1.573407131224e-01	-9.798651365242e-01
4.674004977500e-01	-2.744527279946e-02	-8.836195627667e-01
5.749521530148e-01	-3.324463140230e-01	-7.476024812934e-01
5.392609001158e-01	-5.482256793083e-01	-6.392544768348e-01
6.435419445592e-01	-3.538789528177e-01	-6.786924578523e-01
8.090178046131e-01	3.284347348605e-02	-5.868658262911e-01
8.012253175527e-01	5.118340676179e-01	-3.099417328118e-01
4.344697368919e-01	8.979841563279e-01	-6.971730566489e-02
5.034925712863e-02	9.982664824507e-01	-3.047921131196e-02
-2.739404291507e-02	9.991989384374e-01	-2.917272421817e-02
-3.956822346622e-01	9.166564039034e-01	-5.636139064691e-02
-8.000792361416e-01	5.182754351288e-01	-3.020989725853e-01
-7.972291477301e-01	1.164298031165e-02	-6.035645176938e-01
-6.625690462554e-01	-3.095464843307e-01	-6.820434245579e-01
-5.620256855552e-01	-4.932919267438e-01	-6.639203293963e-01
-5.767712388360e-01	-3.863013215758e-01	-7.197959620617e-01
-4.382106642055e-01	-4.862998922636e-02	-8.975558689711e-01
-1.435017263364e-01	1.260013149516e-01	-9.815961100009e-01
1.139089188781e-01	1.285942675160e-01	-9.851336318297e-01
4.308217433104e-01	-4.434526767131e-02	-9.013468381961e-01
5.486471364088e-01	-3.263706804610e-01	-7.697197533166e-01
5.108812749971e-01	-5.552654314345e-01	-6.562626177921e-01
6.214150743495e-01	-3.528746386168e-01	-6.995161147481e-01
7.886280559101e-01	3.414290923668e-02	-6.139218608099e-01
7.893854110645e-01	5.079077149370e-01	-3.448194105703e-01
4.316918449606e-01	8.963036111066e-01	-1.014001366461e-01
4.594018428541e-02	9.971098789191e-01	-6.050941108425e-02
-2.478173898870e-02	9.979461744855e-01	-5.907028222749e-02
-3.955903988942e-01	9.142091253637e-01	-8.791991472037e-02
-7.877532576280e-01	5.156686564084e-01	-3.369430840578e-01
-7.763769620223e-01	1.238087164654e-02	-6.301472263355e-01
-6.376634293529e-01	-3.098384379777e-01	-7.052556226061e-01
-5.349056948351e-01	-4.973979001443e-01	-6.829869885767e-01
-5.506244043468e-01	-3.906098981667e-01	-7.377239814401e-01
-4.179931174573e-01	-6.851623214535e-02	-9.058627267367e-01
-1.260168572245e-01	9.958647998774e-02	-9.870168614056e-01
1.008656616598e-01	1.015007275483e-01	-9.897089070050e-01
4.162065262478e-01	-6.850381774485e-02	-9.066859183108e-01
5.221752087421e-01	-3.257332865961e-01	-7.881820077738e-01
4.875175542016e-01	-5.524166503464e-01	-6.761379140126e-01
6.035246834390e-01	-3.393633298715e-01	-7.215195678694e-01
7.705986568001e-01	4.895626379019e-02	-6.354376400353e-01
7.724270181741e-01	5.175812571289e-01	-3.680572562300e-01
4.160289532306e-01	9.003439976469e-01	-1.276737873451e-01
3.447961468354e-02	9.952946573219e-01	-9.055220194913e-02
-3.504651687267e-02	9.953132750052e-01	-9.012894237478e-02
-3.994031217161e-01	9.089376508800e-01	-1.196222938091e-01
-7.787484334814e-01	4.945962024597e-01	-3.859086340867e-01
-7.484727349954e-01	-9.230685516158e-03	-6.631013191160e-01
-6.013243077823e-01	-3.324687364964e-01	-7.265491147353e-01
-4.949747829637e-01	-5.243757041752e-01	-6.928420347386e-01
-5.250032952819e-01	-4.100357962582e-01	-7.458164557919e-01
-4.027790792084e-01	-9.319581360261e-02	-9.105402537389e-01
-1.165844906053e-01	7.064132698962e-02	-9.906653620025e-01
8.210194827789e-02	7.335725232305e-02	-9.939205117214e-01
3.904859649399e-01	-8.774922693100e-02	-9.164173636275e-01
4.971714735890e-01	-3.470094438842e-01	-7.952389400076e-01
4.434223126948e-01	-5.822727128967e-01	-6.814214117712e-01
5.665723226644e-01	-3.623827083384e-01	-7.400503873980e-01
7.412223687270e-01	1.851958075233e-02	-6.710040426313e-01
7.620786750084e-01	4.956165812130e-01	-4.166536901603e-01
4.195731908671e-01	8.935825809892e-01	-1.595885599228e-01
4.266922072267e-02	9.917482518648e-01	-1.208914493500e-01
-3.344934688788e-02	9.921147071985e-01	-1.207872052545e-01
-3.918557198757e-01	9.077317528206e-01	-1.499071703487e-01
-7.622262266380e-01	4.969612632810e-01	-4.147778709421e-01
-7.249800788917e-01	-1.699137526364e-02	-6.885602213146e-01
-5.737706355517e-01	-3.370478085942e-01	-7.464489483552e-01
-4.646449576316e-01	-5.321867184655e-01	-7.077304289321e-01
-4.985731862477e-01	-4.200188990719e-01	-7.582934144361e-01
-3.669795248962e-01	-1.044393124869e-01	-9.243475852266e-01
-8.065751762481e-02	4.718324634056e-02	-9.956244804721e-01
1.014050604681e-01	3.822418768472e-02	-9.941106201964e-01
3.897012391541e-01	-1.209699277892e-01	-9.129617849463e-01
4.699294229221e-01	-3.627887228072e-01	-8.047053374223e-01
4.192393492507e-01	-5.769941479166e-01	-7.009394562370e-01
5.490229417639e-01	-3.483866053697e-01	-7.597371799615e-01
7.252630202485e-01	4.079409575634e-02	-6.872622448611e-01
7.404736650893e-01	5.113212645925e-01	-4.361757853031e-01
4.079761565268e-01	8.931427569911e-01	-1.893448476719e-01
3.972141478097e-02	9.875835165152e-01	-1.519901546653e-01
-2.879178332024e-02	9.881916613384e-01	-1.504934339911e-01
-3.759317820412e-01	9.095568937301e-01	-1.771483906766e-01
-7.378517696111e-01	5.295503368866e-01	-4.185107009206e-01
-7.144914704098e-01	2.503187984325e-02	-6.991962125921e-01
-5.682516510632e-01	-2.988335060282e-01	-7.666737224783e-01
-4.538270954381e-01	-5.046021480979e-01	-7.344505698692e-01
-4.721485893563e-01	-4.199445149484e-01	-7.750627806401e-01
-3.526956284758e-01	-1.308738489386e-01	-9.265407866457e-01
-8.674730919392e-02	1.527898002579e-02	-9.961131748536e-01
8.438413515583e-02	1.115666717082e-02	-9.963708378469e-01
3.623805006589e-01	-1.386915423687e-01	-9.216534212043e-01
4.428246042241e-01	-3.616408958344e-01	-8.204402673893e-01
4.027484562479e-01	-5.592824586608e-01	-7.245666376698e-01
5.376411199529e-01	-3.191545003927e-01	-7.804373331760e-01
7.090392988928e-01	7.025501538756e-02	-7.016605343316e-01
7.173651877282e-01	5.361467236131e-01	-4.448976041682e-01
3.881407967391e-01	8.965029065380e-01	-2.136100664194e-01
2.564082467441e-02	9.831676946567e-01	-1.808972976397e-01
-4.032135222177e-02	9.824968327801e-01	-1.818630312410e-01
-3.797559229722e-01	9.004787786940e-01	-2.119514286090e-01
-7.205026826212e-01	5.282892886561e-01	-4.492063132091e-01
-6.906373806046e-01	2.286261577105e-02	-7.228397535497e-01
-5.414406926474e-01	-3.006811651233e-01	-7.851323539924e-01
-4.220075705238e-01	-5.133386372693e-01	-7.472570199784e-01
-4.452822395887e-01	-4.427507401282e-01	-7.782644211467e-01
-3.357686361752e-01	-1.558959595817e-01	-9.289541822647e-01
-8.103434151562e-02	-1.461600668477e-02	-9.966041379824e-01
7.823118479249e-02	-1.883941755512e-02	-9.967572212290e-01
3.469214570950e-01	-1.639345593257e-01	-9.234559885916e-01
4.167458740857e-01	-3.826852794228e-01	-8.245452403268e-01
3.702007387059e-01	-5.678961408489e-01	-7.351499073458e-01
5.112657507034e-01	-3.204998266788e-01	-7.974253527802e-01
6.850308960857e-01	6.686543214937e-02	-7.254389604863e-01
6.989595800249e-01	5.354818466284e-01	-4.740408183089e-01
3.864447496083e-01	8.886872936618e-01	-2.467698311875e-01
3.560045899355e-02	9.766075684446e-01	-2.120619357077e-01
-2.752602646918e-02	9.772403590115e-01	-2.103416235220e-01
-3.614777256406e-01	9.020699308361e-01	-2.358043548095e-01
-6.971449837010e-01	5.494414082984e-01	-4.605464260502e-01
-6.733039595526e-01	4.759617919096e-02	-7.378322179041e-01
-5.250129883025e-01	-2.760677655438e-01	-8.050763634223e-01
-4.018329744439e-01	-4.980709247233e-01	-7.684110973917e-01
-4.170141929496e-01	-4.457070559051e-01	-7.921138700938e-01
-3.128511077785e-01	-1.785831160732e-01	-9.328623987574e-01
-5.376737804748e-02	-4.573905707976e-02	-9.975053923239e-01
1.167856042929e-01	-7.435026110700e-02	-9.903702142650e-01
3.494647539089e-01	-1.926243603776e-01	-9.169352439319e-01
4.017666168417e-01	-4.629477316114e-01	-7.901031473089e-01
3.144885021382e-01	-6.208894350827e-01	-7.180482514605e-01
4.633071757631e-01	-3.578953503371e-01	-8.107141167474e-01
6.493588615793e-01	3.147555206052e-02	-7.598304801144e-01
6.811006240698e-01	5.349918207251e-01	-4.998856785795e-01
4.342259290246e-01	8.542269264719e-01	-2.859094273594e-01
1.243570008742e-01	9.606722552564e-01	-2.482824083866e-01

Hair-23
-2.146377952789e-01	9.763666082503e-01	-2.527574195940e-02
-4.907298699876e-01	8.707382794765e-01	-3.160764711740e-02
-8.394710236064e-01	3.895280010250e-01	-3.788882908493e-01
-7.648728007040e-01	-1.424109118799e-01	-6.282425733113e-01
-6.193544910658e-01	-4.328374383064e-01	-6.550204320454e-01
-5.354985487141e-01	-5.932630853112e-01	-6.010658998247e-01
-6.046571284686e-01	-4.220373915106e-01	-6.754807156085e-01
-4.606767744248e-01	-3.445292798199e-02	-8.868990389323e-01
-1.291221297993e-01	1.608663596367e-01	-9.784934797602e-01
9.689554251704e-02	1.624034827325e-01	-9.819553771107e-01
4.431970690165e-01	-1.640054947819e-02	-8.962741656391e-01
5.783659450636e-01	-3.413617384179e-01	-7.409217213276e-01
5.203167518432e-01	-5.789195725293e-01	-6.277918494962e-01
6.257697519624e-01	-3.876584271919e-01	-6.768553474385e-01
8.001784899281e-01	-5.672757714912e-04	-5.997616713784e-01
8.119868208039e-01	4.735028117284e-01	-3.412806618108e-01
4.525608079131e-01	8.883905175185e-01	-7.714274770943e-02
5.509413924909e-02	9.980310622657e-01	-2.997723424995e-02
-1.672786000042e-02	9.994814911422e-01	-2.751231658852e-02
-3.940098242376e-01	9.175824486444e-01	-5.290281981238e-02
-8.078633196459e-01	4.935321419758e-01	-3.221535062784e-01
-7.911569210457e-01	-9.815678916017e-03	-6.115344460689e-01
-6.500002240439e-01	-3.251611188963e-01	-6.868551197312e-01
-5.590765155613e-01	-5.005783976888e-01	-6.609498600614e-01
-5.782107728119e-01	-3.633334308959e-01	-7.305211291931e-01
-4.199239924198e-01	-3.939036827694e-02	-9.067040528625e-01
-1.098674497802e-01	1.366403821686e-01	-9.845092937294e-01
6.813045839610e-02	1.388988625720e-01	-9.879601948535e-01
3.993453148765e-01	-2.066079824322e-02	-9.165677557618e-01
5.467812589990e-01	-3.025544271827e-01	-7.806990927366e-01
5.178845156781e-01	-5.414510794164e-01	-6.622887263268e-01
6.253280400324e-01	-3.381578726525e-01	-7.032880601235e-01
7.901030032682e-01	3.926996685171e-02	-6.117148959524e-01
7.892036780361e-01	5.085085325609e-01	-3.443495707664e-01
4.114974814971e-01	9.067225348574e-01	-9.232587667173e-02
1.812739900291e-02	9.981272568524e-01	-5.842410918267e-02
-4.642731325933e-02	9.970826335472e-01	-6.058652046474e-02
-4.086924208688e-01	9.081880203355e-01	-9.036052702113e-02
-7.959966514731e-01	4.845582591359e-01	-3.627569769788e-01
-7.671620575076e-01	-2.552903475179e-02	-6.409451192617e-01
-6.201151246404e-01	-3.424815987536e-01	-7.058070463713e-01
-5.209666923854e-01	-5.237067510611e-01	-6.740363078634e-01
-5.523206527685e-01	-3.912545203483e-01	-7.361126251005e-01
-4.095438867345e-01	-6.506123036291e-02	-9.099674945524e-01
-1.222701754432e-01	1.017053894931e-01	-9.872720080835e-01
5.368031640355e-02	1.104693210397e-01	-9.924288149484e-01
3.711705677496e-01	-3.575642917265e-02	-9.278760086398e-01
5.183651489408e-01	-3.023555967627e-01	-7.999241623241e-01
4.928237254396e-01	-5.387376391447e-01	-6.832909569230e-01
6.075549114264e-01	-3.247179147563e-01	-7.248691643586e-01
7.719521919784e-01	5.053078986912e-02	-6.336690402528e-01
7.715963608287e-01	5.178068517230e-01	-3.694795261778e-01
3.912300176426e-01	9.129325191457e-01	-1.161606163106e-01
8.404843516648e-03	9.960111469325e-01	-8.883216642451e-02
-5.758584944974e-02	9.941296263601e-01	-9.159779438552e-02
-4.127888399239e-01	9.024885959807e-01	-1.229622208606e-01
-7.821243037811e-01	4.799023790731e-01	-3.974610421097e-01
-7.428805888574e-01	-3.400059740590e-02	-6.685599375336e-01
-5.897753345789e-01	-3.531572675220e-01	-7.262540871614e-01
-4.840511340317e-01	-5.400608879806e-01	-6.884974487362e-01
-5.283131990437e-01	-4.193124506962e-01	-7.382833009133e-01
-3.992580382942e-01	-9.862666432533e-02	-9.115184035122e-01
-1.274892153742e-01	6.892284171834e-02	-9.894423388216e-01
4.762083377121e-02	8.048881701448e-02	-9.956172992303e-01
3.551939812987e-01	-5.917151272658e-02	-9.329179855329e-01
4.952210109106e-01	-3.210873949924e-01	-8.072540090515e-01
4.558338613195e-01	-5.595564893133e-01	-6.921791864409e-01
5.785435672784e-01	-3.387209437996e-01	-7.419942472771e-01
7.472687385746e-01	3.361253533375e-02	-6.636713266501e-01
7.574516368752e-01	5.111085923337e-01	-4.062450302930e-01
4.080167436357e-01	8.998643499940e-01	-1.541638366245e-01
3.791635861623e-02	9.919675906535e-01	-1.206758005669e-01
-2.312904576954e-02	9.926803584410e-01	-1.185358730818e-01
-3.733727231580e-01	9.165350332199e-01	-1.433748321088e-01
-7.567296637640e-01	5.191464171421e-01	-3.972999037857e-01
-7.338955612148e-01	7.002536224159e-03	-6.792262286717e-01
-5.877003378860e-01	-3.077364003123e-01	-7.482690831322e-01
-4.801094148388e-01	-5.051534863550e-01	-7.171575175696e-01
-5.008328913159e-01	-3.907190164345e-01	-7.723374037121e-01
-3.499168022591e-01	-9.688546976633e-02	-9.317571771899e-01
-8.775105919467e-02	4.858863286495e-02	-9.949567309017e-01
7.016769453365e-02	4.250202412493e-02	-9.966293556730e-01
3.541463766573e-01	-9.476952451517e-02	-9.303757741492e-01
4.701091722576e-01	-3.428766627148e-01	-8.132852883981e-01
4.229196467397e-01	-5.694720573045e-01	-7.048691710884e-01
5.533569105239e-01	-3.413751665931e-01	-7.597757071722e-01
7.261916038219e-01	3.929286502387e-02	-6.863685783140e-01
7.389113580555e-01	5.141402693409e-01	-4.355109509285e-01
4.057093202152e-01	8.946940516113e-01	-1.868756311078e-01
4.508794033367e-02	9.872314199477e-01	-1.527782743213e-01
-1.046234214556e-02	9.889562149159e-01	-1.478382371922e-01
-3.554666374884e-01	9.197374599174e-01	-1.665126855750e-01
-7.359503280522e-01	5.371332060774e-01	-4.121468592249e-01
-7.177214507211e-01	3.366881914321e-02	-6.955158731418e-01
-5.732921457436e-01	-2.805375757846e-01	-7.698277626856e-01
-4.627657916307e-01	-4.874054402556e-01	-7.404618551321e-01
-4.708924370142e-01	-3.959519026915e-01	-7.883415525760e-01
-3.314473881324e-01	-1.153867926980e-01	-9.363912200416e-01
-7.887447115436e-02	1.710136103251e-02	-9.967378598463e-01
6.470076399274e-02	1.841162475782e-02	-9.977348461453e-01
3.298496003127e-01	-1.203130275095e-01	-9.363354188457e-01
4.418955145269e-01	-3.397060638313e-01	-8.302578782748e-01
4.064564155110e-01	-5.525560309112e-01	-7.276503384137e-01
5.396738590523e-01	-3.109741389224e-01	-7.823344622200e-01
7.089933035725e-01	6.574668701684e-02	-7.021437663582e-01
7.177570698922e-01	5.337143629915e-01	-4.471842655509e-01
3.798412614162e-01	9.012199923317e-01	-2.086220063832e-01
2.198963631820e-02	9.835153681834e-01	-1.794825240562e-01
-3.700183621351e-02	9.826511073088e-01	-1.817351518601e-01
-3.677905283051e-01	9.070162081209e-01	-2.050651737741e-01
-7.193407614928e-01	5.314128688673e-01	-4.473804104531e-01
-6.929226869873e-01	2.849057751776e-02	-7.204487746196e-01
-5.451364363313e-01	-2.914243831155e-01	-7.860649430612e-01
-4.272496057380e-01	-5.030334642977e-01	-7.512756539336e-01
-4.472637048117e-01	-4.243578953149e-01	-7.873217608081e-01
-3.240853951307e-01	-1.509615047136e-01	-9.339053917596e-01
-9.628579916091e-02	-1.303229062494e-02	-9.952684081598e-01
4.925713429092e-02	-1.531587759019e-02	-9.986686931185e-01
3.087347687677e-01	-1.410948457310e-01	-9.406248386376e-01
4.143964468464e-01	-3.537798464187e-01	-8.385197702553e-01
3.804043943548e-01	-5.492309644111e-01	-7.440684407281e-01
5.159009736395e-01	-2.975235804257e-01	-8.033217938588e-01
6.873868190553e-01	7.668685718787e-02	-7.222316019974e-01
6.994398368403e-01	5.384750507765e-01	-4.699239665436e-01
3.708854065054e-01	8.982406245337e-01	-2.358130523923e-01
1.211675791409e-02	9.785319110235e-01	-2.057388715977e-01
-3.596894798384e-02	9.766713494511e-01	-2.117057154219e-01
-3.672988538972e-01	8.985111378439e-01	-2.403524226967e-01
-6.995495934515e-01	5.382318416900e-01	-4.700392014427e-01
-6.699987121611e-01	3.264434617452e-02	-7.416441682946e-01
-5.197478823258e-01	-2.876922045344e-01	-8.044223606216e-01
-3.973188780005e-01	-5.062509508435e-01	-7.654068747761e-01
-4.196005375281e-01	-4.466503488056e-01	-7.902144359717e-01
-3.010686313596e-01	-1.686410812615e-01	-9.385722481100e-01
-5.643281160665e-02	-4.322802217478e-02	-9.974701378352e-01
1.189875007875e-01	-6.956739525202e-02	-9.904556285741e-01
3.535021275721e-01	-2.209774902936e-01	-9.089583018959e-01
3.990482824887e-01	-4.812395429136e-01	-7.804927742004e-01
3.005276389210e-01	-6.495974772943e-01	-6.983596893703e-01
4.428455652785e-01	-4.067527365160e-01	-7.990244155530e-01
6.251502155935e-01	-2.810328552452e-02	-7.799983418483e-01
6.821455467659e-01	4.667810708309e-01	-5.628435705783e-01
4.715756277107e-01	8.269286757208e-01	-3.062766602598e-01
1.929749449145e-01	9.406103836754e-01	-2.793076740037e-01

Hair-24
-7.268177707002e-02	9.972821643280e-01	-1.206830540075e-02
-1.976584339273e-02	9.998046277940e-01	1.329538024424e-04
-4.262956167422e-02	9.990909447540e-01	-6.769099022741e-05
-1.725282452674e-02	9.998511379440e-01	2.049341872140e-04
-3.766286427277e-02	9.992902811403e-01	6.653369193081e-04
-1.507276509567e-02	9.998863875093e-01	1.543565410277e-04
-2.780618220887e-02	9.996132817993e-01	-3.210628133286e-04
-4.048654185542e-03	9.999917960646e-01	1.272901397575e-04
-3.108034622256e-02	9.995162708976e-01	-1.111885662554e-03
5.359593557803e-03	9.999856357397e-01	5.541877923965e-05
-1.989962317833e-02	9.998019828628e-01	7.808691776635e-06
2.612723719463e-03	9.999965832065e-01	8.514794545389e-05
-2.258610587748e-02	9.997448747281e-01	2.308161802851e-04
-5.898331759427e-03	9.999825947207e-01	1.412021684874e-04
-4.004967866433e-02	9.991970142581e-01	-1.161867672021e-03

Hair-25
9.999932504593e-01	-3.600739246048e-03	-7.305564126459e-04
9.998486087496e-01	-1.738487914202e-02	-7.249542824482e-04
9.991253608243e-01	-4.181442041271e-02	2.600060982237e-04
9.999386225741e-01	-1.103561957745e-02	-9.829471701192e-04
9.988540187500e-01	-4.785102822116e-02	-9.634962803201e-04
9.999485757400e-01	-1.011243234772e-02	7.645832691657e-04
9.995305964311e-01	-3.063596692754e-02	-1.559761019720e-04

Hair-26
9.984404652115e-01	5.582647883728e-02	2.041787624182e-04
9.988540779292e-01	4.785933462359e-02	-1.228562286442e-04
9.983515415172e-01	5.739511058456e-02	2.883151884019e-05
9.994355887005e-01	3.359228408420e-02	2.499778537209e-04
9.990317427695e-01	4.399508268254e-02	9.817675598888e-05
9.995296077180e-01	3.063402270737e-02	-1.456004073168e-03
9.999059762877e-01	1.371004370313e-02	2.707136494023e-04

